10111100000000011010101011111101111
10111100000000011100000011011101111
10111100000100011101011010111101111
10111100000100011110110010011101111
10111100000100100000001001111101111
10111100001000100001100000111101111
10111100001000100010111000011101111
10111100001100100100001111011101111
10111100010000100101100110111101111
10111100010100100110111101111101111
10111100011000101000010100111101111
10111100011100101001101011111101111
10111100100000101011000010011101111
10111100101000101100011001011101111
10111100101100101101101111111101111
10111100110100101111000110011101111
10111100110100000100111001111101111
10111100101100000110010000011101111
10111100101000000111100110111101111
10111100100000001000111101111101111
10111100011100001010010100011101111
10111100011000001011101011011101111
10111100010100001101000010011101111
10111100010000001110011001011101111
10111100001100001111110000111101111
10111100001000010001000111111101111
10111100001000010010011111011101111
10111100000100010011110110011101111
10111100000100010101001101111101111
10111100000100010110100101011101111
10111100000000010111111100111101111
10111100000000011001010100011101111
10111011101000011010101011111101111
10111011101000011100000011111101111
10111011101000011101011011011101111
10111011101000011110110011011101111
10111011101100100000001010111101111
10111011101100100001100010111101111
10111011110000100010111010011101111
10111011110100100100010001111101111
10111011110100100101101001011101111
10111011111000100111000000111101111
10111100000000101000010111111101111
10111100000100101001101111011101111
10111100001000101011000110011101111
10111100001100101100011101011101111
10111100010100101101110011111101111
10111100011000101111001010111101111
10111100011000000100110101011101111
10111100010100000110001100011101111
10111100001100000111100010111101111
10111100001000001000111001111101111
10111100000100001010010000111101111
10111100000000001011101000011101111
10111011111000001100111111011101111
10111011110100001110010110111101111
10111011110100001111101110011101111
10111011110000010001000101111101111
10111011101100010010011101011101111
10111011101100010011110101011101111
10111011101000010101001100111101111
10111011101000010110100100111101111
10111011101000010111111100011101111
10111011101000011001010100011101111
10111011001100011010101100011101111
10111011001100011100000100011101111
10111011001100011101011100011101111
10111011010000011110110100011101111
10111011010000100000001100011101111
10111011010100100001100100011101111
10111011010100100010111100011101111
10111011011000100100010011111101111
10111011011100100101101011111101111
10111011100000100111000011011101111
10111011100100101000011011011101111
10111011101000101001110010111101111
10111011101100101011001001111101111
10111011110100101100100001011101111
10111011111000101101111000011101111
10111100000000101111001111011101111
10111100000000000100110000111101111
10111011111000000110000111111101111
10111011110100000111011110111101111
10111011101100001000110110011101111
10111011101000001010001101011101111
10111011100100001011100100111101111
10111011100000001100111100111101111
10111011011100001110010100011101111
10111011011000001111101100011101111
10111011010100010001000011111101111
10111011010100010010011011111101111
10111011010000010011110011111101111
10111011010000010101001011111101111
10111011001100010110100011111101111
10111011001100010111111011111101111
10111011001100011001010011111101111
10111010110100011010101100011101111
10111010110100011100000100111101111
10111010110100011101011100111101111
10111010110100011110110101011101111
10111010111000100000001101111101111
10111010111000100001100101111101111
10111010111100100010111110011101111
10111011000000100100010110011101111
10111011000000100101101110011101111
10111011000100100111000110011101111
10111011001000101000011110011101111
10111011010000101001110110011101111
10111011010100101011001101111101111
10111011011000101100100101011101111
10111011100000101101111100111101111
10111011100100101111010011111101111
10111011100100000100101100011101111
10111011100000000110000011011101111
10111011011000000111011010111101111
10111011010100001000110010011101111
10111011010000001010001001111101111
10111011001000001011100001111101111
10111011000100001100111001111101111
10111011000000001110010001111101111
10111011000000001111101001111101111
10111010111100010001000001111101111
10111010111000010010011010011101111
10111010111000010011110010011101111
10111010110100010101001010111101111
10111010110100010110100011011101111
10111010110100010111111011011101111
10111010110100011001010011111101111
10111010011000011010101100011101111
10111010011000011100000101011101111
10111010011000011101011101111101111
10111010011100011110110110011101111
10111010011100100000001110111101111
10111010100000100001100111111101111
10111010100000100011000000011101111
10111010100100100100011000111101111
10111010101000100101110000111101111
10111010101100100111001001011101111
10111010110000101000100001011101111
10111010110100101001111001111101111
10111010111000101011010001011101111
10111011000000101100101001011101111
10111011000100101110000001011101111
10111011001100101111011000111101111
10111011001100000100100111011101111
10111011000100000101111110111101111
10111011000000000111010110111101111
10111010111000001000101110111101111
10111010110100001010000110111101111
10111010110000001011011110111101111
10111010101100001100110110111101111
10111010101000001110001111011101111
10111010100100001111100111011101111
10111010100000010000111111111101111
10111010100000010010011000011101111
10111010011100010011110001011101111
10111010011100010101001001111101111
10111010011000010110100010011101111
10111010011000010111111010111101111
10111010011000011001010011111101111
10111001111100011010101100111101111
10111010000000011100000101111101111
10111010000000011101011110011101111
10111010000000011110110111011101111
10111010000000100000010000011101111
10111010000100100001101001011101111
10111010001000100011000010011101111
10111010001000100100011010111101111
10111010001100100101110011111101111
10111010010000100111001100011101111
10111010010100101000100100111101111
10111010011100101001111101011101111
10111010100000101011010101011101111
10111010100100101100101101011101111
10111010101100101110000101011101111
10111010110000101111011101011101111
10111010110000000100100010111101111
10111010101100000101111010111101111
10111010100100000111010010111101111
10111010100000001000101010111101111
10111010011100001010000010111101111
10111010010100001011011011011101111
10111010010000001100110011111101111
10111010001100001110001100011101111
10111010001000001111100101011101111
10111010001000010000111101111101111
10111010000100010010010110111101111
10111010000000010011101111111101111
10111010000000010101001000111101111
10111010000000010110100001111101111
10111010000000010111111010011101111
10111001111100011001010011011101111
10111001100100011010101100111111111
10111001100100011100000101111111111
10111001100100011101011111011111111
10111001100100011110111000111111111
10111001101000100000010001111111111
10111001101000100001101010111111111
10111001101100100011000100011111111
10111001110000100100011101011111111
10111001110100100101110110011101111
10111001111000100111001111011101111
10111001111100101000100111111101111
10111010000000101010000000111101111
10111010000100101011011001011101111
10111010001100101100110001111101111
10111010010000101110001001111101111
10111010011000101111100010011101111
10111010011000000100011101111101111
10111010010000000101110110011101111
10111010001100000111001110011101111
10111010000100001000100110111101111
10111010000000001001111111011101111
10111001111100001011011000011101111
10111001111000001100110000111101111
10111001110100001110001001111101111
10111001110000001111100010111111111
10111001101100010000111011111111111
10111001101000010010010101011111111
10111001101000010011101110011111111
10111001100100010101000111011111111
10111001100100010110100000111111111
10111001100100010111111010011111111
10111001100100011001010011011111111
10111001001000011010101100111111111
10111001001000011100000110011111111
10111001001100011101100000011111111
10111001001100011110111001111111111
10111001001100100000010011011111111
10111001010000100001101100111111111
10111001010100100011000110011111111
10111001010100100100011111111111111
10111001011000100101111000111111111
10111001011100100111010010011111111
10111001100000101000101011011111111
10111001100100101010000100011111111
10111001101100101011011101011111111
10111001110000101100110101111111111
10111001111000101110001110011101111
10111001111100101111100110111101111
10111001111100000100011001011101111
10111001111000000101110001111101111
10111001110000000111001010011111111
10111001101100001000100010111111111
10111001100100001001111011111111111
10111001100000001011010100111111111
10111001011100001100101101111111111
10111001011000001110000111011111111
10111001010100001111100000011111111
10111001010100010000111001111111111
10111001010000010010010011011111111
10111001001100010011101100111111111
10111001001100010101000110011111111
10111001001100010110011111111111111
10111001001000010111111001111111111
10111001001000011001010011011111111
10111111010100011010101010111101111
10111111010100011011111111111101111
10111111010100011101010100111101111
10111111010100011110101001111101111
10111111011000011111111111011101111
10111111011000100001010100011101111
10111111011100100010101001011101111
10111111100000100011111110011101111
10111111100000100101010010111101111
10111111100100100110100111111101111
10111111101000100111111100011101111
10111111101100101001010001011101111
10111111110100101010100101111101111
10111111111000101011111001111101111
10111111111100101101001110011101111
11000000000100101110100010011101111
11000000000100000101011101111101111
10111111111100000110110001111101111
10111111111000001000000110011101111
10111111110100001001011010011101111
10111111101100001010101110111101111
10111111101000001100000011111101111
10111111100100001101011000011101111
10111111100000001110101101011101111
10111111100000010000000001111101111
10111111011100010001010110111101111
10111111011000010010101011111101111
10111111011000010100000000111101111
10111111010100010101010110011101111
10111111010100010110101011011101111
10111111010100011000000000011101111
10111111010100011001010101011101111
10111110111000011010101010111101111
10111110111000011100000000011101111
10111110111000011101010101111101111
10111110111100011110101010111101111
10111110111100100000000000011101111
10111111000000100001010101111101111
10111111000000100010101010111101111
10111111000100100100000000011101111
10111111001000100101010101011101111
10111111001100100110101010011101111
10111111010000100111111111011101111
10111111010100101001010100011101111
10111111011000101010101001011101111
10111111100000101011111101111101111
10111111100100101101010010011101111
10111111101100101110100110111101111
10111111101100000101011001011101111
10111111100100000110101101111101111
10111111100000001000000010011101111
10111111011000001001010110111101111
10111111010100001010101011111101111
10111111010000001100000000111101111
10111111001100001101010101111101111
10111111001000001110101010111101111
10111111000100001111111111111101111
10111111000000010001010101011101111
10111111000000010010101010011101111
10111110111100010011111111111101111
10111110111100010101010101011101111
10111110111000010110101010011101111
10111110111000010111111111111101111
10111110111000011001010101011101111
10111110100000011010101010111101111
10111110100000011100000000111101111
10111110100000011101010110011101111
10111110100000011110101011111101111
10111110100100100000000001111101111
10111110100100100001010111011101111
10111110101000100010101100111101111
10111110101000100100000010011101111
10111110101100100101010111111101111
10111110110000100110101101011101111
10111110110100101000000010011101111
10111110111000101001010111111101111
10111111000000101010101100111101111
10111111000100101100000001111101111
10111111001000101101010110011101111
10111111010000101110101011011101111
10111111010000000101010100111101111
10111111001000000110101001111101111
10111111000100000111111110011101111
10111111000000001001010011011101111
10111110111000001010101000011101111
10111110110100001011111101111101111
10111110110000001101010010111101111
10111110101100001110101000011101111
10111110101000001111111101111101111
10111110101000010001010011011101111
10111110100100010010101000111101111
10111110100100010011111110011101111
10111110100000010101010100011101111
10111110100000010110101001111101111
10111110100000010111111111011101111
10111110100000011001010101011101111
10111110000100011010101011011101111
10111110000100011100000001011101111
10111110000100011101010111011101111
10111110001000011110101100111101111
10111110001000100000000010111101111
10111110001100100001011000111101111
10111110001100100010101110111101111
10111110010000100100000100011101111
10111110010100100101011010011101111
10111110011000100110101111111101111
10111110011100101000000101011101111
10111110100000101001011010111101111
10111110100100101010110000011101111
10111110101000101100000101011101111
10111110110000101101011010111101111
10111110111000101110101111111101111
10111110111000000101010000011101111
10111110110000000110100101011101111
10111110101000000111111010111101111
10111110100100001001001111111101111
10111110100000001010100101011101111
10111110011100001011111010111101111
10111110011000001101010000011101111
10111110010100001110100101111101111
10111110010000001111111011111101111
10111110001100010001010001011101111
10111110001100010010100111011101111
10111110001000010011111101011101111
10111110001000010101010011011101111
10111110000100010110101000111101111
10111110000100010111111110111101111
10111110000100011001010100111101111
10111101101000011010101011011101111
10111101101100011100000001011101111
10111101101100011101010111111101111
10111101101100011110101110011101111
10111101101100100000000100011101111
10111101110000100001011010011101111
10111101110100100010110000111101111
10111101110100100100000110111101111
10111101111000100101011100111101111
10111101111100100110110010111101111
10111110000000101000001000011101111
10111110000100101001011110011101111
10111110001100101010110011111101111
10111110010000101100001001011101111
10111110010100101101011110111101111
10111110011100101110110100011101111
10111110011100000101001011111101111
10111110010100000110100001011101111
10111110010000000111110110111101111
10111110001100001001001100011101111
10111110000100001010100001111101111
10111110000000001011110111111101111
10111101111100001101001101011101111
10111101111000001110100011011101111
10111101110100001111111001011101111
10111101110100010001001111011101111
10111101110000010010100101111101111
10111101101100010011111011111101111
10111101101100010101010001111101111
10111101101100010110101000011101111
10111101101100010111111110111101111
10111101101000011001010100111101111
10111101010000011010101011011101111
10111101010000011100000001111101111
10111101010000011101011000011101111
10111101010000011110101111011101111
10111101010100100000000101111101111
10111101010100100001011100011101111
10111101011000100010110010011101111
10111101011100100100001000111101111
10111101100000100101011111011101111
10111101100100100110110101011101111
10111101101000101000001011011101111
10111101101100101001100001111101111
10111101110000101010110111011101111
10111101110100101100001101011101111
10111101111100101101100010111101111
10111110000000101110111000011101111
10111110000000000101000111111101111
10111101111100000110011101011101111
10111101110100000111110010111101111
10111101110000001001001000111101111
10111101101100001010011110011101111
10111101101000001011110100111101111
10111101100100001101001010111101111
10111101100000001110100000111101111
10111101011100001111110111011101111
10111101011000010001001101111101111
10111101010100010010100011111101111
10111101010100010011111010011101111
10111101010000010101010000111101111
10111101010000010110100111111101111
10111101010000010111111110011101111
10111101010000011001010100111101111
10111100110100011010101011011101111
10111100110100011100000010011101111
10111100111000011101011001011101111
10111100111000011110110000011101111
10111100111000100000000110111101111
10111100111100100001011101111101111
10111101000000100010110100011101111
10111101000000100100001011011101111
10111101000100100101100001111101111
10111101001000100110111000011101111
10111101001100101000001110111101111
10111101010000101001100100111101111
10111101011000101010111011011101111
10111101011100101100010001011101111
10111101100000101101100111011101111
10111101101000101110111100111101111
10111101101000000101000011011101111
10111101100000000110011000111101111
10111101011100000111101110111101111
10111101011000001001000100111101111
10111101010000001010011011011101111
10111101001100001011110001011101111
10111101001000001101000111111101111
10111101000100001110011110011101111
10111101000000001111110100111101111
10111101000000010001001011111101111
10111100111100010010100010011101111
10111100111000010011111001011101111
10111100111000010101001111111101111
10111100111000010110100110111101111
10111100110100010111111101111101111
10111100110100011001010100111101111
10111100011100011010101011111101111
10111100011100011100000010111101111
10111100011100011101011001111101111
10111100011100011110110001011101111
10111100100000100000001000011101111
10111100100000100001011111011101111
10111100100100100010110110011101111
10111100101000100100001101011101111
10111100101100100101100100011101111
10111100110000100110111010111101111
10111100110100101000010001111101111
10111100111000101001101000011101111
10111100111100101010111110111101111
10111101000000101100010101011101111
10111101001000101101101011011101111
10111101001100101111000001111101111
10111101001100000100111110011101111
10111101001000000110010100111101111
10111101000000000111101010111101111
10111100111100001001000001011101111
10111100111000001010010111111101111
10111100110100001011101110011101111
10111100110000001101000101011101111
10111100101100001110011011111101111
10111100101000001111110010111101111
10111100100100010001001001111101111
10111100100000010010100000111101111
10111100100000010011110111111101111
10111100011100010101001110111101111
10111100011100010110100110011101111
10111100011100010111111101011101111
10111100011100011001010100011101111
