1000011110
1000011110
1000011110
1001011110
1100011110
1110011110
0001011110
0011011110
0110011110
0111011110
0111011110
0111011110
0111011110
0111011110
0111011110
0111011110
0111011111
0111011111
0111011111
0111011111
0111011111
0111011111
0111011111
0111011111
0111011111
0111011111
0111011111
0111011111
0111011111
0111011111
0111011111
0111011111
1000100010
1000100010
1000100010
1000100010
1000100010
1000100010
1000100010
1000100010
1000100010
1000100010
1000100010
1000100010
1000100010
1000100010
1000100010
1000100010
1000100010
1000100010
1000100010
1000100010
1000100010
1000100010
1000100010
1000100010
1000100110
1000110010
1000111010
1000000110
1000001110
1000011010
1000011110
1000011110
1000011110
1000011110
1000011110
1001011110
1100011110
1110011110
0001011110
0011011110
0110011110
0111011110
0111011110
0111011110
0111011110
0111011110
0111011110
0111011110
0111011110
0111011111
0111011111
0111011111
0111011111
0111011111
0111011111
0111011111
0111011111
0111011111
0111011111
0111011111
0111011111
0111011111
0111011111
0111011111
1000100010
1000100010
1000100010
1000100010
1000100010
1000100010
1000100010
1000100010
1000100010
1000100010
1000100010
1000100010
1000100010
1000100010
1000100010
1000100010
1000100010
1000100010
1000100010
1000100010
1000100010
1000100010
1000100010
1000100010
1000100110
1000110010
1000111010
1000000110
1000001110
1000011010
1000011110
1000011110
1000011110
1000011110
1000011110
1001011110
1100011110
1110011110
0001011110
0011011110
0110011110
0111011110
0111011110
0111011110
0111011110
0111011110
0111011110
0111011110
0111011110
0111011110
0111011111
0111011111
0111011111
0111011111
0111011111
0111011111
0111011111
0111011111
0111011111
0111011111
0111011111
0111011111
0111011111
0111011111
1000100010
1000100010
1000100010
1000100010
1000100010
1000100010
1000100010
1000100010
1000100010
1000100010
1000100010
1000100010
1000100010
1000100010
1000100010
1000100010
1000100010
1000100010
1000100010
1000100010
1000100010
1000100010
1000100010
1000100010
1000100110
1000110010
1000111010
1000000110
1000001110
1000011010
1000011110
1000011110
1000011110
1000011110
1000011110
1001011110
1100011110
1110011110
0001011110
0011011110
0110011110
0111011110
0111011110
0111011110
0111011110
0111011110
0111011110
0111011110
0111011110
0111011110
0111011110
0111011111
0111011111
0111011111
0111011111
0111011111
0111011111
0111011111
0111011111
0111011111
0111011111
0111011111
0111011111
0111011111
1000100010
1000100010
1000100010
1000100010
1000100010
1000100010
1000100010
1000100010
1000100010
1000100010
1000100010
1000100010
1000100010
1000100010
1000100010
1000100010
1000100010
1000100010
1000100010
1000100010
1000100010
1000100010
1000100010
1000100010
1000100110
1000110010
1000111010
1000000110
1000001110
1000011010
1000011110
1000011110
1000011110
1000011110
1000011110
1001011110
1100011110
1110011110
0001011110
0011011110
0110011110
0111011110
0111011110
0111011110
0111011110
0111011110
0111011110
0111011110
0111011110
0111011110
0111011110
0111011110
0111011111
0111011111
0111011111
0111011111
0111011111
0111011111
0111011111
0111011111
0111011111
0111011111
0111011111
0111011111
1000100010
1000100010
1000100010
1000100010
1000100010
1000100010
1000100010
1000100010
1000100010
1000100010
1000100010
1000100010
1000100010
1000100010
1000100010
1000100010
1000100010
1000100010
1000100010
1000100010
1000100010
1000100010
1000100010
1000100010
1000100110
1000110010
1000111010
1000000110
1000001110
1000011010
1000011110
1000011110
1000011110
1000011110
1000011110
1001011110
1100011110
1110011110
0001011110
0011011110
0110011110
0111011110
0111011110
0111011110
0111011110
0111011110
0111011110
0111011110
0111011110
0111011110
0111011110
0111011110
0111011110
0111011111
0111011111
0111011111
0111011111
0111011111
0111011111
0111011111
0111011111
0111011111
0111011111
0111011111
1000100010
1000100010
1000100010
1000100010
1000100010
1000100010
1000100010
1000100010
1000100010
1000100010
1000100010
1000100010
1000100010
1000100010
1000100010
1000100010
1000100010
1000100010
1000100010
1000100010
1000100010
1000100010
1000100010
1000100010
1000100110
1000110010
1000111010
1000000110
1000001110
1000011010
1000011110
1000011110
1000011110
1000011110
1000011110
1001011110
1100011110
1110011110
0001011110
0011011110
0110011110
0111011110
0111011110
0111011110
0111011110
0111011110
0111011110
0111011110
0111011110
0111011110
0111011110
0111011110
0111011110
0111011110
0111011111
0111011111
0111011111
0111011111
0111011111
0111011111
0111011111
0111011111
0111011111
0111011111
1000100010
1000100010
1000100010
1000100010
1000100010
1000100010
1000100010
1000100010
1000100010
1000100010
1000100010
1000100010
1000100010
1000100010
1000100010
1000100010
1000100010
1000100010
1000100010
1000100010
1000100010
1000100010
1000100010
1000100010
1000100110
1000110010
1000111010
1000000110
1000001110
1000011010
1000011110
1000011110
1000011110
1000011110
1000011110
1001011110
1100011110
1110011110
0001011110
0011011110
0110011110
0111011110
0111011110
0111011110
0111011110
0111011110
0111011110
0111011110
0111011110
0111011110
0111011110
0111011110
0111011110
0111011110
0111011110
0111011111
0111011111
0111011111
0111011111
0111011111
0111011111
0111011111
0111011111
0111011111
1000100010
1000100010
1000100010
1000100010
1000100010
1000100010
1000100010
1000100010
1000100010
1000100010
1000100010
1000100010
1000100010
1000100010
1000100010
1000100010
1000100010
1000100010
1000100010
1000100010
1000100010
1000100010
1000100010
1000100010
1000100110
1000110010
1000111010
1000000110
1000001110
1000011010
1000011110
1000011110
1000011111
1000011111
1000011111
1001011111
1100011111
1110011111
0001011111
0011011111
0110011101
0111011101
0111011101
0111011101
0111011101
0111011101
0111011101
0111011101
0111011101
0111011101
0111011101
0111011101
0111011101
0111011101
0111011101
0111011101
0111011101
0111011101
0111011101
0111011101
0111011101
0111011101
0111011101
0111011101
1000100010
1000100010
1000100010
1000100010
1000100010
1000100010
1000100010
1000100010
1000100010
1000100010
1000100010
1000100010
1000100010
1000100010
1000100010
1000100010
1000100010
1000100010
1000100010
1000100010
1000100010
1000100010
1000100010
1000100010
1000100110
1000110010
1000111010
1000000110
1000001110
1000011011
1000011111
1000011111
1000011111
1000011111
1000011111
1001011111
1100011111
1110011111
0001011111
0011011111
0110011111
0111011101
0111011101
0111011101
0111011101
0111011101
0111011101
0111011101
0111011101
0111011101
0111011101
0111011101
0111011101
0111011101
0111011101
0111011101
0111011101
0111011101
0111011101
0111011101
0111011101
0111011101
0111011101
0111011101
1000100010
1000100010
1000100010
1000100010
1000100010
1000100010
1000100010
1000100010
1000100010
1000100010
1000100010
1000100010
1000100010
1000100010
1000100010
1000100010
1000100010
1000100010
1000100010
1000100010
1000100010
1000100010
1000100010
1000100010
1000100110
1000110010
1000111010
1000000110
1000001110
1000011010
1000011111
1000011111
1000011110
1000011110
1000011110
1001011110
1100011110
1110011110
0001011110
0011011110
0110011110
0111011110
0111011111
0111011111
0111011111
0111011111
0111011111
0111011111
0111011111
0111011111
0111011111
0111011111
0111011111
0111011111
0111011111
0111011111
0111011111
0111011111
0111011111
0111011111
0111011111
0111011111
0111011111
0111011111
1000100010
1000100010
1000100010
1000100010
1000100010
1000100010
1000100010
1000100010
1000100010
1000100010
1000100010
1000100010
1000100010
1000100010
1000100010
1000100010
1000100010
1000100010
1000100010
1000100010
1000100010
1000100010
1000100010
1000100010
1000100110
1000110010
1000111010
1000000110
1000001110
1000011010
1000011110
1000011110
1000011110
1000011110
1000011110
1001011110
1100011110
1110011110
0001011110
0011011110
0110011110
0111011110
0111011110
0111011111
0111011111
0111011111
0111011111
0111011111
0111011111
0111011111
0111011111
0111011111
0111011111
0111011111
0111011111
0111011111
0111011111
0111011111
0111011111
0111011111
0111011111
0111011111
0111011111
0111011111
1000100010
1000100010
1000100010
1000100010
1000100010
1000100010
1000100010
1000100010
1000100010
1000100010
1000100010
1000100010
1000100010
1000100010
1000100010
1000100010
1000100010
1000100010
1000100010
1000100010
1000100010
1000100010
1000100010
1000100010
1000100110
1000110010
1000111010
1000000110
1000001110
1000011010
1000011110
1000011110
1000011110
1000011110
1000011110
1001011110
1100011110
1110011110
0001011110
0011011110
0110011110
0111011110
0111011110
0111011110
0111011111
0111011111
0111011111
0111011111
0111011111
0111011111
0111011111
0111011111
0111011111
0111011111
0111011111
0111011111
0111011111
0111011111
0111011111
0111011111
0111011111
0111011111
0111011111
0111011111
1000100010
1000100010
1000100010
1000100010
1000100010
1000100010
1000100010
1000100010
1000100010
1000100010
1000100010
1000100010
1000100010
1000100010
1000100010
1000100010
1000100010
1000100010
1000100010
1000100010
1000100010
1000100010
1000100010
1000100010
1000100110
1000110010
1000111010
1000000110
1000001110
1000011010
1000011110
1000011110
1000011110
1000011110
1000011110
1001011110
1100011110
1110011110
0001011110
0011011110
0110011110
0111011110
0111011110
0111011110
0111011110
0111011111
0111011111
0111011111
0111011111
0111011111
0111011111
0111011111
0111011111
0111011111
0111011111
0111011111
0111011111
0111011111
0111011111
0111011111
0111011111
0111011111
0111011111
0111011111
1000100010
1000100010
1000100010
1000100010
1000100010
1000100010
1000100010
1000100010
1000100010
1000100010
1000100010
1000100010
1000100010
1000100010
1000100010
1000100010
1000100010
1000100010
1000100010
1000100010
1000100010
1000100010
1000100010
1000100010
1000100110
1000110010
1000111010
1000000110
1000001110
1000011010
1000011110
1000011110
1000011110
1000011110
1000011110
1001011110
1100011110
1110011110
0001011110
0011011110
0110011110
0111011110
0111011110
0111011110
0111011110
0111011110
0111011111
0111011111
0111011111
0111011111
0111011111
0111011111
0111011111
0111011111
0111011111
0111011111
0111011111
0111011111
0111011111
0111011111
0111011111
0111011111
0111011111
0111011111
1000100010
1000100010
1000100010
1000100010
1000100010
1000100010
1000100010
1000100010
1000100010
1000100010
1000100010
1000100010
1000100010
1000100010
1000100010
1000100010
1000100010
1000100010
1000100010
1000100010
1000100010
1000100010
1000100010
1000100010
1000100110
1000110010
1000111010
1000000110
1000001110
1000011010
1000011110
1000011110
1000011110
1000011110
1000011110
1001011110
1100011110
1110011110
0001011110
0011011110
0110011110
0111011110
0111011110
0111011110
0111011110
0111011110
0111011110
0111011111
0111011111
0111011111
0111011111
0111011111
0111011111
0111011111
0111011111
0111011111
0111011111
0111011111
0111011111
0111011111
0111011111
0111011111
0111011111
0111011111
1000100010
1000100010
1000100010
1000100010
1000100010
1000100010
1000100010
1000100010
1000100010
1000100010
1000100010
1000100010
1000100010
1000100010
1000100010
1000100010
1000100010
1000100010
1000100010
1000100010
1000100010
1000100010
1000100010
1000100010
1000100110
1000110010
1000111010
1000000110
1000001110
1000011010
1000011110
1000011110
