10111001101111110111011001011011110
10111001101111111010001011111011110
10111001110011111100111101111011110
10111001111011111111101111111011110
10111001111100000010100001111011110
10111010000100000101010011011011110
10111010010000001000000100011011110
10111010011100001010110100111011110
10111010011111100001001011011011110
10111010010011100011111011111011110
10111010000111100110101100111011110
10111001111111101001011110011011110
10111001111011101100010000011011110
10111001110011101111000010011011110
10111001101111110001110100011011110
10111001101111110100100110111011110
10111001010011110111011001111011110
10111001010111111010001100111011110
10111001011011111100111111011011110
10111001011111111111110010011011110
10111001100100000010100100111011110
10111001101100000101010110111011110
10111001110100001000001000011011110
10111010000100001010111001011011110
10111010000111100001000110111011110
10111001110111100011110111111011110
10111001101111100110101001011011110
10111001100111101001011011011011110
10111001011111101100001101111011110
10111001011011101111000000111011110
10111001010111110001110011011011110
10111001010011110100100110011011110
10111000111011110111011001111011110
10111000111011111010001101111011110
10111000111111111101000001011011110
10111001000011111111110100011011110
10111001001000000010100111011011110
10111001010000000101011010011011110
10111001011100001000001100011011110
10111001101000001010111101111011110
10111001101011100001000010011011110
10111001011111100011110011111011110
10111001010011100110100101111011110
10111001001011101001011000111011110
10111001000011101100001011111011110
10111000111111101110111110111011110
10111000111011110001110010011011110
10111000111011110100100110011011110
10111000011111110111011010011011110
10111000100011111010001110011011110
10111000100111111101000010111011110
10111000101011111111110110111011110
10111000110000000010101010011011110
10111000111000000101011101011011110
10111001000000001000010000011011110
10111001010000001011000010111011110
10111001010011100000111101011011110
10111001000011100011101111111011110
10111000111011100110100010111011110
10111000110011101001010101111011110
10111000101011101100001001011011110
10111000100111101110111101011011110
10111000100011110001110001111011110
10111000011111110100100101111011110
10111000000111110111011010011011110
10111000000111111010001111011011110
10111000001011111101000100011011110
10111000001111111111111000111011110
10111000010100000010101101011011110
10111000011100000101100000111011110
10111000101000001000010100011011110
10111000110100001011000111011011110
10111000110111100000111000111011110
10111000101011100011101011111011110
10111000011111100110011111011011110
10111000010111101001010010111011110
10111000001111101100000111011011110
10111000001011101110111011111011110
10111000000111110001110000111011110
10111000000111110100100101111011110
10110111101011110111011010111011110
10110111101111111010010000011011110
10110111101111111101000101111011110
10110111110111111111111011011011110
10110111111100000010101111111011110
10111000000100000101100100011011110
10111000001100001000011000111011110
10111000011000001011001100011011110
10111000011011100000110011111011110
10111000001111100011100111011011110
10111000000111100110011011111011110
10110111111111101001010000011011110
10110111110111101100000100111011110
10110111101111101110111010011011110
10110111101111110001101111111011110
10110111101011110100100101011011110
10110111010011110111011011011011110
10110111010011111010010001011011110
10110111010111111101000111011011110
10110111011011111111111101011011110
10110111100000000010110010111011110
10110111101000000101100111111011110
10110111110100001000011100111011110
10111000000000001011010000111011110
10111000000011100000101111011011110
10110111110111100011100011011011110
10110111101011100110011000011011110
10110111100011101001001101011011110
10110111011011101100000010111011110
10110111010111101110111000111011110
10110111010011110001101110111011110
10110111010011110100100100111011110
10110110110111110111011011011011110
10110110110111111010010010011011110
10110110111011111101001001011011110
10110111000011111111111111111011110
10110111000100000010110101111011110
10110111010000000101101011111011110
10110111011000001000100000111011110
10110111100100001011010101111011110
10110111100111100000101010011011110
10110111011011100011011111011011110
10110111010011100110010100011011110
10110111000111101001001010011011110
10110111000011101100000000011011110
10110110111011101110110110111011110
10110110110111110001101101111011110
10110110110111110100100100111011110
10110110011011110111011011111011110
10110110011111111010010011011011110
10110110100011111101001010111011110
10110110100100000000000001111011110
10110110101100000010111000111011110
10110110110100000101101111011011110
10110111000000001000100101011011110
10110111001100001011011010011011110
10110111001111100000100101111011110
10110111000011100011011010111011110
10110110110111100110010000111011110
10110110101111101001000111011011110
10110110100111101011111110011011110
10110110100011101110110101011011110
10110110011111110001101100111011110
10110110011011110100100100011011110
10110110000011110111011100011011110
10110110000011111010010100011011110
10110110000111111101001100011011110
10110110001100000000000100011011110
10110110010000000010111011111011110
10110110011100000101110010111011110
10110110100100001000101001011011110
10110110110000001011011111011011110
10110110110011100000100000111011110
10110110100111100011010110111011110
10110110011111100110001101011011110
10110110010011101001000100011011110
10110110001111101011111011111011110
10110110000111101110110011111011110
10110110000011110001101011111011110
10110110000011110100100011111011110
10110101100111110111011100011011110
10110101101011111010010101011011110
10110101101111111101001101111011110
10110101110000000000000110011011110
10110101111000000010111110111011110
10110110000000000101110110011011110
10110110001100001000101101111011110
10110110011000001011100100011011110
10110110011011100000011011111011110
10110110001111100011010010011011110
10110110000011100110001001111011110
10110101111011101001000001011011110
10110101110011101011111001111011110
10110101101111101110110010011011110
10110101101011110001101010111011110
10110101100111110100100011111011110
10110101001111110111011100111011110
10110101001111111010010110011011110
10110101010011111101001111111011110
10110101011000000000001000111011110
10110101011100000011000001111011110
10110101101000000101111010011011110
10110101110000001000110001111011110
10110101111100001011101001011011110
10110101111111100000010110111011110
10110101110011100011001110011011110
10110101101011100110000101111011110
10110101011111101000111110011011110
10110101011011101011110111011011110
10110101010011101110110000011011110
10110101001111110001101001111011110
10110101001111110100100011011011110
10110100110011110111011101011011110
10110100110111111010010111011011110
10110100111011111101010001011011110
10110100111100000000001011011011110
10110101000100000011000100111011110
10110101001100000101111101111011110
10110101011000001000110110011011110
10110101100100001011101110011011110
10110101100111100000010001111011110
10110101011011100011001001111011110
10110101001111100110000010011011110
10110101000111101000111011011011110
10110100111111101011110100111011110
10110100111011101110101110111011110
10110100110111110001101000111011110
10110100110011110100100010111011110
10110100011011110111011101011011110
10110100011011111010011000011011110
10110100011111111101010011011011110
10110100100000000000001101111011110
10110100101000000011000111111011110
10110100110100000110000001011011110
10110100111100001000111010111011110
10110101001000001011110011011011110
10110101001011100000001100111011110
10110100111111100011000101011011110
10110100110111100101111110111011110
10110100101011101000111000011011110
10110100100011101011110010011011110
10110100011111101110101100111011110
10110100011011110001100111111011110
10110100011011110100100010111011110
10110011111111110111011101111011110
10110100000011111010011001011011110
10110100000111111101010100111011110
10110100001000000000001111111011110
10110100010000000011001010111011110
10110100011000000110000101011011110
10110100100100001000111111011011110
10110100110000001011111000011011110
10110100110011100000000111111011110
10110100100111100011000000111011110
10110100011011100101111010111011110
10110100010011101000110101011011110
10110100001011101011110000011011110
10110100000111101110101011011011110
10110100000011110001100110111011110
10110011111111110100100010011011110
10110011100111110111011110011011110
10110011100111111010011010011011110
10110011101011111101010110011011110
10110011101100000000010010011011110
10110011110100000011001101111011110
10110011111100000110001000111011110
10110100001000001001000011011011110
10110100010100001011111101011011110
10110100010111100000000010111011110
10110100001011100010111100111011110
10110011111111100101110111011011110
10110011110111101000110010011011110
10110011101111101011101101111011110
10110011101011101110101001111011110
10110011100111110001100101111011110
10110011100111110100100001111011110
11000000010011110111010100111011101
11000000010011111001111101011011101
11000000010111111100100110011011101
11000000011011111111001111011011101
11000000100000000001110111111011101
11000000101000000100011111111011101
11000000110000000111000111011011101
11000000111100001001101110111011101
11000000111111100010010001011011101
11000000110011100100111000111011101
11000000101011100111100000011011101
11000000100011101010001000011011101
11000000011011101100110000111011101
11000000010111101111011001111011101
11000000010011110010000010111011101
11000000010011110100101011011011101
10111111110111110111010100111011101
10111111111011111001111110011011101
10111111111011111100100111111011101
11000000000011111111010001011011101
11000000000100000001111010011011101
11000000001100000100100010111011101
11000000011000000111001011011011101
11000000100100001001110010111011101
11000000100111100010001101011011101
11000000011011100100110100111011101
11000000001111100111011101011011101
11000000000111101010000101111011101
11000000000011101100101110111011101
10111111111011101111011000011011101
10111111111011110010000001111011101
10111111110111110100101011011011101
10111111011111110111010101011011101
10111111011111111001111111011011101
10111111100011111100101001011011101
10111111100111111111010010111011101
10111111101100000001111100111011101
10111111110100000100100101111011101
10111111111100000111001110111011101
11000000001000001001110111011011101
11000000001011100010001000111011101
10111111111111100100110001011011101
10111111110111100111011010011011101
10111111101111101010000011011011101
10111111100111101100101101011011101
10111111100011101111010110111011101
10111111011111110010000000111011101
10111111011111110100101010111011101
10111111000011110111010101011011101
10111111000111111010000000011011101
10111111000111111100101010111011101
10111111001111111111010100111011101
10111111010000000001111111011011101
10111111011000000100101000111011101
10111111100100000111010010011011101
10111111110000001001111011011011101
10111111110011100010000100111011101
10111111100111100100101101111011101
10111111011011100111010111011011101
10111111010011101010000000111011101
10111111001111101100101011011011101
10111111000111101111010101011011101
10111111000111110001111111111011101
10111111000011110100101010111011101
10111110101011110111010101111011101
10111110101011111010000000111011101
10111110101111111100101100011011101
10111110110011111111010110111011101
10111110111000000010000001111011101
10111111000000000100101100011011101
10111111001000000111010110011011101
10111111010100001001111111111011101
10111111010111100010000000011011101
10111111001011100100101001111011101
10111111000011100111010011111011101
10111110111011101001111110011011101
10111110110011101100101001011011101
10111110101111101111010011111011101
10111110101011110001111111011011101
10111110101011110100101010011011101
10111110001111110111010101111011101
10111110001111111010000001111011101
10111110010011111100101101011011101
10111110011011111111011000111011101
10111110011100000010000100011011101
10111110100100000100101111011011101
10111110110000000111011001111011101
10111110111100001010000011111011101
10111110111111100001111100011011101
10111110110011100100100110011011101
10111110100111100111010000111011101
10111110011111101001111011111011101
10111110011011101100100111011011101
10111110010011101111010010111011101
10111110001111110001111110011011101
10111110001111110100101010011011101
10111101110011110111010110011011101
10111101110111111010000010111011101
10111101111011111100101110111011101
10111101111111111111011010111011101
10111110000100000010000110111011101
10111110001100000100110010011011101
10111110010100000111011101011011101
10111110100000001010001000011011101
10111110100011100001110111111011101
10111110010111100100100010111011101
10111110001111100111001101111011101
10111110000111101001111001011011101
10111101111111101100100101011011101
10111101111011101111010001011011101
10111101110111110001111101011011101
10111101110011110100101001111011101
10111101011011110111010110111011101
10111101011011111010000011011011101
10111101011111111100110000011011101
10111101100011111111011101011011101
10111101101000000010001001011011101
10111101110000000100110101111011101
10111101111100000111100001011011101
10111110001000001010001100011011101
10111110001011100001110011111011101
10111101111111100100011110111011101
10111101110011100111001010011011101
10111101101011101001110110111011101
10111101100011101100100010111011101
10111101011111101111001111111011101
10111101011011110001111100111011101
10111101011011110100101001011011101
10111100111111110111010110111011101
10111101000011111010000100011011101
10111101000111111100110001111011101
10111101001011111111011111011011101
10111101010000000010001100011011101
10111101011000000100111000111011101
10111101100000000111100100111011101
10111101101100001010010000111011101
10111101101111100001101111011011101
10111101100011100100011011011011101
10111101011011100111000111011011101
10111101010011101001110011111011101
10111101001011101100100000111011101
10111101000111101111001110011011101
10111101000011110001111011111011101
10111100111111110100101001011011101
10111100100111110111010111011011101
10111100100111111010000101011011101
10111100101011111100110011011011101
10111100101111111111100001011011101
10111100110100000010001110111011101
10111100111100000100111011111011101
10111101001000000111101000111011101
10111101010100001010010101011011101
10111101010111100001101010111011101
10111101001011100100010111011011101
10111100111111100111000100011011101
10111100110111101001110001011011101
10111100101111101100011110111011101
10111100101011101111001100111011101
10111100100111110001111010111011101
10111100100111110100101000111011101
10111100001011110111010111011011101
10111100001111111010000110011011101
10111100010011111100110100111011101
10111100010111111111100011011011101
10111100011100000010010001011011101
10111100100100000100111111011011101
10111100101100000111101100111011101
10111100111000001010011001111011101
10111100111011100001100110011011101
10111100101111100100010011011011101
10111100100111100111000000111011101
10111100011111101001101110111011101
10111100010111101100011100111011101
10111100010011101111001011011011101
10111100001111110001111001111011101
10111100001011110100101000111011101
10111011110011110111010111111011101
10111011110011111010000111011011101
10111011110111111100110110011011101
10111011111011111111100101011011101
10111100000000000010010100011011101
10111100001000000101000010011011101
10111100010100000111110000011011101
10111100100000001010011101111011101
10111100100011100001100010011011101
10111100010111100100001111111011101
10111100001011100110111101111011101
10111100000011101001101011111011101
10111011111011101100011010111011101
10111011110111101111001001111011101
10111011110011110001111000111011101
10111011110011110100101000011011101
10111011010111110111010111111011101
10111011011011111010000111111011101
10111011011011111100110111111011101
10111011100011111111100111011011101
10111011100100000010010110111011101
10111011110000000101000101111011101
10111011111000000111110100011011101
10111100000100001010100010011011101
10111100000111100001011101111011101
10111011111011100100001011111011101
10111011110011100110111010011011101
10111011100111101001101001011011101
10111011100011101100011000111011101
10111011011011101111001000011011101
10111011011011110001111000011011101
10111011010111110100101000011011101
10111010111111110111011000011011110
10111010111111111010001000111011110
10111011000011111100111001011011101
10111011000111111111101001111011101
10111011001100000010011001011011101
10111011010100000101001001011011101
10111011100000000111111000011011101
10111011101100001010100110111011101
10111011101111100001011001011011101
10111011100011100100000111111011101
10111011010111100110110110111011101
10111011001111101001100110111011101
10111011000111101100010110011011101
10111011000011101111000110111011101
10111010111111110001110111011011110
10111010111111110100100111111011110
10111010100011110111011000111011110
10111010100011111010001001111011110
10111010100111111100111010111011110
10111010101111111111101011111011110
10111010110000000010011100011011110
10111010111000000101001100011011110
10111011000100000111111100011011101
10111011010000001010101011011011101
10111011010011100001010100111011101
10111011000111100100000011111011101
10111010111011100110110011111011110
10111010110011101001100011111011110
10111010101111101100010100011011110
10111010100111101111000101011011110
10111010100011110001110110011011110
10111010100011110100100111011011110
10111010000111110111011000111011110
10111010001011111010001010111011110
10111010001111111100111100011011110
10111010010011111111101101111011110
10111010011000000010011110111011110
10111010100000000101001111111011110
10111010101100001000000000011011110
10111010111000001010110000011011110
10111010111011100001001111111011110
10111010101111100011111111111011110
10111010100011100110110000011011110
10111010011011101001100001011011110
10111010010011101100010010011011110
10111010001111101111000011111011110
10111010001011110001110101011011110
10111010000111110100100111011011110
