10111100111111110110101011011011101
10111100111111111000000010011011101
10111101000011111001011000111011101
10111101000011111010101111111011101
10111101000011111100000110011011101
10111101000111111101011101011011101
10111101001011111110110011111011101
10111101001000000000001010011011101
10111101001100000001100000111011101
10111101010000000010110111011011101
10111101010100000100001101111011101
10111101011000000101100011111011101
10111101100000000110111001111011101
10111101100100001000001111111011101
10111101101000001001100101111011101
10111101110000001010111011111011101
10111101110011100001000100011011101
10111101101011100010011010011011101
10111101100111100011110000011011101
10111101100011100101000110011011101
10111101011011100110011100011011101
10111101010111100111110010011011101
10111101010011101001001000111011101
10111101001111101010011111011011101
10111101001011101011110101111011101
10111101001011101101001100011011101
10111101000111101110100010111011101
10111101000011101111111001111011101
10111101000011110001010000011011101
10111101000011110010100111011011101
10111100111111110011111101111011101
10111100111111110101010100111011101
10111100100111110110101011111011101
10111100100111111000000010111011101
10111100100111111001011001111011101
10111100100111111010110000111011101
10111100101011111100000111111011101
10111100101011111101011110111011101
10111100101111111110110101111011101
10111100110000000000001100111011101
10111100110100000001100011011011101
10111100111000000010111010011011101
10111100111100000100010000111011101
10111101000000000101100111011011101
10111101000100000110111101111011101
10111101001000001000010011111011101
10111101010000001001101010011011101
10111101010100001011000000011011101
10111101010111100000111111111011101
10111101010011100010010101111011101
10111101001011100011101100011011101
10111101000111100101000010011011101
10111101000011100110011000111011101
10111100111111100111101111011011101
10111100111011101001000101111011101
10111100110111101010011100111011101
10111100110011101011110011011011101
10111100101111101101001010011011101
10111100101011101110100001011011101
10111100101011101111111000011011101
10111100100111110001001111011011101
10111100100111110010100110011011101
10111100100111110011111101011011101
10111100100111110101010100011011101
10111100001011110110101011111011101
10111100001011111000000011011011101
10111100001111111001011010011011101
10111100001111111010110001111011101
10111100001111111100001001011011101
10111100010011111101100000011011101
10111100010011111110110111111011101
10111100010100000000001110111011101
10111100011000000001100101111011101
10111100011100000010111100111011101
10111100100000000100010011111011101
10111100100100000101101010111011101
10111100101000000111000001011011101
10111100110000001000010111111011101
10111100110100001001101110011011101
10111100111100001011000100111011101
10111100111111100000111011011011101
10111100110111100010010001111011101
10111100110011100011101000011011101
10111100101011100100111110111011101
10111100100111100110010101011011101
10111100100011100111101100011011101
10111100011111101001000011011011101
10111100011011101010011010011011101
10111100010111101011110001011011101
10111100010011101101001000011011101
10111100010011101110011111111011101
10111100001111101111110110111011101
10111100001111110001001110011011101
10111100001111110010100101111011101
10111100001011110011111100111011101
10111100001011110101010100011011101
10111011110011110110101011111011101
10111011110011111000000011111011101
10111011110011111001011011011011101
10111011110011111010110010111011101
10111011110111111100001010011011101
10111011110111111101100010011011101
10111011111011111110111001111011101
10111011111100000000010001011011101
10111011111100000001101000011011101
10111100000000000010111111111011101
10111100001000000100010110111011101
10111100001100000101101110011011101
10111100010000000111000101011011101
10111100010100001000011011111011101
10111100011100001001110010111011101
10111100100000001011001001011011101
10111100100011100000110110111011101
10111100011111100010001101011011101
10111100010111100011100100011011101
10111100010011100100111010111011101
10111100001111100110010001111011101
10111100001011100111101001011011101
10111100000011101001000000011011101
10111011111111101010010111111011101
10111011111111101011101110111011101
10111011111011101101000110011011101
10111011110111101110011101111011101
10111011110111101111110101111011101
10111011110011110001001101011011101
10111011110011110010100100111011101
10111011110011110011111100011011101
10111011110011110101010100011011101
10111011010111110110101011111011101
10111011010111111000000011111011101
10111011010111111001011011111011101
10111011011011111010110011111011101
10111011011011111100001011111011101
10111011011111111101100011111011101
10111011011111111110111011111011101
10111011100000000000010011011011101
10111011100100000001101010111011101
10111011101000000011000010111011101
10111011101100000100011010011011101
10111011110000000101110001011011101
10111011110100000111001000111011101
10111011111100001000011111111011101
10111100000000001001110110111011101
10111100001000001011001101111011101
10111100001011100000110010011011101
10111100000011100010001001011011101
10111011111111100011100000011011101
10111011110111100100110111011011101
10111011110011100110001110111011101
10111011101111100111100101111011101
10111011101011101000111101011011101
10111011100111101010010101011011101
10111011100011101011101100111011101
10111011011111101101000100011011101
10111011011111101110011100011011101
10111011011011101111110100011011101
10111011011011110001001100011011101
10111011010111110010100100011011101
10111011010111110011111100011011101
10111011010111110101010100011011101
10111010111111110110101100011011110
10111010111111111000000100011011110
10111010111111111001011100111011110
10111010111111111010110100111011110
10111011000011111100001101011011101
10111011000011111101100101011011101
10111011000111111110111101011011101
10111011001000000000010101111011101
10111011001000000001101101111011101
10111011001100000011000101011011101
10111011010000000100011101011011101
10111011011000000101110100111011101
10111011011100000111001100111011101
10111011100000001000100011111011101
10111011101000001001111011011011101
10111011101100001011010010011011101
10111011101111100000101101111011101
10111011101011100010000100111011101
10111011100011100011011100011011101
10111011011111100100110011011011101
10111011011011100110001011011011101
10111011010011100111100010111011101
10111011001111101000111010111011101
10111011001011101010010010011011101
10111011001011101011101010011011101
10111011000111101101000010111011101
10111011000011101110011010111011101
10111011000011101111110010111011101
10111010111111110001001011011011110
10111010111111110010100011011011110
10111010111111110011111011111011110
10111010111111110101010011111011110
10111010100011110110101100011011110
10111010100011111000000100111011110
10111010100011111001011101011011110
10111010100111111010110110011011110
10111010100111111100001110111011110
10111010101011111101100111011011110
10111010101011111110111111011011110
10111010101100000000010111111011110
10111010110000000001110000011011110
10111010110100000011001000011011110
10111010111000000100100000011011110
10111010111100000101111000011011110
10111011000000000111010000011011101
10111011001000001000101000011011101
10111011001100001001111111111011101
10111011010100001011010111011011101
10111011010111100000101000111011101
10111011001111100010000000011011101
10111011001011100011010111111011101
10111011000011100100101111111011101
10111010111111100110000111111011110
10111010111011100111011111111011110
10111010110111101000110111111011110
10111010110011101010001111111011110
10111010101111101011101000011011110
10111010101011101101000000111011110
10111010101011101110011000111011110
10111010100111101111110001011011110
10111010100111110001001001111011110
10111010100011110010100010111011110
10111010100011110011111011011011110
10111010100011110101010011111011110
10111010000111110110101100011011110
10111010001011111000000101011011110
10111010001011111001011110011011110
10111010001011111010110111011011110
10111010001111111100001111111011110
10111010001111111101101000111011110
10111010010011111111000001011011110
10111010010000000000011010011011110
10111010010100000001110010111011110
10111010011000000011001011011011110
10111010011100000100100011111011110
10111010100100000101111011111011110
10111010101000000111010100011011110
10111010101100001000101100011011110
10111010110100001010000100011011110
10111010111000001011011011111011110
10111010111011100000100100011011110
10111010110111100001111011111011110
10111010101111100011010011111011110
10111010101011100100101011111011110
10111010100111100110000100011011110
10111010011111100111011100011011110
10111010011011101000110100111011110
10111010010111101010001101011011110
10111010010011101011100101111011110
10111010010011101100111110111011110
10111010001111101110010111011011110
10111010001111101111110000011011110
10111010001011110001001000111011110
10111010001011110010100001111011110
10111010001011110011111010111011110
10111010000111110101010011111011110
11000000010011110110101010011011101
11000000010011110111111110111011101
11000000010011111001010011011011101
11000000010011111010100111111011101
11000000010111111011111100011011101
11000000010111111101010000111011101
11000000011011111110100100111011101
11000000011111111111111001011011101
11000000011100000001001101011011101
11000000100000000010100001111011101
11000000100100000011110101111011101
11000000101100000101001001111011101
11000000110000000110011101111011101
11000000110100000111110001011011101
11000000111100001001000100111011101
11000001000000001010011000111011101
11000001000011100001100111011011101
11000000111111100010111011011011101
11000000110111100100001110111011101
11000000110011100101100010011011101
11000000101111100110110110011011101
11000000100111101000001010011011101
11000000100011101001011110011011101
11000000011111101010110010111011101
11000000011111101100000110111011101
11000000011011101101011011011011101
11000000010111101110101111011011101
11000000010111110000000011111011101
11000000010011110001011000011011101
11000000010011110010101100111011101
11000000010011110100000001011011101
11000000010011110101010101111011101
10111111110111110110101010011011101
10111111110111110111111111011011101
10111111111011111001010011111011101
10111111111011111010101000111011101
10111111111011111011111101011011101
10111111111111111101010010011011101
10111111111111111110100110111011101
11000000000011111111111011011011101
11000000000100000001001111111011101
11000000001000000010100100011011101
11000000001100000011111000111011101
11000000010000000101001100111011101
11000000010100000110100001011011101
11000000011100000111110101011011101
11000000100000001001001000111011101
11000000101000001010011100111011101
11000000101011100001100011011011101
11000000100011100010110111011011101
11000000011111100100001010111011101
11000000010111100101011110111011101
11000000010011100110110011011011101
11000000001111101000000111011011101
11000000001011101001011011111011101
11000000000111101010110000011011101
11000000000011101100000100111011101
10111111111111101101011001011011101
10111111111111101110101101111011101
10111111111011110000000010111011101
10111111111011110001010111011011101
10111111111011110010101100011011101
10111111110111110100000000111011101
10111111110111110101010101111011101
10111111011111110110101010111011101
10111111011111110111111111111011101
10111111011111111001010100111011101
10111111011111111010101001111011101
10111111100011111011111110111011101
10111111100011111101010011111011101
10111111100111111110101000111011101
10111111101011111111111101011011101
10111111101000000001010010011011101
10111111101100000010100110111011101
10111111110000000011111011111011101
10111111110100000101010000011011101
10111111111100000110100100111011101
11000000000000000111111000111011101
11000000001000001001001101011011101
11000000001100001010100001011011101
11000000001111100001011110111011101
11000000001011100010110010111011101
11000000000011100100000111011011101
10111111111111100101011011011011101
10111111110111100110101111111011101
10111111110011101000000100011011101
10111111101111101001011001011011101
10111111101011101010101101111011101
10111111101011101100000010111011101
10111111100111101101010111011011101
10111111100011101110101100011011101
10111111100011110000000001011011101
10111111011111110001010110011011101
10111111011111110010101011011011101
10111111011111110100000000011011101
10111111011111110101010101011011101
10111111000011110110101010111011101
10111111000011111000000000011011101
10111111000011111001010101011011101
10111111000111111010101010111011101
10111111000111111011111111111011101
10111111001011111101010101011011101
10111111001011111110101010011011101
10111111001111111111111111111011101
10111111010000000001010100111011101
10111111010100000010101001111011101
10111111011000000011111110011011101
10111111011100000101010011011011101
10111111100000000110101000011011101
10111111101000000111111100111011101
10111111101100001001010001011011101
10111111110100001010100101011011101
10111111110111100001011010111011101
10111111101111100010101110111011101
10111111101011100100000011011011101
10111111100011100101010111111011101
10111111011111100110101100111011101
10111111011011101000000001111011101
10111111010111101001010110011011101
10111111010011101010101011011011101
10111111001111101100000000011011101
10111111001011101101010101111011101
10111111001011101110101010111011101
10111111000111110000000000011011101
10111111000111110001010101011011101
10111111000011110010101010111011101
10111111000011110011111111111011101
10111111000011110101010101011011101
10111110101011110110101010111011101
10111110101011111000000000011011101
10111110101011111001010110011011101
10111110101011111010101011111011101
10111110101111111100000001011011101
10111110101111111101010110111011101
10111110110011111110101100011011101
10111110110000000000000001111011101
10111110110100000001010111011011101
10111110111000000010101100011011101
10111110111100000100000001011011101
10111111000000000101010110111011101
10111111001000000110101011111011101
10111111001100001000000000011011101
10111111010000001001010101011011101
10111111011000001010101001111011101
10111111011011100001010110011011101
10111111010011100010101010111011101
10111111001111100011111111111011101
10111111001011100101010100011011101
10111111000011100110101001011011101
10111110111111100111111110111011101
10111110111011101001010011111011101
10111110110111101010101000111011101
10111110110011101011111110011011101
10111110110011101101010011111011101
10111110101111101110101001011011101
10111110101111101111111110111011101
10111110101011110001010100011011101
10111110101011110010101001111011101
10111110101011110011111111111011101
10111110101011110101010101011011101
10111110001111110110101010111011101
10111110001111111000000000111011101
10111110001111111001010110111011101
10111110010011111010101100111011101
10111110010011111100000010111011101
10111110010111111101011000011011101
10111110010111111110101110011011101
10111110011000000000000011111011101
10111110011100000001011001011011101
10111110100000000010101111011011101
10111110100100000100000100011011101
10111110101000000101011001111011101
10111110101100000110101111011011101
10111110110000001000000100011011101
10111110111000001001011001011011101
10111111000000001010101110011011101
10111111000011100001010001111011101
10111110111011100010100110111011101
10111110110011100011111011111011101
10111110101111100101010000111011101
10111110101011100110100110011011101
10111110100111100111111011111011101
10111110100011101001010000111011101
10111110011111101010100110111011101
10111110011011101011111100011011101
10111110010111101101010001111011101
10111110010111101110100111111011101
10111110010011101111111101011011101
10111110010011110001010011011011101
10111110001111110010101001011011101
10111110001111110011111111011011101
10111110001111110101010101011011101
10111101110011110110101011011011101
10111101110111111000000001011011101
10111101110111111001010111111011101
10111101110111111010101101111011101
10111101110111111100000011111011101
10111101111011111101011001111011101
10111101111111111110101111111011101
10111101111100000000000101111011101
10111110000000000001011011111011101
10111110000100000010110001111011101
10111110001000000100000111111011101
10111110001100000101011101011011101
10111110010100000110110010111011101
10111110011000001000001000011011101
10111110011100001001011101011011101
10111110100100001010110010111011101
10111110100111100001001101011011101
10111110011111100010100010111011101
10111110011011100011110111111011101
10111110010111100101001101011011101
10111110001111100110100010111011101
10111110001011100111111000011011101
10111110000111101001001110011011101
10111110000011101010100100011011101
10111101111111101011111010011011101
10111101111111101101010000011011101
10111101111011101110100110011011101
10111101110111101111111100011011101
10111101110111110001010010011011101
10111101110111110010101000011011101
10111101110111110011111110111011101
10111101110011110101010100111011101
10111101011011110110101011011011101
10111101011011111000000001111011101
10111101011011111001011000011011101
10111101011111111010101110111011101
10111101011111111100000101011011101
10111101011111111101011011111011101
10111101100011111110110001111011101
10111101100100000000001000011011101
10111101101000000001011110011011101
10111101101100000010110100111011101
10111101110000000100001010111011101
10111101110100000101100000011011101
10111101111000000110110110011011101
10111101111100001000001100011011101
10111110000100001001100001111011101
10111110001000001010110111011011101
10111110001011100001001000111011101
10111110000111100010011110011011101
10111101111111100011110011111011101
10111101111011100101001001111011101
10111101110111100110011111111011101
10111101110011100111110101011011101
10111101101111101001001011011011101
10111101101011101010100001111011101
10111101100111101011110111111011101
10111101100011101101001110011011101
10111101011111101110100100011011101
10111101011111101111111010111011101
10111101011111110001010001011011101
10111101011011110010100111111011101
10111101011011110011111110011011101
10111101011011110101010100111011101
