10110110011011110110101101111011110
10110110011111111000001001111011110
10110110011111111001100101011011110
10110110011111111011000001011011110
10110110100011111100011100111011110
10110110100011111101111000011011110
10110110100111111111010100011011110
10110110101000000000101111111011110
10110110101000000010001011011011110
10110110101100000011100110011011110
10110110110100000101000001111011110
10110110111000000110011100111011110
10110110111100000111110111111011110
10110111000100001001010010011011110
10110111001000001010101101011011110
10110111010000001100000111111011110
10110111010011011111111000011011110
10110111001011100001010010111011110
10110111000111100010101101111011110
10110110111111100100001000011011110
10110110111011100101100011011011110
10110110110111100110111110011011110
10110110101111101000011001111011110
10110110101011101001110100111011110
10110110101011101011010000011011110
10110110100111101100101011111011110
10110110100011101110000111111011110
10110110100011101111100011011011110
10110110011111110000111110111011110
10110110011111110010011010111011110
10110110011111110011110110011011110
10110110011011110101010010011011110
10110110000011110110101110011011110
10110110000011111000001010011011110
10110110000011111001100110011011110
10110110000111111011000010011011110
10110110000111111100011110011011110
10110110001011111101111010011011110
10110110001011111111010110011011110
10110110001100000000110010011011110
10110110010000000010001101111011110
10110110010100000011101001011011110
10110110011000000101000101011011110
10110110011100000110100000011011110
10110110100100000111111011111011110
10110110101000001001010110111011110
10110110110000001010110001111011110
10110110110100001100001100111011110
10110110110111011111110011011011110
10110110110011100001001110011011110
10110110101011100010101001011011110
10110110100111100100000100011011110
10110110011111100101011111111011110
10110110011011100110111010111011110
10110110010111101000010110111011110
10110110010011101001110010011011110
10110110001111101011001101111011110
10110110001011101100101001111011110
10110110001011101110000101111011110
10110110000111101111100001111011110
10110110000111110000111101111011110
10110110000011110010011001111011110
10110110000011110011110101111011110
10110110000011110101010001111011110
10110101100111110110101110011011110
10110101100111111000001010111011110
10110101101011111001100111011011110
10110101101011111011000011011011110
10110101101011111100011111111011110
10110101101111111101111100011011110
10110101110011111111011000011011110
10110101110000000000110100111011110
10110101110100000010010000111011110
10110101111000000011101100111011110
10110101111100000101001000011011110
10110110000100000110100100011011110
10110110001000000111111111111011110
10110110010000001001011011011011110
10110110010100001010110110111011110
10110110011100001100010001111011110
10110110011111011111101110011011110
10110110010111100001001001011011110
10110110010011100010100100111011110
10110110001011100100000000011011110
10110110000111100101011011111011110
10110101111111100110110111111011110
10110101111011101000010011011011110
10110101110111101001101111011011110
10110101110011101011001011011011110
10110101110011101100100111111011110
10110101101111101110000011111011110
10110101101011101111100000011011110
10110101101011110000111100111011110
10110101101011110010011000111011110
10110101100111110011110101011011110
10110101100111110101010001111011110
10110101001111110110101110011011110
10110101001111111000001011011011110
10110101001111111001100111111011110
10110101001111111011000100111011110
10110101010011111100100001011011110
10110101010011111101111101111011110
10110101010111111111011010111011110
10110101011000000000110111011011110
10110101011100000010010011011011110
10110101100000000011101111111011110
10110101100100000101001011111011110
10110101101000000110101000011011110
10110101110000001000000100011011110
10110101110100001001011111111011110
10110101111100001010111011011011110
10110110000000001100010110111011110
10110110000011011111101001011011110
10110101111111100001000100111011110
10110101110111100010100000011011110
10110101110011100011111011111011110
10110101101011100101010111111011110
10110101100111100110110100011011110
10110101100011101000010000011011110
10110101011111101001101100111011110
10110101011011101011001000111011110
10110101010111101100100101011011110
10110101010011101110000010011011110
10110101010011101111011110111011110
10110101001111110000111011011011110
10110101001111110010011000011011110
10110101001111110011110100111011110
10110101001111110101010001111011110
10110100110011110110101110111011110
10110100110011111000001011111011110
10110100110111111001101000111011110
10110100110111111011000101111011110
10110100110111111100100010111011110
10110100111011111101111111111011110
10110100111111111111011100111011110
10110100111100000000111001111011110
10110101000000000010010110011011110
10110101000100000011110010111011110
10110101001000000101001111011011110
10110101010000000110101011111011110
10110101010100001000001000011011110
10110101011000001001100100011011110
10110101100000001011000000011011110
10110101101000001100011100011011110
10110101101011011111100011111011110
10110101100011100000111111111011110
10110101011011100010011011111011110
10110101010111100011110111111011110
10110101010011100101010100011011110
10110101001011100110110000111011110
10110101000111101000001101011011110
10110101000011101001101001111011110
10110100111111101011000110011011110
10110100111111101100100011011011110
10110100111011101110000000011011110
10110100110111101111011101011011110
10110100110111110000111010011011110
10110100110111110010010111011011110
10110100110011110011110100011011110
10110100110011110101010001011011110
10110100011011110110101110111011110
10110100011011111000001100011011110
10110100011011111001101001111011110
10110100011011111011000111011011110
10110100011111111100100100011011110
10110100011111111110000001111011110
10110100100011111111011110111011110
10110100100100000000111100011011110
10110100101000000010011001011011110
10110100101100000011110110011011110
10110100110000000101010011011011110
10110100110100000110101111111011110
10110100111100001000001100011011110
10110101000000001001101000111011110
10110101001000001011000101011011110
10110101001100001100100001011011110
10110101001111011111011110111011110
10110101001011100000111010111011110
10110101000011100010010111011011110
10110100111111100011110011111011110
10110100110111100101010000011011110
10110100110011100110101100111011110
10110100101111101000001001111011110
10110100101011101001100110111011110
10110100100111101011000011111011110
10110100100011101100100001011011110
10110100011111101101111110011011110
10110100011111101111011011111011110
10110100011011110000111000111011110
10110100011011110010010110011011110
10110100011011110011110011111011110
10110100011011110101010001011011110
10110011111111110110101110111011110
10110011111111111000001100111011110
10110011111111111001101010011011110
10110100000011111011001000011011110
10110100000011111100100101111011110
10110100000111111110000011111011110
10110100000111111111100001011011110
10110100001000000000111110111011110
10110100001100000010011100011011110
10110100010000000011111001011011110
10110100010100000101010110111011110
10110100011100000110110011111011110
10110100100000001000010000111011110
10110100100100001001101101011011110
10110100101100001011001010011011110
10110100110100001100100110111011110
10110100110111011111011001011011110
10110100101111100000110101111011110
10110100100111100010010010111011110
10110100100011100011101111011011110
10110100011111100101001100011011110
10110100010111100110101001011011110
10110100010011101000000110111011110
10110100001111101001100011111011110
10110100001011101011000001011011110
10110100000111101100011110111011110
10110100000111101101111100011011110
10110100000011101111011010011011110
10110100000011110000110111111011110
10110011111111110010010101111011110
10110011111111110011110011011011110
10110011111111110101010001011011110
10110011100111110110101111011011110
10110011100111111000001101011011110
10110011100111111001101011011011110
10110011100111111011001001011011110
10110011101011111100100111011011110
10110011101011111110000101011011110
10110011101111111111100011011011110
10110011110000000001000001011011110
10110011110100000010011111011011110
10110011111000000011111100111011110
10110011111100000101011010011011110
10110100000000000110110111111011110
10110100000100001000010100111011110
10110100001100001001110010011011110
10110100010100001011001111011011110
10110100011000001100101011111011110
10110100011011011111010100011011110
10110100010111100000110000111011110
10110100001111100010001101111011110
10110100000111100011101011011011110
10110100000011100101001000011011110
10110011111111100110100101111011110
10110011111011101000000011011011110
10110011110111101001100000111011110
10110011110011101010111110111011110
10110011101111101100011100111011110
10110011101011101101111010111011110
10110011101011101111011000111011110
10110011100111110000110110111011110
10110011100111110010010100111011110
10110011100111110011110010111011110
10110011100111110101010000111011110
10111001101111110110101100111011110
10111001101111111000000101111011110
10111001101111111001011111011011110
10111001110011111010111000011011110
10111001110011111100010001011011110
10111001110111111101101010011011110
10111001110111111111000011011011110
10111001111000000000011100011011110
10111001111100000001110101011011110
10111010000000000011001110011011110
10111010000100000100100110111011110
10111010001000000101111111011011110
10111010001100000111010111111011110
10111010010100001000110000011011110
10111010011000001010001000111011110
10111010100000001011100000111011110
10111010100011100000011111011011110
10111010011011100001110111011011110
10111010010111100011001111111011110
10111010001111100100101000011011110
10111010001011100110000000111011110
10111010000111100111011001011011110
10111010000011101000110001111011110
10111001111111101010001010111011110
10111001111011101011100011111011110
10111001110111101100111100111011110
10111001110111101110010101111011110
10111001110011101111101110111011110
10111001110011110001000111111011110
10111001101111110010100000111011110
10111001101111110011111010011011110
10111001101111110101010011011011110
10111001010011110110101100111011110
10111001010011111000000110011011110
10111001010111111001011111111011110
10111001010111111010111001011011110
10111001010111111100010010111011110
10111001011011111101101100011011110
10111001011111111111000101111011110
10111001011100000000011110111011110
10111001100000000001110111111011110
10111001100100000011010001011011110
10111001101000000100101010011011110
10111001110000000110000011011011110
10111001110100000111011011111011110
10111001111000001000110100011011110
10111010000000001010001101011011110
10111010000100001011100101011011110
10111010000111100000011010111011110
10111010000011100001110010111011110
10111001111011100011001011111011110
10111001110111100100100100011011110
10111001110011100101111100111011110
10111001101011100111010101111011110
10111001100111101000101110111011110
10111001100011101010001000011011110
10111001011111101011100001011011110
10111001011111101100111010011011110
10111001011011101110010011111011110
10111001010111101111101101011011110
10111001010111110001000110111011110
10111001010111110010100000011011110
10111001010011110011111001111011110
10111001010011110101010011011011110
10111000111011110110101100111011110
10111000111011111000000110111011110
10111000111011111001100000111011110
10111000111011111010111010011011110
10111000111111111100010100011011110
10111000111111111101101101111011110
10111001000011111111000111111011110
10111001000100000000100001011011110
10111001001000000001111010111011110
10111001001100000011010100011011110
10111001010000000100101101011011110
10111001010100000110000110111011110
10111001011000000111011111111011110
10111001100000001000111000111011110
10111001100100001010010001111011110
10111001101100001011101010011011110
10111001101111100000010101111011110
10111001100111100001101110011011110
10111001100011100011000111011011110
10111001011011100100100000011011110
10111001010111100101111001011011110
10111001010011100111010010111011110
10111001001111101000101011111011110
10111001001011101010000101011011110
10111001000111101011011110111011110
10111001000011101100111000011011110
10111000111111101110010010011011110
10111000111111101111101011111011110
10111000111011110001000101111011110
10111000111011110010011111011011110
10111000111011110011111001011011110
10111000111011110101010011011011110
10111000011111110110101101011011110
10111000011111111000000111011011110
10111000100011111001100001011011110
10111000100011111010111011111011110
10111000100011111100010101111011110
10111000100111111101101111111011110
10111000101011111111001001111011110
10111000101000000000100011111011110
10111000101100000001111101011011110
10111000110000000011010111011011110
10111000110100000100110000111011110
10111000111000000110001010011011110
10111001000000000111100011111011110
10111001000100001000111100111011110
10111001001100001010010110011011110
10111001010000001011101111011011110
10111001010011100000010000111011110
10111001001111100001101001111011110
10111001000111100011000011011011110
10111001000011100100011100011011110
10111000111011100101110101111011110
10111000110111100111001111011011110
10111000110011101000101000111011110
10111000101111101010000010111011110
10111000101011101011011100011011110
10111000101011101100110110011011110
10111000100111101110010000011011110
10111000100011101111101010011011110
10111000100011110001000100011011110
10111000100011110010011110111011110
10111000011111110011111000111011110
10111000011111110101010010111011110
10111000000111110110101101011011110
10111000000111111000000111111011110
10111000000111111001100010011011110
10111000000111111010111100111011110
10111000001011111100010111011011110
10111000001011111101110001011011110
10111000001111111111001011111011110
10111000010000000000100101111011110
10111000010100000010000000011011110
10111000011000000011011010011011110
10111000011100000100110100011011110
10111000100000000110001101111011110
10111000100100000111100111111011110
10111000101100001001000001011011110
10111000110000001010011010111011110
10111000111000001011110011111011110
10111000111011100000001100011011110
10111000110011100001100101011011110
10111000101111100010111110111011110
10111000100111100100011000011011110
10111000100011100101110010011011110
10111000011111100111001011111011110
10111000011011101000100101111011110
10111000010111101001111111111011110
10111000010011101011011010011011110
10111000001111101100110100011011110
10111000001011101110001110111011110
10111000001011101111101000111011110
10111000000111110001000011011011110
10111000000111110010011101111011110
10111000000111110011111000011011110
10111000000111110101010010111011110
10110111101011110110101101011011110
10110111101011111000001000011011110
10110111101011111001100010111011110
10110111101111111010111101111011110
10110111101111111100011000011011110
10110111110011111101110011011011110
10110111110011111111001101111011110
10110111110100000000101000011011110
10110111111000000010000010111011110
10110111111100000011011101011011110
10111000000000000100110111011011110
10111000000100000110010001111011110
10111000001100000111101011111011110
10111000010000001001000101011011110
10111000011000001010011111011011110
10111000011100001011111000111011110
10111000011111100000000111011011110
10111000011011100001100000111011110
10111000010011100010111010111011110
10111000001111100100010100011011110
10111000000111100101101110011011110
10111000000011100111001000111011110
10110111111111101000100010111011110
10110111111011101001111101011011110
10110111110111101011010111111011110
10110111110011101100110010011011110
10110111110011101110001100111011110
10110111101111101111100111111011110
10110111101111110001000010011011110
10110111101011110010011101011011110
10110111101011110011110111111011110
10110111101011110101010010111011110
10110111010011110110101101111011110
10110111010011111000001000111011110
10110111010011111001100011111011110
10110111010011111010111110111011110
10110111010111111100011001111011110
10110111010111111101110100111011110
10110111011011111111001111111011110
10110111011100000000101010111011110
10110111100000000010000101011011110
10110111100100000011100000011011110
10110111101000000100111010111011110
10110111101100000110010101011011110
10110111110000000111101111111011110
10110111111000001001001001111011110
10110111111100001010100011111011110
10111000000100001011111101111011110
10111000000111100000000010011011110
10110111111111100001011100011011110
10110111111011100010110110011011110
10110111110011100100010000011011110
10110111101111100101101010111011110
10110111101011100111000101011011110
10110111100111101000011111111011110
10110111100011101001111010111011110
10110111011111101011010101011011110
10110111011011101100110000011011110
10110111010111101110001011011011110
10110111010111101111100110011011110
10110111010011110001000001011011110
10110111010011110010011100011011110
10110111010011110011110111011011110
10110111010011110101010010011011110
10110110110111110110101101111011110
10110110110111111000001001011011110
10110110110111111001100100111011110
10110110111011111011000000011011110
10110110111011111100011011011011110
10110110111111111101110110111011110
10110110111111111111010001111011110
10110111000000000000101101011011110
10110111000100000010001000011011110
10110111001000000011100011011011110
10110111001100000100111110011011110
10110111010000000110011000111011110
10110111011000000111110011111011110
10110111011100001001001110011011110
10110111100100001010101000011011110
10110111101000001100000010111011110
10110111101011011111111101011011110
10110111100111100001010111111011110
10110111011111100010110001111011110
10110111011011100100001100011011110
10110111010011100101100111011011110
10110111001111100111000001111011110
10110111001011101000011100111011110
10110111000111101001110111111011110
10110111000011101011010010111011110
10110110111111101100101110011011110
10110110111111101110001001011011110
10110110111011101111100100111011110
10110110111011110000111111111011110
10110110110111110010011011011011110
10110110110111110011110110111011110
10110110110111110101010010011011110
