1000011101
1000011101
1001011101
1011011101
1101011101
1111011101
0000011101
0010011101
0100011101
0110011101
0111011101
0111011101
0111011101
0111011101
0111011101
0111011101
0111011101
0111011101
0111011101
0111011101
0111011101
0111011101
0111011101
0111011101
0111011101
0111011101
0111011101
0111011101
0111011101
0111011101
0111011101
0111011101
1000100011
1000100011
1000100011
1000100011
1000100011
1000100011
1000100011
1000100011
1000100011
1000100011
1000100011
1000100011
1000100011
1000100011
1000100011
1000100011
1000100011
1000100011
1000100011
1000100011
1000100011
1000100011
1000100001
1000100101
1000101101
1000110101
1000111101
1000000001
1000001001
1000010001
1000011001
1000011101
1000011111
1000011111
1001011111
1011011101
1101011101
1111011101
0000011101
0010011101
0100011101
0110011101
0111011101
0111011101
0111011101
0111011101
0111011101
0111011101
0111011101
0111011101
0111011101
0111011101
0111011101
0111011101
0111011101
0111011101
0111011101
0111011101
0111011101
0111011101
0111011101
0111011101
0111011101
0111011101
1000100010
1000100010
1000100010
1000100010
1000100010
1000100010
1000100010
1000100010
1000100010
1000100010
1000100010
1000100010
1000100010
1000100010
1000100010
1000100010
1000100010
1000100010
1000100010
1000100010
1000100010
1000100010
1000100010
1000100110
1000101111
1000110111
1000111111
1000000011
1000001011
1000010011
1000011011
1000011111
1000011111
1000011111
1001011111
1011011111
1101011101
1111011101
0000011101
0010011101
0100011101
0110011101
0111011101
0111011101
0111011101
0111011101
0111011101
0111011101
0111011101
0111011101
0111011101
0111011101
0111011101
0111011101
0111011101
0111011101
0111011101
0111011101
0111011101
0111011101
0111011101
0111011101
0111011101
0111011101
1000100010
1000100010
1000100010
1000100010
1000100010
1000100010
1000100010
1000100010
1000100010
1000100010
1000100010
1000100010
1000100010
1000100010
1000100010
1000100010
1000100010
1000100010
1000100010
1000100010
1000100010
1000100010
1000100010
1000100110
1000101110
1000110111
1000111111
1000000011
1000001011
1000010011
1000011011
1000011111
1000011111
1000011111
1001011111
1011011111
1101011111
1111011111
0000011101
0010011101
0100011101
0110011101
0111011101
0111011101
0111011101
0111011101
0111011101
0111011101
0111011101
0111011101
0111011101
0111011101
0111011101
0111011101
0111011101
0111011101
0111011101
0111011101
0111011101
0111011101
0111011101
0111011101
0111011101
0111011101
1000100010
1000100010
1000100010
1000100010
1000100010
1000100010
1000100010
1000100010
1000100010
1000100010
1000100010
1000100010
1000100010
1000100010
1000100010
1000100010
1000100010
1000100010
1000100010
1000100010
1000100010
1000100010
1000100010
1000100110
1000101110
1000110110
1000111110
1000000011
1000001011
1000010011
1000011011
1000011111
1000011111
1000011111
1001011111
1011011111
1101011111
1111011111
0000011111
0010011101
0100011101
0110011101
0111011101
0111011101
0111011101
0111011101
0111011101
0111011101
0111011101
0111011101
0111011101
0111011101
0111011101
0111011101
0111011101
0111011101
0111011101
0111011101
0111011101
0111011101
0111011101
0111011101
0111011101
0111011101
1000100010
1000100010
1000100010
1000100010
1000100010
1000100010
1000100010
1000100010
1000100010
1000100010
1000100010
1000100010
1000100010
1000100010
1000100010
1000100010
1000100010
1000100010
1000100010
1000100010
1000100010
1000100010
1000100010
1000100110
1000101110
1000110110
1000111110
1000000010
1000001011
1000010011
1000011011
1000011111
1000011111
1000011111
1001011111
1011011111
1101011111
1111011111
0000011111
0010011111
0100011111
0110011101
0111011101
0111011101
0111011101
0111011101
0111011101
0111011101
0111011101
0111011101
0111011101
0111011101
0111011101
0111011101
0111011101
0111011101
0111011101
0111011101
0111011101
0111011101
0111011101
0111011101
0111011101
0111011101
1000100010
1000100010
1000100010
1000100010
1000100010
1000100010
1000100010
1000100010
1000100010
1000100010
1000100010
1000100010
1000100010
1000100010
1000100010
1000100010
1000100010
1000100010
1000100010
1000100010
1000100010
1000100010
1000100010
1000100110
1000101110
1000110110
1000111110
1000000010
1000001010
1000010010
1000011011
1000011111
1000011111
1000011111
1001011111
1011011111
1101011111
1111011111
0000011111
0010011111
0100011111
0110011111
0111011101
0111011101
0111011101
0111011101
0111011101
0111011101
0111011101
0111011101
0111011101
0111011101
0111011101
0111011101
0111011101
0111011101
0111011101
0111011101
0111011101
0111011101
0111011101
0111011101
0111011101
0111011101
1000100010
1000100010
1000100010
1000100010
1000100010
1000100010
1000100010
1000100010
1000100010
1000100010
1000100010
1000100010
1000100010
1000100010
1000100010
1000100010
1000100010
1000100010
1000100010
1000100010
1000100010
1000100010
1000100010
1000100110
1000101110
1000110110
1000111110
1000000010
1000001010
1000010010
1000011010
1000011111
1000011110
1000011110
1001011110
1011011110
1101011110
1111011110
0000011110
0010011110
0100011110
0110011110
0111011110
0111011110
0111011111
0111011111
0111011111
0111011111
0111011111
0111011111
0111011111
0111011111
0111011111
0111011111
0111011111
0111011111
0111011111
0111011111
0111011111
0111011111
0111011111
0111011111
0111011111
0111011111
1000100010
1000100010
1000100010
1000100010
1000100010
1000100010
1000100010
1000100010
1000100010
1000100010
1000100010
1000100010
1000100010
1000100010
1000100010
1000100010
1000100010
1000100010
1000100010
1000100010
1000100010
1000100010
1000100010
1000100110
1000101110
1000110110
1000111110
1000000010
1000001010
1000010010
1000011010
1000011110
1000011101
1000011101
1001011101
1011011101
1101011101
1111011101
0000011101
0010011101
0100011101
0110011101
0111011101
0111011101
0111011101
0111011101
0111011101
0111011101
0111011101
0111011101
0111011101
0111011101
0111011101
0111011101
0111011101
0111011101
0111011101
0111011101
0111011101
0111011101
0111011101
0111011101
0111011101
0111011101
1000100011
1000100011
1000100011
1000100011
1000100011
1000100011
1000100011
1000100011
1000100011
1000100011
1000100011
1000100001
1000100001
1000100001
1000100001
1000100001
1000100001
1000100001
1000100001
1000100001
1000100001
1000100001
1000100001
1000100101
1000101101
1000110101
1000111101
1000000001
1000001001
1000010001
1000011001
1000011101
1000011101
1000011101
1001011101
1011011101
1101011101
1111011101
0000011101
0010011101
0100011101
0110011101
0111011101
0111011101
0111011101
0111011101
0111011101
0111011101
0111011101
0111011101
0111011101
0111011101
0111011101
0111011101
0111011101
0111011101
0111011101
0111011101
0111011101
0111011101
0111011101
0111011101
0111011101
0111011101
1000100011
1000100011
1000100011
1000100011
1000100011
1000100011
1000100011
1000100011
1000100011
1000100011
1000100011
1000100011
1000100001
1000100001
1000100001
1000100001
1000100001
1000100001
1000100001
1000100001
1000100001
1000100001
1000100001
1000100101
1000101101
1000110101
1000111101
1000000001
1000001001
1000010001
1000011001
1000011101
1000011101
1000011101
1001011101
1011011101
1101011101
1111011101
0000011101
0010011101
0100011101
0110011101
0111011101
0111011101
0111011101
0111011101
0111011101
0111011101
0111011101
0111011101
0111011101
0111011101
0111011101
0111011101
0111011101
0111011101
0111011101
0111011101
0111011101
0111011101
0111011101
0111011101
0111011101
0111011101
1000100011
1000100011
1000100011
1000100011
1000100011
1000100011
1000100011
1000100011
1000100011
1000100011
1000100011
1000100011
1000100011
1000100011
1000100001
1000100001
1000100001
1000100001
1000100001
1000100001
1000100001
1000100001
1000100001
1000100101
1000101101
1000110101
1000111101
1000000001
1000001001
1000010001
1000011001
1000011101
1000011101
1000011101
1001011101
1011011101
1101011101
1111011101
0000011101
0010011101
0100011101
0110011101
0111011101
0111011101
0111011101
0111011101
0111011101
0111011101
0111011101
0111011101
0111011101
0111011101
0111011101
0111011101
0111011101
0111011101
0111011101
0111011101
0111011101
0111011101
0111011101
0111011101
0111011101
0111011101
1000100011
1000100011
1000100011
1000100011
1000100011
1000100011
1000100011
1000100011
1000100011
1000100011
1000100011
1000100011
1000100011
1000100011
1000100011
1000100001
1000100001
1000100001
1000100001
1000100001
1000100001
1000100001
1000100001
1000100101
1000101101
1000110101
1000111101
1000000001
1000001001
1000010001
1000011001
1000011101
1000011101
1000011101
1001011101
1011011101
1101011101
1111011101
0000011101
0010011101
0100011101
0110011101
0111011101
0111011101
0111011101
0111011101
0111011101
0111011101
0111011101
0111011101
0111011101
0111011101
0111011101
0111011101
0111011101
0111011101
0111011101
0111011101
0111011101
0111011101
0111011101
0111011101
0111011101
0111011101
1000100011
1000100011
1000100011
1000100011
1000100011
1000100011
1000100011
1000100011
1000100011
1000100011
1000100011
1000100011
1000100011
1000100011
1000100011
1000100011
1000100011
1000100001
1000100001
1000100001
1000100001
1000100001
1000100001
1000100101
1000101101
1000110101
1000111101
1000000001
1000001001
1000010001
1000011001
1000011101
1000011101
1000011101
1001011101
1011011101
1101011101
1111011101
0000011101
0010011101
0100011101
0110011101
0111011101
0111011101
0111011101
0111011101
0111011101
0111011101
0111011101
0111011101
0111011101
0111011101
0111011101
0111011101
0111011101
0111011101
0111011101
0111011101
0111011101
0111011101
0111011101
0111011101
0111011101
0111011101
1000100011
1000100011
1000100011
1000100011
1000100011
1000100011
1000100011
1000100011
1000100011
1000100011
1000100011
1000100011
1000100011
1000100011
1000100011
1000100011
1000100011
1000100011
1000100001
1000100001
1000100001
1000100001
1000100001
1000100101
1000101101
1000110101
1000111101
1000000001
1000001001
1000010001
1000011001
1000011101
1000011101
1000011101
1001011101
1011011101
1101011101
1111011101
0000011101
0010011101
0100011101
0110011101
0111011101
0111011101
0111011101
0111011101
0111011101
0111011101
0111011101
0111011101
0111011101
0111011101
0111011101
0111011101
0111011101
0111011101
0111011101
0111011101
0111011101
0111011101
0111011101
0111011101
0111011101
0111011101
1000100011
1000100011
1000100011
1000100011
1000100011
1000100011
1000100011
1000100011
1000100011
1000100011
1000100011
1000100011
1000100011
1000100011
1000100011
1000100011
1000100011
1000100011
1000100011
1000100011
1000100001
1000100001
1000100001
1000100101
1000101101
1000110101
1000111101
1000000001
1000001001
1000010001
1000011001
1000011101
1000011101
1000011101
1001011101
1011011101
1101011101
1111011101
0000011101
0010011101
0100011101
0110011101
0111011101
0111011101
0111011101
0111011101
0111011101
0111011101
0111011101
0111011101
0111011101
0111011101
0111011101
0111011101
0111011101
0111011101
0111011101
0111011101
0111011101
0111011101
0111011101
0111011101
0111011101
0111011101
1000100011
1000100011
1000100011
1000100011
1000100011
1000100011
1000100011
1000100011
1000100011
1000100011
1000100011
1000100011
1000100011
1000100011
1000100011
1000100011
1000100011
1000100011
1000100011
1000100011
1000100011
1000100001
1000100001
1000100101
1000101101
1000110101
1000111101
1000000001
1000001001
1000010001
1000011001
1000011101
