10001001001100100010010111101011000
10001001010000100111000111101011000
10001001010100101011110110101011000
10001001011100110000100100101011000
10001001101000110101010001001011000
10001001111000111001111011101011000
10001010001000111110100100101011000
10001010011101000011001010101011000
10001010011111111100110101001011000
10001010001000000001011011001011000
10001001111000000110000100001011000
10001001101000001010101110101011000
10001001011100001111011011001011000
10001001010100010100001001001011000
10001001010000011000111000001011000
10001001001100011101101000001011000
10001001001100100010010111101011000
10001001010000100111000111101011000
10001001010100101011110110101011000
10001001011100110000100100101011000
10001001101000110101010001001011000
10001001111000111001111011101011000
10001010001000111110100100101011000
10001010011101000011001010101011000
10001010011111111100110101001011000
10001010001000000001011011001011000
10001001111000000110000100001011000
10001001101000001010101110101011000
10001001011100001111011011001011000
10001001010100010100001001001011000
10001001010000011000111000001011000
10001001001100011101101000001011000
10001001001100100010010111101011000
10001001010000100111000111101011000
10001001010100101011110110101011000
10001001011100110000100100101011000
10001001101000110101010001001011000
10001001111000111001111011101011000
10001010001000111110100100101011000
10001010011101000011001010101011000
10001010011111111100110101001011000
10001010001000000001011011001011000
10001001111000000110000100001011000
10001001101000001010101110101011000
10001001011100001111011011001011000
10001001010100010100001001001011000
10001001010000011000111000001011000
10001001001100011101101000001011000
10001001001100100010010111101011000
10001001010000100111000111101011000
10001001010100101011110110101011000
10001001011100110000100100101011000
10001001101000110101010001001011000
10001001111000111001111011101011000
10001010001000111110100100101011000
10001010011101000011001010101011000
10001010011111111100110101001011000
10001010001000000001011011001011000
10001001111000000110000100001011000
10001001101000001010101110101011000
10001001011100001111011011001011000
10001001010100010100001001001011000
10001001010000011000111000001011000
10001001001100011101101000001011000
10001001001100100010010111101011000
10001001010000100111000111101011000
10001001010100101011110110101011000
10001001011100110000100100101011000
10001001101000110101010001001011000
10001001111000111001111011101011000
10001010001000111110100100101011000
10001010011101000011001010101011000
10001010011111111100110101001011000
10001010001000000001011011001011000
10001001111000000110000100001011000
10001001101000001010101110101011000
10001001011100001111011011001011000
10001001010100010100001001001011000
10001001010000011000111000001011000
10001001001100011101101000001011000
10001001001100100010010111101011000
10001001010000100111000111101011000
10001001010100101011110110101011000
10001001011100110000100100101011000
10001001101000110101010001001011000
10001001111000111001111011101011000
10001010001000111110100100101011000
10001010011101000011001010101011000
10001010011111111100110101001011000
10001010001000000001011011001011000
10001001111000000110000100001011000
10001001101000001010101110101011000
10001001011100001111011011001011000
10001001010100010100001001001011000
10001001010000011000111000001011000
10001001001100011101101000001011000
10001001001100100010010111101011000
10001001010000100111000111101011000
10001001010100101011110110101011000
10001001011100110000100100101011000
10001001101000110101010001001011000
10001001111000111001111011101011000
10001010001000111110100100101011000
10001010011101000011001010101011000
10001010011111111100110101001011000
10001010001000000001011011001011000
10001001111000000110000100001011000
10001001101000001010101110101011000
10001001011100001111011011001011000
10001001010100010100001001001011000
10001001010000011000111000001011000
10001001001100011101101000001011000
10001001001100100010010111101011000
10001001010000100111000111101011000
10001001010100101011110110101011000
10001001011100110000100100101011000
10001001101000110101010001001011000
10001001111000111001111011101011000
10001010001000111110100100101011000
10001010011101000011001010101011000
10001010011111111100110101001011000
10001010001000000001011011001011000
10001001111000000110000100001011000
10001001101000001010101110101011000
10001001011100001111011011001011000
10001001010100010100001001001011000
10001001010000011000111000001011000
10001001001100011101101000001011000
10001001001100100010010111101011000
10001001010000100111000111101011000
10001001010100101011110110101011000
10001001011100110000100100101011000
10001001101000110101010001001011000
10001001111000111001111011101011000
10001010001000111110100100101011000
10001010011101000011001010101011000
10001010011111111100110101001011000
10001010001000000001011011001011000
10001001111000000110000100001011000
10001001101000001010101110101011000
10001001011100001111011011001011000
10001001010100010100001001001011000
10001001010000011000111000001011000
10001001001100011101101000001011000
10001001001100100010010111101011000
10001001010000100111000111101011000
10001001010100101011110110101011000
10001001011100110000100100101011000
10001001101000110101010001001011000
10001001111000111001111011101011000
10001010001000111110100100101011000
10001010011101000011001010101011000
10001010011111111100110101001011000
10001010001000000001011011001011000
10001001111000000110000100001011000
10001001101000001010101110101011000
10001001011100001111011011001011000
10001001010100010100001001001011000
10001001010000011000111000001011000
10001001001100011101101000001011000
10001001001100100010010111101011000
10001001010000100111000111101011000
10001001010100101011110110101011000
10001001011100110000100100101011000
10001001101000110101010001001011000
10001001111000111001111011101011000
10001010001000111110100100101011000
10001010011101000011001010101011000
10001010011111111100110101001011000
10001010001000000001011011001011000
10001001111000000110000100001011000
10001001101000001010101110101011000
10001001011100001111011011001011000
10001001010100010100001001001011000
10001001010000011000111000001011000
10001001001100011101101000001011000
10001001001100100010010111101011000
10001001010000100111000111101011000
10001001010100101011110110101011000
10001001011100110000100100101011000
10001001101000110101010001001011000
10001001111000111001111011101011000
10001010001000111110100100101011000
10001010011101000011001010101011000
10001010011111111100110101001011000
10001010001000000001011011001011000
10001001111000000110000100001011000
10001001101000001010101110101011000
10001001011100001111011011001011000
10001001010100010100001001001011000
10001001010000011000111000001011000
10001001001100011101101000001011000
10001001001100100010010111101011000
10001001010000100111000111101011000
10001001010100101011110110101011000
10001001011100110000100100101011000
10001001101000110101010001001011000
10001001111000111001111011101011000
10001010001000111110100100101011000
10001010011101000011001010101011000
10001010011111111100110101001011000
10001010001000000001011011001011000
10001001111000000110000100001011000
10001001101000001010101110101011000
10001001011100001111011011001011000
10001001010100010100001001001011000
10001001010000011000111000001011000
10001001001100011101101000001011000
10001001001100100010010111101011000
10001001010000100111000111101011000
10001001010100101011110110101011000
10001001011100110000100100101011000
10001001101000110101010001001011000
10001001111000111001111011101011000
10001010001000111110100100101011000
10001010011101000011001010101011000
10001010011111111100110101001011000
10001010001000000001011011001011000
10001001111000000110000100001011000
10001001101000001010101110101011000
10001001011100001111011011001011000
10001001010100010100001001001011000
10001001010000011000111000001011000
10001001001100011101101000001011000
10001001001100100010010111101011000
10001001010000100111000111101011000
10001001010100101011110110101011000
10001001011100110000100100101011000
10001001101000110101010001001011000
10001001111000111001111011101011000
10001010001000111110100100101011000
10001010011101000011001010101011000
10001010011111111100110101001011000
10001010001000000001011011001011000
10001001111000000110000100001011000
10001001101000001010101110101011000
10001001011100001111011011001011000
10001001010100010100001001001011000
10001001010000011000111000001011000
10001001001100011101101000001011000
10001001001100100010010111101011000
10001001010000100111000111101011000
10001001010100101011110110101011000
10001001011100110000100100101011000
10001001101000110101010001001011000
10001001111000111001111011101011000
10001010001000111110100100101011000
10001010011101000011001010101011000
10001010011111111100110101001011000
10001010001000000001011011001011000
10001001111000000110000100001011000
10001001101000001010101110101011000
10001001011100001111011011001011000
10001001010100010100001001001011000
10001001010000011000111000001011000
10001001001100011101101000001011000
10001001001100100010010111101010111
10001001010000100111000111101010111
10001001010100101011110110101010111
10001001011100110000100100101010111
10001001101000110101010001001010111
10001001111000111001111011101010111
10001010001000111110100100101010111
10001010011101000011001010101010111
10001010011111111100110101001010111
10001010001000000001011011001010111
10001001111000000110000100001010111
10001001101000001010101110101010111
10001001011100001111011011001010111
10001001010100010100001001001010111
10001001010000011000111000001010111
10001001001100011101101000001010111
10001001001100100010010111101010111
10001001010000100111000111101010111
10001001010100101011110110101010111
10001001011100110000100100101010111
10001001101000110101010001001010111
10001001111000111001111011101010111
10001010001000111110100100101010111
10001010011101000011001010101010111
10001010011111111100110101001010111
10001010001000000001011011001010111
10001001111000000110000100001010111
10001001101000001010101110101010111
10001001011100001111011011001010111
10001001010100010100001001001010111
10001001010000011000111000001010111
10001001001100011101101000001010111
10001001001100100010010111101010111
10001001010000100111000111101010111
10001001010100101011110110101010111
10001001011100110000100100101010111
10001001101000110101010001001010111
10001001111000111001111011101010111
10001010001000111110100100101010111
10001010011101000011001010101010111
10001010011111111100110101001010111
10001010001000000001011011001010111
10001001111000000110000100001010111
10001001101000001010101110101010111
10001001011100001111011011001010111
10001001010100010100001001001010111
10001001010000011000111000001010111
10001001001100011101101000001010111
10001001001100100010010111101010111
10001001010000100111000111101010111
10001001010100101011110110101010111
10001001011100110000100100101010111
10001001101000110101010001001010111
10001001111000111001111011101010111
10001010001000111110100100101010111
10001010011101000011001010101010111
10001010011111111100110101001010111
10001010001000000001011011001010111
10001001111000000110000100001010111
10001001101000001010101110101010111
10001001011100001111011011001010111
10001001010100010100001001001010111
10001001010000011000111000001010111
10001001001100011101101000001010111
10001001001100100010010111101010111
10001001010000100111000111101010111
10001001010100101011110110101010111
10001001011100110000100100101010111
10001001101000110101010001001010111
10001001111000111001111011101010111
10001010001000111110100100101010111
10001010011101000011001010101010111
10001010011111111100110101001010111
10001010001000000001011011001010111
10001001111000000110000100001010111
10001001101000001010101110101010111
10001001011100001111011011001010111
10001001010100010100001001001010111
10001001010000011000111000001010111
10001001001100011101101000001010111
10001001001100100010010111101010111
10001001010000100111000111101010111
10001001010100101011110110101010111
10001001011100110000100100101010111
10001001101000110101010001001010111
10001001111000111001111011101010111
10001010001000111110100100101010111
10001010011101000011001010101010111
10001010011111111100110101001010111
10001010001000000001011011001010111
10001001111000000110000100001010111
10001001101000001010101110101010111
10001001011100001111011011001010111
10001001010100010100001001001010111
10001001010000011000111000001010111
10001001001100011101101000001010111
10001001001100100010010111101010111
10001001010000100111000111101010111
10001001010100101011110110101010111
10001001011100110000100100101010111
10001001101000110101010001001010111
10001001111000111001111011101010111
10001010001000111110100100101010111
10001010011101000011001010101010111
10001010011111111100110101001010111
10001010001000000001011011001010111
10001001111000000110000100001010111
10001001101000001010101110101010111
10001001011100001111011011001010111
10001001010100010100001001001010111
10001001010000011000111000001010111
10001001001100011101101000001010111
10001001001100100010010111101010111
10001001010000100111000111101010111
10001001010100101011110110101010111
10001001011100110000100100101010111
10001001101000110101010001001010111
10001001111000111001111011101010111
10001010001000111110100100101010111
10001010011101000011001010101010111
10001010011111111100110101001010111
10001010001000000001011011001010111
10001001111000000110000100001010111
10001001101000001010101110101010111
10001001011100001111011011001010111
10001001010100010100001001001010111
10001001010000011000111000001010111
10001001001100011101101000001010111
10001001001100100010010111101010111
10001001010000100111000111101010111
10001001010100101011110110101010111
10001001011100110000100100101010111
10001001101000110101010001001010111
10001001111000111001111011101010111
10001010001000111110100100101010111
10001010011101000011001010101010111
10001010011111111100110101001010111
10001010001000000001011011001010111
10001001111000000110000100001010111
10001001101000001010101110101010111
10001001011100001111011011001010111
10001001010100010100001001001010111
10001001010000011000111000001010111
10001001001100011101101000001010111
10001001001100100010010111101010111
10001001010000100111000111101010111
10001001010100101011110110101010111
10001001011100110000100100101010111
10001001101000110101010001001010111
10001001111000111001111011101010111
10001010001000111110100100101010111
10001010011101000011001010101010111
10001010011111111100110101001010111
10001010001000000001011011001010111
10001001111000000110000100001010111
10001001101000001010101110101010111
10001001011100001111011011001010111
10001001010100010100001001001010111
10001001010000011000111000001010111
10001001001100011101101000001010111
10001001001100100010010111101010111
10001001010000100111000111101010111
10001001010100101011110110101010111
10001001011100110000100100101010111
10001001101000110101010001001010111
10001001111000111001111011101010111
10001010001000111110100100101010111
10001010011101000011001010101010111
10001010011111111100110101001010111
10001010001000000001011011001010111
10001001111000000110000100001010111
10001001101000001010101110101010111
10001001011100001111011011001010111
10001001010100010100001001001010111
10001001010000011000111000001010111
10001001001100011101101000001010111
10001001001100100010010111101010111
10001001010000100111000111101010111
10001001010100101011110110101010111
10001001011100110000100100101010111
10001001101000110101010001001010111
10001001111000111001111011101010111
10001010001000111110100100101010111
10001010011101000011001010101010111
10001010011111111100110101001010111
10001010001000000001011011001010111
10001001111000000110000100001010111
10001001101000001010101110101010111
10001001011100001111011011001010111
10001001010100010100001001001010111
10001001010000011000111000001010111
10001001001100011101101000001010111
10001001001100100010010111101011000
10001001010000100111000111101010111
10001001010100101011110110101010111
10001001011100110000100100101010111
10001001101000110101010001001010111
10001001111000111001111011101010111
10001010001000111110100100101010111
10001010011101000011001010101010111
10001010011111111100110101001010111
10001010001000000001011011001010111
10001001111000000110000100001010111
10001001101000001010101110101010111
10001001011100001111011011001010111
10001001010100010100001001001010111
10001001010000011000111000001010111
10001001001100011101101000001011000
10001001001100100010010111101011000
10001001010000100111000111101011000
10001001010100101011110110101011000
10001001011100110000100100101011000
10001001101000110101010001001011000
10001001111000111001111011101011000
10001010001000111110100100101011000
10001010011101000011001010101011000
10001010011111111100110101001011000
10001010001000000001011011001011000
10001001111000000110000100001011000
10001001101000001010101110101011000
10001001011100001111011011001011000
10001001010100010100001001001011000
10001001010000011000111000001011000
10001001001100011101101000001011000
10001001001100100010010111101011000
10001001010000100111000111101011000
10001001010100101011110110101011000
10001001011100110000100100101011000
10001001101000110101010001001011000
10001001111000111001111011101011000
10001010001000111110100100101011000
10001010011101000011001010101011000
10001010011111111100110101001011000
10001010001000000001011011001011000
10001001111000000110000100001011000
10001001101000001010101110101011000
10001001011100001111011011001011000
10001001010100010100001001001011000
10001001010000011000111000001011000
10001001001100011101101000001011000
10001001001100100010010111101011000
10001001010000100111000111101011000
10001001010100101011110110101011000
10001001011100110000100100101011000
10001001101000110101010001001011000
10001001111000111001111011101011000
10001010001000111110100100101011000
10001010011101000011001010101011000
10001010011111111100110101001011000
10001010001000000001011011001011000
10001001111000000110000100001011000
10001001101000001010101110101011000
10001001011100001111011011001011000
10001001010100010100001001001011000
10001001010000011000111000001011000
10001001001100011101101000001011000
