10001001001100100001001011101010111
10001001001100100011100011101010111
10001001001100100101111011101010111
10001001010000101000010011001010111
10001001010100101010101010101010111
10001001010100101101000010001010111
10001001011100101111011001001010111
10001001100000110001101111101010111
10001001100100110100000110001010111
10001001101100110110011100001010111
10001001110100111000110001001010111
10001001111100111011000110001010111
10001010000100111101011010101010111
10001010001100111111101110001010111
10001010011001000010000001101010111
10001010100101000100010011101010111
10001010100111111011101100001010111
10001010011011111101111110001010111
10001010001100000000010001101010111
10001010000100000010100101001010111
10001001111100000100111001101010111
10001001110100000111001110101010111
10001001101100001001100011101010111
10001001100100001011111001101010111
10001001100000001110010000001010111
10001001011100010000100110101010111
10001001010100010010111101101010111
10001001010100010101010101001010111
10001001010000010111101100101010111
10001001001100011010000100001010111
10001001001100011100011100001010111
10001001001100011110110100001010111
10001001001100100001001011101010111
10001001001100100011100011101010111
10001001001100100101111011101010111
10001001010000101000010011001010111
10001001010100101010101010101010111
10001001010100101101000010001010111
10001001011100101111011001001010111
10001001100000110001101111101010111
10001001100100110100000110001010111
10001001101100110110011100001010111
10001001110100111000110001001010111
10001001111100111011000110001010111
10001010000100111101011010101010111
10001010001100111111101110001010111
10001010011001000010000001101010111
10001010100101000100010011101010111
10001010100111111011101100001010111
10001010011011111101111110001010111
10001010001100000000010001101010111
10001010000100000010100101001010111
10001001111100000100111001101010111
10001001110100000111001110101010111
10001001101100001001100011101010111
10001001100100001011111001101010111
10001001100000001110010000001010111
10001001011100010000100110101010111
10001001010100010010111101101010111
10001001010100010101010101001010111
10001001010000010111101100101010111
10001001001100011010000100001010111
10001001001100011100011100001010111
10001001001100011110110100001010111
10001001001100100001001011101010111
10001001001100100011100011101010111
10001001001100100101111011101010111
10001001010000101000010011001010111
10001001010100101010101010101010111
10001001010100101101000010001010111
10001001011100101111011001001010111
10001001100000110001101111101010111
10001001100100110100000110001010111
10001001101100110110011100001010111
10001001110100111000110001001010111
10001001111100111011000110001010111
10001010000100111101011010101010111
10001010001100111111101110001010111
10001010011001000010000001101010111
10001010100101000100010011101010111
10001010100111111011101100001010111
10001010011011111101111110001010111
10001010001100000000010001101010111
10001010000100000010100101001010111
10001001111100000100111001101010111
10001001110100000111001110101010111
10001001101100001001100011101010111
10001001100100001011111001101010111
10001001100000001110010000001010111
10001001011100010000100110101010111
10001001010100010010111101101010111
10001001010100010101010101001010111
10001001010000010111101100101010111
10001001001100011010000100001010111
10001001001100011100011100001010111
10001001001100011110110100001010111
10001001001100100001001011101010111
10001001001100100011100011101010111
10001001001100100101111011101010111
10001001010000101000010011001010111
10001001010100101010101010101010111
10001001010100101101000010001010111
10001001011100101111011001001010111
10001001100000110001101111101010111
10001001100100110100000110001010111
10001001101100110110011100001010111
10001001110100111000110001001010111
10001001111100111011000110001010111
10001010000100111101011010101010111
10001010001100111111101110001010111
10001010011001000010000001101010111
10001010100101000100010011101010111
10001010100111111011101100001010111
10001010011011111101111110001010111
10001010001100000000010001101010111
10001010000100000010100101001010111
10001001111100000100111001101010111
10001001110100000111001110101010111
10001001101100001001100011101010111
10001001100100001011111001101010111
10001001100000001110010000001010111
10001001011100010000100110101010111
10001001010100010010111101101010111
10001001010100010101010101001010111
10001001010000010111101100101010111
10001001001100011010000100001010111
10001001001100011100011100001010111
10001001001100011110110100001010111
10001001001100100001001011101011000
10001001001100100011100011101011000
10001001001100100101111011101011000
10001001010000101000010011001010111
10001001010100101010101010101010111
10001001010100101101000010001010111
10001001011100101111011001001010111
10001001100000110001101111101010111
10001001100100110100000110001010111
10001001101100110110011100001010111
10001001110100111000110001001010111
10001001111100111011000110001010111
10001010000100111101011010101010111
10001010001100111111101110001010111
10001010011001000010000001101010111
10001010100101000100010011101010111
10001010100111111011101100001010111
10001010011011111101111110001010111
10001010001100000000010001101010111
10001010000100000010100101001010111
10001001111100000100111001101010111
10001001110100000111001110101010111
10001001101100001001100011101010111
10001001100100001011111001101010111
10001001100000001110010000001010111
10001001011100010000100110101010111
10001001010100010010111101101010111
10001001010100010101010101001010111
10001001010000010111101100101010111
10001001001100011010000100001011000
10001001001100011100011100001011000
10001001001100011110110100001011000
10001001001100100001001011101011000
10001001001100100011100011101011000
10001001001100100101111011101011000
10001001010000101000010011001011000
10001001010100101010101010101011000
10001001010100101101000010001011000
10001001011100101111011001001011000
10001001100000110001101111101011000
10001001100100110100000110001011000
10001001101100110110011100001011000
10001001110100111000110001001011000
10001001111100111011000110001011000
10001010000100111101011010101011000
10001010001100111111101110001011000
10001010011001000010000001101011000
10001010100101000100010011101011000
10001010100111111011101100001011000
10001010011011111101111110001011000
10001010001100000000010001101011000
10001010000100000010100101001011000
10001001111100000100111001101011000
10001001110100000111001110101011000
10001001101100001001100011101011000
10001001100100001011111001101011000
10001001100000001110010000001011000
10001001011100010000100110101011000
10001001010100010010111101101011000
10001001010100010101010101001011000
10001001010000010111101100101011000
10001001001100011010000100001011000
10001001001100011100011100001011000
10001001001100011110110100001011000
10001001001100100001001011101011000
10001001001100100011100011101011000
10001001001100100101111011101011000
10001001010000101000010011001011000
10001001010100101010101010101011000
10001001010100101101000010001011000
10001001011100101111011001001011000
10001001100000110001101111101011000
10001001100100110100000110001011000
10001001101100110110011100001011000
10001001110100111000110001001011000
10001001111100111011000110001011000
10001010000100111101011010101011000
10001010001100111111101110001011000
10001010011001000010000001101011000
10001010100101000100010011101011000
10001010100111111011101100001011000
10001010011011111101111110001011000
10001010001100000000010001101011000
10001010000100000010100101001011000
10001001111100000100111001101011000
10001001110100000111001110101011000
10001001101100001001100011101011000
10001001100100001011111001101011000
10001001100000001110010000001011000
10001001011100010000100110101011000
10001001010100010010111101101011000
10001001010100010101010101001011000
10001001010000010111101100101011000
10001001001100011010000100001011000
10001001001100011100011100001011000
10001001001100011110110100001011000
10001001001100100001001011101011000
10001001001100100011100011101011000
10001001001100100101111011101011000
10001001010000101000010011001011000
10001001010100101010101010101011000
10001001010100101101000010001011000
10001001011100101111011001001011000
10001001100000110001101111101011000
10001001100100110100000110001011000
10001001101100110110011100001011000
10001001110100111000110001001011000
10001001111100111011000110001011000
10001010000100111101011010101011000
10001010001100111111101110001011000
10001010011001000010000001101011000
10001010100101000100010011101011000
10001010100111111011101100001011000
10001010011011111101111110001011000
10001010001100000000010001101011000
10001010000100000010100101001011000
10001001111100000100111001101011000
10001001110100000111001110101011000
10001001101100001001100011101011000
10001001100100001011111001101011000
10001001100000001110010000001011000
10001001011100010000100110101011000
10001001010100010010111101101011000
10001001010100010101010101001011000
10001001010000010111101100101011000
10001001001100011010000100001011000
10001001001100011100011100001011000
10001001001100011110110100001011000
10001001001100100001001011101010111
10001001001100100011100011101010111
10001001001100100101111011101010111
10001001010000101000010011001010111
10001001010100101010101010101010111
10001001010100101101000010001010111
10001001011100101111011001001010111
10001001100000110001101111101010111
10001001100100110100000110001010111
10001001101100110110011100001010111
10001001110100111000110001001010111
10001001111100111011000110001010111
10001010000100111101011010101010111
10001010001100111111101110001010111
10001010011001000010000001101010111
10001010100101000100010011101010111
10001010100111111011101100001010111
10001010011011111101111110001010111
10001010001100000000010001101010111
10001010000100000010100101001010111
10001001111100000100111001101010111
10001001110100000111001110101010111
10001001101100001001100011101010111
10001001100100001011111001101010111
10001001100000001110010000001010111
10001001011100010000100110101010111
10001001010100010010111101101010111
10001001010100010101010101001010111
10001001010000010111101100101010111
10001001001100011010000100001010111
10001001001100011100011100001010111
10001001001100011110110100001010111
10001001001100100001001011101010111
10001001001100100011100011101010111
10001001001100100101111011101010111
10001001010000101000010011001010111
10001001010100101010101010101010111
10001001010100101101000010001010111
10001001011100101111011001001010111
10001001100000110001101111101010111
10001001100100110100000110001010111
10001001101100110110011100001010111
10001001110100111000110001001010111
10001001111100111011000110001010111
10001010000100111101011010101010111
10001010001100111111101110001010111
10001010011001000010000001101010111
10001010100101000100010011101010111
10001010100111111011101100001010111
10001010011011111101111110001010111
10001010001100000000010001101010111
10001010000100000010100101001010111
10001001111100000100111001101010111
10001001110100000111001110101010111
10001001101100001001100011101010111
10001001100100001011111001101010111
10001001100000001110010000001010111
10001001011100010000100110101010111
10001001010100010010111101101010111
10001001010100010101010101001010111
10001001010000010111101100101010111
10001001001100011010000100001010111
10001001001100011100011100001010111
10001001001100011110110100001010111
10001001001100100001001011101010111
10001001001100100011100011101010111
10001001001100100101111011101010111
10001001010000101000010011001010111
10001001010100101010101010101010111
10001001010100101101000010001010111
10001001011100101111011001001010111
10001001100000110001101111101010111
10001001100100110100000110001010111
10001001101100110110011100001010111
10001001110100111000110001001010111
10001001111100111011000110001010111
10001010000100111101011010101010111
10001010001100111111101110001010111
10001010011001000010000001101010111
10001010100101000100010011101010111
10001010100111111011101100001010111
10001010011011111101111110001010111
10001010001100000000010001101010111
10001010000100000010100101001010111
10001001111100000100111001101010111
10001001110100000111001110101010111
10001001101100001001100011101010111
10001001100100001011111001101010111
10001001100000001110010000001010111
10001001011100010000100110101010111
10001001010100010010111101101010111
10001001010100010101010101001010111
10001001010000010111101100101010111
10001001001100011010000100001010111
10001001001100011100011100001010111
10001001001100011110110100001010111
10001001001100100001001011101010111
10001001001100100011100011101010111
10001001001100100101111011101010111
10001001010000101000010011001010111
10001001010100101010101010101010111
10001001010100101101000010001010111
10001001011100101111011001001010111
10001001100000110001101111101010111
10001001100100110100000110001010111
10001001101100110110011100001010111
10001001110100111000110001001010111
10001001111100111011000110001010111
10001010000100111101011010101010111
10001010001100111111101110001010111
10001010011001000010000001101010111
10001010100101000100010011101010111
10001010100111111011101100001010111
10001010011011111101111110001010111
10001010001100000000010001101010111
10001010000100000010100101001010111
10001001111100000100111001101010111
10001001110100000111001110101010111
10001001101100001001100011101010111
10001001100100001011111001101010111
10001001100000001110010000001010111
10001001011100010000100110101010111
10001001010100010010111101101010111
10001001010100010101010101001010111
10001001010000010111101100101010111
10001001001100011010000100001010111
10001001001100011100011100001010111
10001001001100011110110100001010111
10001001001100100001001011101010111
10001001001100100011100011101010111
10001001001100100101111011101010111
10001001010000101000010011001010111
10001001010100101010101010101010111
10001001010100101101000010001010111
10001001011100101111011001001010111
10001001100000110001101111101010111
10001001100100110100000110001010111
10001001101100110110011100001010111
10001001110100111000110001001010111
10001001111100111011000110001010111
10001010000100111101011010101010111
10001010001100111111101110001010111
10001010011001000010000001101010111
10001010100101000100010011101010111
10001010100111111011101100001010111
10001010011011111101111110001010111
10001010001100000000010001101010111
10001010000100000010100101001010111
10001001111100000100111001101010111
10001001110100000111001110101010111
10001001101100001001100011101010111
10001001100100001011111001101010111
10001001100000001110010000001010111
10001001011100010000100110101010111
10001001010100010010111101101010111
10001001010100010101010101001010111
10001001010000010111101100101010111
10001001001100011010000100001010111
10001001001100011100011100001010111
10001001001100011110110100001010111
10001001001100100001001011101010111
10001001001100100011100011101010111
10001001001100100101111011101010111
10001001010000101000010011001010111
10001001010100101010101010101010111
10001001010100101101000010001010111
10001001011100101111011001001010111
10001001100000110001101111101010111
10001001100100110100000110001010111
10001001101100110110011100001010111
10001001110100111000110001001010111
10001001111100111011000110001010111
10001010000100111101011010101010111
10001010001100111111101110001010111
10001010011001000010000001101010111
10001010100101000100010011101010111
10001010100111111011101100001010111
10001010011011111101111110001010111
10001010001100000000010001101010111
10001010000100000010100101001010111
10001001111100000100111001101010111
10001001110100000111001110101010111
10001001101100001001100011101010111
10001001100100001011111001101010111
10001001100000001110010000001010111
10001001011100010000100110101010111
10001001010100010010111101101010111
10001001010100010101010101001010111
10001001010000010111101100101010111
10001001001100011010000100001010111
10001001001100011100011100001010111
10001001001100011110110100001010111
10001001001100100001001011101010111
10001001001100100011100011101010111
10001001001100100101111011101010111
10001001010000101000010011001010111
10001001010100101010101010101010111
10001001010100101101000010001010111
10001001011100101111011001001010111
10001001100000110001101111101010111
10001001100100110100000110001010111
10001001101100110110011100001010111
10001001110100111000110001001010111
10001001111100111011000110001010111
10001010000100111101011010101010111
10001010001100111111101110001010111
10001010011001000010000001101010111
10001010100101000100010011101010111
10001010100111111011101100001010111
10001010011011111101111110001010111
10001010001100000000010001101010111
10001010000100000010100101001010111
10001001111100000100111001101010111
10001001110100000111001110101010111
10001001101100001001100011101010111
10001001100100001011111001101010111
10001001100000001110010000001010111
10001001011100010000100110101010111
10001001010100010010111101101010111
10001001010100010101010101001010111
10001001010000010111101100101010111
10001001001100011010000100001010111
10001001001100011100011100001010111
10001001001100011110110100001010111
10001001001100100001001011101010111
10001001001100100011100011101010111
10001001001100100101111011101010111
10001001010000101000010011001010111
10001001010100101010101010101010111
10001001010100101101000010001010111
10001001011100101111011001001010111
10001001100000110001101111101010111
10001001100100110100000110001010111
10001001101100110110011100001010111
10001001110100111000110001001010111
10001001111100111011000110001010111
10001010000100111101011010101010111
10001010001100111111101110001010111
10001010011001000010000001101010111
10001010100101000100010011101010111
10001010100111111011101100001010111
10001010011011111101111110001010111
10001010001100000000010001101010111
10001010000100000010100101001010111
10001001111100000100111001101010111
10001001110100000111001110101010111
10001001101100001001100011101010111
10001001100100001011111001101010111
10001001100000001110010000001010111
10001001011100010000100110101010111
10001001010100010010111101101010111
10001001010100010101010101001010111
10001001010000010111101100101010111
10001001001100011010000100001010111
10001001001100011100011100001010111
10001001001100011110110100001010111
