10100010011000001001101111011101110
10100010011100001101001101111101110
10100010100000010000101011111101110
10100010100100010100001001111101110
10100010110000010111100111011101110
10100010111000011011000011111101110
10100011001000011110011111011101110
10100011010100100001111010011101110
10100011010111101110000101111101110
10100011001011110001100000111101110
10100010111011110100111100011101110
10100010110011111000011000111101110
10100010100111111011110110011101110
10100010100011111111010100011101110
10100010011100000010110010011101110
10100010011000000110010000111101110
10100010000000001001101111111101110
10100010000000001101001111011101110
10100010000100010000101110011101110
10100010001100010100001101011101110
10100010010100010111101011011101110
10100010100000011011001000111101110
10100010101100011110100101111101110
10100010111100100010000001011101110
10100010111111101101111110111101110
10100010101111110001011010011101110
10100010100011110100110111011101110
10100010010111111000010100111101110
10100010001111111011110010111101110
10100010000111111111010001111101110
10100010000000000010110000111101110
10100010000000000110010000011101110
10100001100100001001110000011101110
10100001101000001101010000111101110
10100001101100010000110000111101110
10100001110000010100010000111101110
10100001111100010111101111111101110
10100010000100011011001110011101110
10100010010000011110101011111101110
10100010100000100010001000011101110
10100010100011101101110111111101110
10100010010011110001010100011101110
10100010000111110100110001111101110
10100001111111111000010000011101110
10100001110011111011101111011101110
10100001101111111111001111011101110
10100001101000000010101111011101110
10100001100100000110001111111101110
10100001001000001001110000111101110
10100001001100001101010010011101110
10100001010000010000110011011101110
10100001011000010100010100011101110
10100001100000010111110100011101110
10100001101100011011010011111101110
10100001111000011110110010011101110
10100010001000100010001111111101110
10100010001011101101110000011101110
10100001111011110001001101111101110
10100001101111110100101100011101110
10100001100011111000001011111101110
10100001011011111011101011111101110
10100001010011111111001100111101110
10100001001100000010101101111101110
10100001001000000110001111011101110
10100000110000001001110001011101110
10100000110000001101010011111101110
10100000111000010000110101111101110
10100000111100010100010111111101110
10100001000100010111111000111101110
10100001010000011011011001011101110
10100001011100011110111000111101110
10100001101100100010010111011101110
10100001101111101101101000111101110
10100001011111110001000111011101110
10100001010011110100100110111101110
10100001000111111000000111011101110
10100000111111111011101000011101110
10100000111011111111001010011101110
10100000110000000010101100011101110
10100000110000000110001110111101110
10100000010100001001110001111101110
10100000011000001101010101011101110
10100000011100010000111000011101110
10100000100100010100011011011101110
10100000101100010111111101011101110
10100000111000011011011110111101110
10100001000100011110111111011101110
10100001010100100010011110011101110
10100001010111101101100001111101110
10100001000111110001000000111101110
10100000111011110100100001011101110
10100000101111111000000010111101110
10100000100111111011100100111101110
10100000011111111111000111111101110
10100000011000000010101010111101110
10100000010100000110001110011101110
10011111111100001001110010011101110
10011111111100001101010110111101110
10100000000000010000111010111101110
10100000001000010100011110111101110
10100000010000011000000001111101110
10100000011100011011100100011101110
10100000101000011111000101111101110
10100000111000100010100101111101110
10100000111011101101011010011101110
10100000101011110000111010011101110
10100000011111110100011011111101110
10100000010011110111111110011101110
10100000001011111011100001011101110
10100000000011111111000101011101110
10011111111100000010101001011101110
10011111111100000110001101111101110
10011111100000001001110010111101110
10011111100100001101011000011101110
10011111101000010000111101011101110
10011111110000010100100010011101110
10011111111000011000000110011101110
10100000000100011011101001111101110
10100000010000011111001100011101110
10100000100000100010101101011101110
10100000100011101101010010111101110
10100000010011110000110011111101110
10100000000111110100010110011101110
10011111111011110111111001111101110
10011111110011111011011101111101110
10011111101011111111000010111101110
10011111100100000010100111111101110
10011111100000000110001101011101110
10011111001000001001110011011101110
10011111001000001101011001111101110
10011111001100010000111111111101110
10011111010100010100100101111101110
10011111011100011000001010111101110
10011111101000011011101111011101110
10011111110100011111010010111101110
10100000000100100010110100111101110
10100000000111101101001011011101110
10011111110111110000101101011101110
10011111101011110100010000111101110
10011111011111110111110101011101110
10011111010111111011011010011101110
10011111001111111111000000011101110
10011111001000000010100110011101110
10011111001000000110001100111101110
10011110101100001001110011111101110
10011110110000001101011011011101110
10011110110100010001000010111101110
10011110111100010100101001011101110
10011111000100011000001111111101110
10011111010000011011110100111101110
10011111011100011111011001011101110
10011111101100100010111100111101110
10011111101111101101000011011101110
10011111011111110000100110111101110
10011111010011110100001011011101110
10011111000111110111110000011101110
10011110111111111011010110111101110
10011110110111111110111101011101110
10011110110000000010100100111101110
10011110101100000110001100011101110
10011110010100001001110100011101110
10011110010100001101011100111101110
10011110011000010001000101011101110
10011110100000010100101101011101110
10011110101000011000010100011101110
10011110110100011011111010111101110
10011111000000011111100000011101110
10011111010000100011000100011101110
10011111010011101100111011111101110
10011111000011110000011111111101110
10011110110111110100000101011101110
10011110101011110111101011111101110
10011110100011111011010010111101110
10011110011011111110111010111101110
10011110010100000010100011011101110
10011110010100000110001011111101110
10011101111000001001110100111101110
10011101111100001101011110111101110
10011110000000010001000111111101110
10011110000100010100110000111101110
10011110010000011000011001011101110
10011110011100011100000000011101110
10011110101000011111100110111101110
10011110111000100011001100011101110
10011110111011101100110011111101110
10011110101011110000011001011101110
10011110011111110011111111111101110
10011110010011110111100110111101110
10011110000111111011001111011101110
10011110000011111110111000011101110
10011101111100000010100001011101110
10011101111000000110001011011101110
10011101011100001001110101011101110
10011101100000001101100000011101110
10011101100100010001001010111101110
10011101101100010100110100011101110
10011101110100011000011101111101110
10011110000000011100000110011101110
10011110001100011111101101111101110
10011110011100100011010100011101110
10011110011111101100101011111101110
10011110001111110000010010011101110
10011110000011110011111001111101110
10011101110111110111100010011101110
10011101101111111011001011111101110
10011101100111111110110101011101110
10011101100000000010011111111101110
10011101011100000110001010111101110
10011101000100001001110101111101110
10011101001000001101100001111101110
10011101001100010001001101011101110
10011101010000010100111000011101110
10011101011100011000100010111101110
10011101101000011100001100011101110
10011101110100011111110100111101110
10011110000100100011011011111101110
10011110000111101100100100011101110
10011101110111110000001011011101110
10011101101011110011110011111101110
10011101011111110111011101011101110
10011101010011111011000111111101110
10011101001111111110110010111101110
10011101001000000010011110011101110
10011101000100000110001010011101110
10011100101000001001110110011101111
10011100101100001101100011011101111
10011100110000010001001111111101111
10011100111000010100111100011101110
10011101000000011000100111111101110
10011101001100011100010010011101110
10011101011000011111111011111101110
10011101101000100011100011111101110
10011101101011101100011100011101110
10011101011011110000000100011101110
10011101001111110011101101111101110
10011101000011110111011000011101110
10011100111011111011000011111101110
10011100110011111110110000011101111
10011100101100000010011100111101111
10011100101000000110001001111101111
10011100010000001001110111011101111
10011100010000001101100101011101111
10011100011000010001010010111101111
10011100011100010100111111111101111
10011100101000011000101100011101111
10011100110000011100011000011101111
10011101000000100000000010111101110
10011101010000100011101100011101110
10011101010011101100010011111101110
10011101000011101111111101011101110
10011100110011110011100111111101111
10011100101011110111010011111101111
10011100011111111011000000011101111
10011100011011111110101101011101111
10011100010000000010011010111101111
10011100010000000110001000111101111
10101000111100001001101000011101110
10101001000000001100111000011101110
10101001000100010000000111111101110
10101001001000010011010111011101110
10101001010000010110100110011101110
10101001011100011001110100111101110
10101001101000011101000010111101110
10101001110100100000001111111101110
10101001110111101111110000011101110
10101001101011110010111101011101110
10101001011111110110001011011101110
10101001010011111001011001111101110
10101001001011111100101000111101110
10101001000111111111111000011101110
10101001000000000011000111111101110
10101000111100000110010111111101110
10101000100000001001101000011101110
10101000100100001100111001011101110
10101000101000010000001001111101110
10101000110000010011011010011101110
10101000111000010110101010011101110
10101001000000011001111001011101110
10101001001100011101001000011101110
10101001011100100000010101111101110
10101001011111101111101010011101110
10101001001111110010110111111101110
10101001000011110110000110111101110
10101000111011111001010101111101110
10101000110011111100100101111101110
10101000101011111111110110011101110
10101000100100000011000110111101110
10101000100000000110010111111101110
10101000001000001001101000111101110
10101000001000001100111010111101110
10101000001100010000001100011101110
10101000010100010011011101011101110
10101000011100010110101110011101110
10101000101000011001111110011101110
10101000110100011101001101111101110
10101001000000100000011100011101110
10101001000011101111100011111101110
10101000110111110010110010011101110
10101000101011110110000001111101110
10101000011111111001010001111101110
10101000010111111100100010111101110
10101000001111111111110011111101110
10101000001000000011000101011101110
10101000001000000110010111011101110
10100111101100001001101001011101110
10100111110000001100111011111101110
10100111110100010000001110011101110
10100111111000010011100000011101110
10101000000100010110110001111101110
10101000001100011010000010111101110
10101000011000011101010011011101110
10101000101000100000100010011101110
10101000101011101111011101111101110
10101000011011110010101100111101110
10101000001111110101111101011101110
10101000000111111001001110011101110
10100111111011111100011111111101110
10100111110111111111110001111101110
10100111110000000011000100011101110
10100111101100000110010110111101110
10100111010100001001101001111101110
10100111010100001100111101011101110
10100111011000010000010000011101110
10100111100000010011100011011101110
10100111101000010110110101111101110
10100111110100011010000111111101110
10101000000000011101011000111101110
10101000001100100000101000111101110
10101000001111101111010111011101110
10101000000011110010100111011101110
10100111110111110101111000011101110
10100111101011111001001010011101110
10100111100011111100011100111101110
10100111011011111111101111111101110
10100111010100000011000010111101110
10100111010100000110010110011101110
10100110111000001001101010011101110
10100110111100001100111110111101110
10100111000000010000010010111101110
10100111000100010011100110011101110
10100111001100010110111001111101110
10100111011000011010001100011101110
10100111100100011101011110011101110
10100111110100100000101111011101110
10100111110111101111010000111101110
10100111100111110010100001111101110
10100111011011110101110011111101110
10100111001111111001000110011101110
10100111000111111100011001111101110
10100111000011111111101101011101110
10100110111100000011000001011101110
10100110111000000110010101111101110
10100110100000001001101010111101110
10100110100000001100111111111101110
10100110100100010000010100111101110
10100110101100010011101001011101110
10100110110100010110111101111101110
10100110111100011010010001011101110
10100111001100011101100011111101110
10100111011000100000110101111101110
10100111011011101111001010011101110
10100111001111110010011100011101110
10100110111111110101101110111101110
10100110110111111001000010011101110
10100110101111111100010110111101110
10100110100111111111101011011101110
10100110100000000011000000011101110
10100110100000000110010101011101110
10100110000100001001101011011101110
10100110001000001101000001011101110
10100110001100010000010111011101110
10100110010000010011101100111101110
10100110011000010111000001111101110
10100110100100011010010110011101110
10100110110000011101101001111101110
10100111000000100000111100011101110
10100111000011101111000011111101110
10100110110011110010010110011101110
10100110100111110101101001111101110
10100110011011111000111110011101110
10100110010011111100010011011101110
10100110001111111111101000111101110
10100110001000000010111110111101110
10100110000100000110010100111101110
10100101101100001001101011111101110
10100101101100001101000010111101110
10100101110000010000011001011101110
10100101111000010011101111111101110
10100110000000010111000101111101110
10100110001000011010011010111101110
10100110011000011101101111011101110
10100110100100100001000011011101110
10100110100111101110111100111101110
10100110011011110010010000111101110
10100110001011110101100101011101110
10100110000011111000111010011101110
10100101111011111100010000011101110
10100101110011111111100110111101110
10100101101100000010111101011101110
10100101101100000110010100011101110
10100101010000001001101011111101110
10100101010100001101000011111101110
10100101011000010000011011111101110
10100101011100010011110010111101110
10100101100100010111001001111101110
10100101110000011010011111111101110
10100101111100011101110101011101110
10100110001100100001001001111101110
10100110001111101110110110011101110
10100101111111110010001010111101110
10100101110011110101100000011101110
10100101100111111000110110011101110
10100101011111111100001101011101110
10100101011011111111100100011101110
10100101010100000010111100011101110
10100101010000000110010100011101110
10100100110100001001101100011101110
10100100111000001101000101011101110
10100100111100010000011101111101110
10100101000100010011110110011101110
10100101001100010111001101111101110
10100101010100011010100100111101110
10100101100100011101111011011101110
10100101110000100001010000011101110
10100101110011101110101111111101110
10100101100111110010000100111101110
10100101010111110101011011011101110
10100101001111111000110010011101110
10100101000111111100001001111101110
10100100111111111111100010011101110
10100100111000000010111010111101110
10100100110100000110010011111101110
10100100011100001001101100111101110
10100100011100001101000110111101110
10100100100100010000100000011101110
10100100101000010011111001011101110
10100100110000010111010001111101110
10100100111100011010101001111101110
10100101001000011110000001011101110
10100101011000100001010111011101110
10100101011011101110101000111101110
10100101001011110001111110111101110
10100100111111110101010110011101110
10100100110011111000101110011101110
10100100101011111100000110111101110
10100100100111111111011111111101110
10100100011100000010111001011101110
10100100011100000110010011011101110
10100100000000001001101101011101110
10100100000100001101001000011101110
10100100001000010000100010011101110
10100100010000010011111100111101110
10100100011000010111010110011101110
10100100100000011010101110111101110
10100100110000011110000111011101110
10100100111100100001011110011101110
10100100111111101110100001111101110
10100100110011110001111000111101110
10100100100011110101010001011101110
10100100011011111000101001111101110
10100100010011111100000011011101110
10100100001011111111011101111101110
10100100000100000010110111111101110
10100100000000000110010010111101110
10100011101000001001101101111101110
10100011101000001101001001011101110
10100011101100010000100100111101110
10100011110100010011111111111101110
10100011111100010111011010011101110
10100100001000011010110100011101110
10100100010100011110001101011101110
10100100100100100001100100111101110
10100100100111101110011011011101110
10100100010111110001110010111101110
10100100001011110101001011111101110
10100011111111111000100101111101110
10100011110111111100000000011101110
10100011101111111111011011011101110
10100011101000000010110110111101110
10100011101000000110010010011101110
10100011001100001001101110011101110
10100011010000001101001010111101110
10100011010100010000100111011101110
10100011011000010100000011011101110
10100011100100010111011110111101110
10100011101100011010111001011101110
10100011111100011110010011011101110
10100100001000100001101011111101110
10100100001011101110010100011101110
10100011111111110001101100111101110
10100011101111110101000110111101110
10100011100111111000100001011101110
10100011011011111011111100111101110
10100011010111111111011000111101110
10100011010000000010110101011101110
10100011001100000110010001111101110
10100010110100001001101110111101110
10100010110100001101001100011101110
10100010111000010000101001111101110
10100011000000010100000110011101110
10100011001000010111100010111101110
10100011010100011010111110011101110
10100011100000011110011001011101110
10100011110000100001110010111101110
10100011110011101110001101011101110
10100011100011110001100110111101110
10100011010111110101000001111101110
10100011001011111000011101011101110
10100011000011111011111001111101110
10100010111011111111010110011101110
10100010110100000010110011111101110
10100010110100000110010001011101110
