10100101101100001000110101111101110
10100101101100001010100001011101110
10100101101100001100001100111101110
10100101101100001101111000011101110
10100101110000001111100011111101110
10100101110100010001001110111101110
10100101110100010010111010011101110
10100101111000010100100101011101110
10100101111100010110010000011101110
10100110000000010111111011011101110
10100110001000011001100101111101110
10100110001100011011010000011101110
10100110010100011100111010011101110
10100110011000011110100100011101110
10100110100000100000001110011101110
10100110101000100001110111111101110
10100110101011101110001000011101110
10100110100011101111110001111101110
10100110011011110001011011111101110
10100110010111110011000101111101110
10100110001111110100101111111101110
10100110001011110110011010011101110
10100110000011111000000100111101110
10100101111111111001101111111101110
10100101111011111011011010111101110
10100101110111111101000101111101110
10100101110111111110110001011101110
10100101110000000000011100011101110
10100101101100000010000111111101110
10100101101100000011110011011101110
10100101101100000101011110111101110
10100101101100000111001010011101110
10100101010000001000110101111101110
10100101010000001010100001111101110
10100101010000001100001101111101110
10100101010100001101111001111101110
10100101010100001111100101111101110
10100101011000010001010001011101110
10100101011100010010111101011101110
10100101100000010100101000111101110
10100101100100010110010100011101110
10100101101000010111111111011101110
10100101101100011001101010011101110
10100101110100011011010101011101110
10100101111000011101000000011101110
10100110000000011110101010011101110
10100110001000100000010100111101110
10100110010000100001111110111101110
10100110010011101110000001011101110
10100110001011101111101011011101110
10100110000011110001010101111101110
10100101111011110010111111111101110
10100101110111110100101010111101110
10100101101111110110010101111101110
10100101101011111000000000111101110
10100101100111111001101011111101110
10100101100011111011010111011101110
10100101011111111101000010111101110
10100101011011111110101110111101110
10100101010100000000011010011101110
10100101010100000010000110011101110
10100101010000000011110010011101110
10100101010000000101011110011101110
10100101010000000111001010011101110
10100100110100001000110110011101110
10100100111000001010100010111101110
10100100111000001100001111011101110
10100100111000001101111011011101110
10100100111100001111100111111101110
10100100111100010001010011111101110
10100101000000010011000000011101110
10100101000100010100101100011101110
10100101001000010110010111111101110
10100101001100011000000011111101110
10100101010100011001101111011101110
10100101011000011011011010111101110
10100101100000011101000101111101110
10100101100100011110110000111101110
10100101101100100000011011011101110
10100101110100100010000101111101110
10100101110111101101111010011101110
10100101101111101111100100111101110
10100101100111110001001111011101110
10100101100011110010111010011101110
10100101011011110100100101011101110
10100101010111110110010000111101110
10100101001111110111111100011101110
10100101001011111001101000011101110
10100101000111111011010011111101110
10100101000011111100111111111101110
10100100111111111110101100011101110
10100100111100000000011000011101110
10100100111000000010000100111101110
10100100111000000011110000111101110
10100100111000000101011101011101110
10100100110100000111001001111101110
10100100011100001000110110011101110
10100100011100001010100011011101110
10100100011100001100010000011101110
10100100100000001101111101011101110
10100100100000001111101001111101110
10100100100100010001010110011101110
10100100101000010011000011011101110
10100100101100010100101111111101110
10100100110000010110011011111101110
10100100110100011000000111111101110
10100100111000011001110011111101110
10100101000000011011011111111101110
10100101000100011101001011011101110
10100101001100011110110110111101110
10100101010100100000100001111101110
10100101011100100010001100111101110
10100101011111101101110011011101110
10100101010111101111011110011101110
10100101001111110001001001011101110
10100101000111110010110100111101110
10100101000011110100100000011101110
10100100111011110110001100011101110
10100100110111110111111000011101110
10100100110011111001100100011101110
10100100101111111011010000011101110
10100100101011111100111100111101110
10100100100111111110101001111101110
10100100100000000000010110011101110
10100100100000000010000010111101110
10100100011100000011101111111101110
10100100011100000101011100111101110
10100100011100000111001001111101110
10100100000000001000110110111101110
10100100000000001010100100011101110
10100100000100001100010001011101110
10100100000100001101111110111101110
10100100001000001111101011111101110
10100100001000010001011001011101110
10100100001100010011000110011101110
10100100010000010100110010111101110
10100100010100010110011111111101110
10100100011000011000001100011101110
10100100100000011001111000111101110
10100100100100011011100101011101110
10100100101100011101010001011101110
10100100110000011110111100111101110
10100100111000100000101000011101110
10100101000000100010010011111101110
10100101000011101101101100011101110
10100100111011101111010111111101110
10100100110011110001000011011101110
10100100101111110010101110111101110
10100100100111110100011010111101110
10100100100011110110000111011101110
10100100011011110111110011111101110
10100100010111111001100000011101110
10100100010011111011001101011101110
10100100001111111100111001111101110
10100100001011111110100110111101110
10100100001000000000010100011101110
10100100000100000010000001011101110
10100100000100000011101110111101110
10100100000000000101011011111101110
10100100000000000111001001011101110
10100011101000001000110110111101110
10100011101000001010100100111101110
10100011101000001100010010111101110
10100011101100001110000000011101110
10100011101100001111101110011101110
10100011110000010001011011111101110
10100011110100010011001001011101110
10100011111000010100110110011101110
10100011111100010110100011111101110
10100100000000011000010000111101110
10100100000100011001111101111101110
10100100001100011011101010011101110
10100100010000011101010110111101110
10100100011000011111000011011101110
10100100100000100000101111011101110
10100100101000100010011010111101110
10100100101011101101100101011101110
10100100100011101111010000111101110
10100100011011110000111100111101110
10100100010011110010101001011101110
10100100001111110100010101111101110
10100100000111110110000010011101110
10100100000011110111101111011101110
10100011111111111001011100011101110
10100011111011111011001001011101110
10100011110111111100110110111101110
10100011110011111110100100011101110
10100011101100000000010001111101110
10100011101100000001111111111101110
10100011101000000011101101011101110
10100011101000000101011011011101110
10100011101000000111001001011101110
10100011001100001000110111011101110
10100011001100001010100101011101110
10100011010000001100010011111101110
10100011010000001110000001111101110
10100011010100001111110000011101110
10100011010100010001011110011101110
10100011011000010011001100011101110
10100011011100010100111010011101110
10100011100000010110100111111101110
10100011100100011000010101011101110
10100011101100011010000010111101110
10100011110000011011101111111101110
10100011111000011101011100111101110
10100011111100011111001001011101110
10100100000100100000110101111101110
10100100001100100010100010011101110
10100100001111101101011101111101110
10100100000111101111001010011101110
10100011111111110000110110111101110
10100011111011110010100011011101110
10100011110011110100010000011101110
10100011101111110101111101011101110
10100011100111110111101010111101110
10100011100011111001011000011101110
10100011011111111011000101111101110
10100011011011111100110011111101110
10100011010111111110100001111101110
10100011010100000000001111111101110
10100011010000000001111110011101110
10100011010000000011101100011101110
10100011001100000101011010111101110
10100011001100000111001000111101110
10100010110100001000110111011101110
10100010110100001010100110011101110
10100010110100001100010100111101110
10100010110100001110000011111101110
10100010111000001111110010011101110
10100010111100010001100000111101110
10100010111100010011001111011101110
10100011000000010100111101111101110
10100011001000010110101011111101110
10100011001100011000011001111101110
10100011010000011010000111111101110
10100011011000011011110101011101110
10100011011100011101100010111101110
10100011100100011111001111111101110
10100011101100100000111100111101110
10100011110100100010101001011101110
10100011110111101101010110111101110
10100011101111101111000011011101110
10100011100111110000110000011101110
10100011011111110010011101011101110
10100011011011110100001010111101110
10100011010011110101111000011101110
10100011001111110111100110011101110
10100011001011111001010100011101110
10100011000011111011000010011101110
10100010111111111100110000111101110
10100010111111111110011111011101110
10100010111000000000001101111101110
10100010110100000001111100011101110
10100010110100000011101011011101110
10100010110100000101011001111101110
10100010110100000111001000111101110
10101000111100001000110100011101110
10101000111100001010011100011101110
10101000111100001100000100011101110
10101001000000001101101100011101110
10101001000000001111010011111101110
10101001000100010000111011111101110
10101001001000010010100011111101110
10101001001100010100001011011101110
10101001010000010101110010111101110
10101001010100010111011010011101110
10101001011000011001000001011101110
10101001011100011010101000011101110
10101001100100011100001111011101110
10101001101000011101110101111101110
10101001110000011111011100011101110
10101001111000100001000010111101110
10101001111011101110111101011101110
10101001110011110000100011111101110
10101001101011110010001010011101110
10101001100111110011110000111101110
10101001011111110101010111111101110
10101001011011110110111110111101110
10101001010111111000100101111101110
10101001010011111010001101011101110
10101001001111111011110100111101110
10101001001011111101011100011101110
10101001000111111111000100011101110
10101001000000000000101100011101110
10101001000000000010010011111101110
10101000111100000011111011111101110
10101000111100000101100011111101110
10101000111100000111001011111101110
10101000100000001000110100011101110
10101000100100001010011100111101110
10101000100100001100000101011101110
10101000100100001101101101111101110
10101000101000001111010101111101110
10101000101000010000111110011101110
10101000101100010010100110011101110
10101000110000010100001110011101110
10101000110100010101110110011101110
10101000111000010111011110011101110
10101000111100011001000101111101110
10101001000100011010101101011101110
10101001001000011100010100011101110
10101001010000011101111011111101110
10101001011000011111100010011101110
10101001100000100001001001011101110
10101001100011101110110110111101110
10101001011011110000011101111101110
10101001010011110010000100011101110
10101001001011110011101011111101110
10101001000111110101010010111101110
10101000111111110110111010011101110
10101000111011111000100001111101110
10101000110111111010001001111101110
10101000110011111011110001111101110
10101000101111111101011001111101110
10101000101011111111000001111101110
10101000101000000000101010011101110
10101000100100000010010010011101110
10101000100100000011111010111101110
10101000100100000101100011011101110
10101000100000000111001011111101110
10101000001000001000110100011101110
10101000001000001010011101011101110
10101000001000001100000110011101110
10101000001100001101101111011101110
10101000001100001111010111111101110
10101000010000010001000000011101110
10101000010100010010101001011101110
10101000010100010100010001111101110
10101000011000010101111001111101110
10101000100000010111100010011101110
10101000100100011001001010011101110
10101000101000011010110010011101110
10101000110000011100011001111101110
10101000110100011110000001011101110
10101000111100011111101000111101110
10101001000100100001001111111101110
10101001000111101110110000011101110
10101000111111110000010111011101110
10101000110111110001111110111101110
10101000110011110011100110011101110
10101000101011110101001101111101110
10101000100111110110110101111101110
10101000100011111000011101111101110
10101000011011111010000110011101110
10101000010111111011101110011101110
10101000010111111101010110111101110
10101000010011111110111111111101110
10101000001100000000101000011101110
10101000001100000010010000111101110
10101000001000000011111001111101110
10101000001000000101100010111101110
10101000001000000111001011111101110
10100111101100001000110100111101110
10100111101100001010011101111101110
10100111110000001100000111011101110
10100111110000001101110000111101110
10100111110100001111011001111101110
10100111110100010001000010111101110
10100111111000010010101011111101110
10100111111100010100010100111101110
10101000000000010101111101111101110
10101000000100010111100110011101110
10101000001000011001001110111101110
10101000010000011010110110111101110
10101000010100011100011111011101110
10101000011100011110000111011101110
10101000100100011111101110111101110
10101000101100100001010110011101110
10101000101111101110101001111101110
10101000100111110000010001011101110
10101000011111110001111000111101110
10101000010111110011100000111101110
10101000010011110101001001011101110
10101000001011110110110001011101110
10101000000111111000011001111101110
10101000000011111010000010011101110
10100111111111111011101011011101110
10100111111011111101010100011101110
10100111110111111110111101011101110
10100111110100000000100110011101110
10100111110000000010001111011101110
10100111110000000011111000111101110
10100111101100000101100010011101110
10100111101100000111001011011101110
10100111010100001000110100111101110
10100111010100001010011110111101110
10100111010100001100001000011101110
10100111011000001101110010011101110
10100111011000001111011011111101110
10100111011100010001000101011101110
10100111011100010010101110111101110
10100111100000010100011000011101110
10100111100100010110000001011101110
10100111101100010111101010011101110
10100111110000011001010011011101110
10100111110100011010111011111101110
10100111111100011100100100011101110
10101000000000011110001100111101110
10101000001000011111110100111101110
10101000010000100001011100111101110
10101000010011101110100011011101110
10101000001011110000001011011101110
10101000000011110001110011011101110
10100111111111110011011011111101110
10100111110111110101000100011101110
10100111110011110110101100111101110
10100111101111111000010101111101110
10100111100111111001111110111101110
10100111100011111011100111111101110
10100111011111111101010001011101110
10100111011111111110111010111101110
10100111011000000000100100011101110
10100111011000000010001101111101110
10100111010100000011110111111101110
10100111010100000101100001011101110
10100111010100000111001011011101110
10100110111000001000110101011101110
10100110111000001010011111011101110
10100110111100001100001001011101110
10100110111100001101110011111101110
10100111000000001111011101111101110
10100111000000010001000111111101110
10100111000100010010110001111101110
10100111001000010100011011011101110
10100111001100010110000100111101110
10100111010000010111101110011101110
10100111010100011001010111111101110
10100111011100011011000000111101110
10100111100000011100101001111101110
10100111101000011110010010111101110
10100111110000011111111011011101110
10100111111000100001100011011101110
10100111111011101110011100111101110
10100111110011110000000100111101110
10100111101011110001101101011101110
10100111100011110011010110011101110
10100111011111110100111111011101110
10100111010111110110101000011101110
10100111010011111000010001111101110
10100111001111111001111011011101110
10100111001011111011100100111101110
10100111000111111101001110011101110
10100111000011111110111000011101110
10100111000000000000100010011101110
10100110111100000010001100011101110
10100110111100000011110110111101110
10100110111000000101100000111101110
10100110111000000111001010111101110
10100110100000001000110101011101110
10100110100000001010011111111101110
10100110100000001100001010111101110
10100110100000001101110101011101110
10100110100100001111011111111101110
10100110101000010001001010011101110
10100110101000010010110100011101110
10100110101100010100011110111101110
10100110110000010110001000111101110
10100110111000010111110010111101110
10100110111100011001011100011101110
10100111000000011011000101111101110
10100111001000011100101111011101110
10100111001100011110011000111101110
10100111010100100000000001011101110
10100111011100100001101010011101110
10100111011111101110010101111101110
10100111010111101111111110111101110
10100111001111110001100111011101110
10100111001011110011010000111101110
10100111000011110100111010011101110
10100110111111110110100011111101110
10100110111011111000001101011101110
10100110110011111001110111011101110
10100110101111111011100001011101110
10100110101011111101001011111101110
10100110101011111110110101111101110
10100110100100000000100000011101110
10100110100000000010001010111101110
10100110100000000011110101011101110
10100110100000000101100000011101110
10100110100000000111001010111101110
10100110000100001000110101111101110
10100110000100001010100000111101110
10100110001000001100001011111101110
10100110001000001101110110111101110
10100110001000001111100001111101110
10100110001100010001001100011101110
10100110010000010010110111011101110
10100110010100010100100001111101110
10100110011000010110001100011101110
10100110011100010111110110111101110
10100110100000011001100001011101110
10100110101000011011001011011101110
10100110101100011100110100111101110
10100110110100011110011110011101110
10100110111100100000000111111101110
10100111000100100001110000111101110
10100111000111101110001111011101110
10100110111111101111111000011101110
10100110110111110001100001111101110
10100110101111110011001011011101110
10100110101011110100110100111101110
10100110100011110110011110111101110
10100110011111111000001001011101110
10100110011011111001110011111101110
10100110010111111011011110011101110
10100110010011111101001000111101110
10100110001111111110110011111101110
10100110001000000000011110011101110
10100110001000000010001001011101110
10100110001000000011110100011101110
10100110000100000101011111011101110
10100110000100000111001010011101110
