10011111001000001000111001111101110
10011111001000001010101100111101110
10011111001000001100100000011101110
10011111001100001110010011011101110
10011111001100010000000110011101110
10011111010000010001111001011101110
10011111010100010011101100011101110
10011111011000010101011111011101110
10011111011100010111010001111101110
10011111100000011001000100011101110
10011111100100011010110110011101110
10011111101100011100101000011101110
10011111110100011110011001111101110
10011111111000100000001011011101110
10100000000000100001111100111101110
10100000001000100011101101011101110
10100000001011101100010010111101110
10100000000011101110000011011101110
10011111111011101111110100111101110
10011111110111110001100110011101110
10011111101111110011010111111101110
10011111100111110101001001111101110
10011111100011110110111011111101110
10011111011111111000101110011101110
10011111011011111010100000111101110
10011111010111111100010011111101110
10011111010011111110000110111101110
10011111001111111111111001111101110
10011111001100000001101100111101110
10011111001000000011011111111101110
10011111001000000101010011011101110
10011111001000000111000110011101110
10011110101100001000111001111101110
10011110101100001010101101111101110
10011110110000001100100001011101110
10011110110000001110010101011101110
10011110110100010000001000111101110
10011110110100010001111100011101110
10011110111000010011101111111101110
10011110111100010101100010111101110
10011111000000010111010110011101110
10011111000100011001001000111101110
10011111001100011010111011111101110
10011111010000011100101110011101110
10011111011000011110100000011101110
10011111100000100000010010011101110
10011111101000100010000011111101110
10011111110000100011110101011101110
10011111110011101100001010111101110
10011111101011101101111100011101110
10011111100011101111101101111101110
10011111011011110001011111111101110
10011111010011110011010001111101110
10011111001111110101000100011101110
10011111000111110110110111011101110
10011111000011111000101001111101110
10011110111111111010011101011101110
10011110111011111100010000011101110
10011110110111111110000011111101110
10011110110111111111110111011101110
10011110110000000001101010111101110
10011110110000000011011110111101110
10011110101100000101010010011101110
10011110101100000111000110011101110
10011110010100001000111010011101110
10011110010100001010101110011101110
10011110010100001100100010111101110
10011110010100001110010111011101110
10011110011000010000001011011101110
10011110011100010001111111011101110
10011110100000010011110011011101110
10011110100100010101100110111101110
10011110101000010111011010111101110
10011110101100011001001101111101110
10011110110000011011000001011101110
10011110111000011100110100011101110
10011111000000011110100110111101110
10011111000100100000011001011101110
10011111001100100010001011011101110
10011111010100100011111101011101110
10011111010111101100000010111101110
10011111001111101101110100111101110
10011111000111101111100110111101110
10011111000011110001011001011101110
10011110111011110011001011111101110
10011110110011110100111110111101110
10011110101111110110110010011101110
10011110101011111000100101011101110
10011110100111111010011001011101110
10011110100011111100001100111101110
10011110011111111110000000111101110
10011110011011111111110100111101110
10011110010100000001101000111101110
10011110010100000011011101011101110
10011110010100000101010001111101110
10011110010100000111000101111101110
10011101111000001000111010011101110
10011101111000001010101111011101110
10011101111000001100100100011101110
10011101111100001110011000111101110
10011101111100010000001101111101110
10011110000000010010000010011101110
10011110000100010011110110111101110
10011110001000010101101010111101110
10011110001100010111011111011101110
10011110010000011001010010111101110
10011110011000011011000110111101110
10011110011100011100111010011101110
10011110100100011110101101011101110
10011110101100100000100000011101110
10011110110100100010010010111101110
10011110111100100100000101011101110
10011110111111101011111010111101110
10011110110111101101101101011101110
10011110101111101111011111111101110
10011110100111110001010010111101110
10011110011111110011000101111101110
10011110011011110100111001011101110
10011110010011110110101101011101110
10011110001111111000100000111101110
10011110001011111010010101011101110
10011110000111111100001001011101110
10011110000011111101111101111101110
10011101111111111111110010011101110
10011101111100000001100111011101110
10011101111000000011011011111101110
10011101111000000101010000111101110
10011101111000000111000101111101110
10011101011100001000111010111101110
10011101100000001010110000011101110
10011101100000001100100101011101110
10011101100000001110011010111101110
10011101100100010000001111111101110
10011101101000010010000101011101110
10011101101000010011111010011101110
10011101101100010101101110111101110
10011101110100010111100011111101110
10011101111000011001011000011101110
10011101111100011011001100011101110
10011110000100011101000000011101110
10011110001100011110110011111101110
10011110010000100000100111011101110
10011110011000100010011010111101110
10011110100100100100001101011101110
10011110100111101011110010111101110
10011110011011101101100101011101110
10011110010011101111011000111101110
10011110001111110001001100011101110
10011110000111110010111111111101110
10011101111111110100110011111101110
10011101111011110110100111111101110
10011101110111111000011100011101110
10011101101111111010010001011101110
10011101101011111100000101111101110
10011101101011111101111010111101110
10011101100111111111110000011101110
10011101100000000001100101011101110
10011101100000000011011010111101110
10011101100000000101001111111101110
10011101011100000111000101011101110
10011101000100001000111010111101110
10011101000100001010110000111101110
10011101000100001100100110111101110
10011101001000001110011100111101110
10011101001000010000010010011101110
10011101001100010010001000011101110
10011101010000010011111101111101110
10011101010100010101110010111101110
10011101011000010111101000011101110
10011101011100011001011101011101110
10011101100100011011010001111101110
10011101101000011101000110011101110
10011101110000011110111010111101110
10011101111000100000101110111101110
10011110000000100010100010011101110
10011110001000100100010101111101110
10011110001011101011101010011101110
10011110000011101101011101111101110
10011101111011101111010001011101110
10011101110011110001000101011101110
10011101101011110010111001111101110
10011101100111110100101110011101110
10011101011111110110100010111101110
10011101011011111000010111111101110
10011101010111111010001101011101110
10011101010011111100000010011101110
10011101001111111101110111111101110
10011101001011111111101101111101110
10011101001000000001100011011101110
10011101000100000011011001011101110
10011101000100000101001111011101110
10011101000100000111000101011101110
10011100101000001000111011011101111
10011100101000001010110001111101111
10011100101100001100101000011101111
10011100101100001110011110111101111
10011100110000010000010100111101111
10011100110000010010001011011101111
10011100110100010100000001011101111
10011100111000010101110110111101110
10011101000000010111101100111101110
10011101000100011001100010011101110
10011101001000011011010111111101110
10011101010000011101001100111101110
10011101011000011111000001011101110
10011101011100100000110101111101110
10011101100100100010101010011101110
10011101110000100100011101111101110
10011101110011101011100010011101110
10011101100111101101010101111101110
10011101011111101111001010011101110
10011101011011110000111110111101110
10011101010011110010110011011101110
10011101001011110100101000011101110
10011101000111110110011101111101110
10011101000011111000010011011101110
10011100111011111010001001011101110
10011100110111111011111110111101111
10011100110011111101110100111101111
10011100110011111111101011011101111
10011100101100000001100001011101111
10011100101100000011010111111101111
10011100101000000101001110011101111
10011100101000000111000100111101111
10011100010000001000111011111101111
10011100010000001010110010111101111
10011100010000001100101001111101111
10011100010100001110100000011101111
10011100010100010000010111011101111
10011100011000010010001110011101111
10011100011100010100000100111101111
10011100100000010101111011011101111
10011100100100010111110001011101111
10011100101000011001100111011101111
10011100110000011011011101011101111
10011100110100011101010010111101111
10011100111100011111001000011101110
10011101000100100000111101011101110
10011101001100100010110001111101110
10011101010100100100100110011101110
10011101010111101011011001111101110
10011101001111101101001110011101110
10011101000111101111000010111101110
10011100111111110000110111111101110
10011100110111110010101101011101111
10011100110011110100100010111101111
10011100101011110110011000111101111
10011100100111111000001110111101111
10011100100011111010000100111101111
10011100011111111011111011011101111
10011100011011111101110001111101111
10011100010111111111101000111101111
10011100010100000001011111111101111
10011100010000000011010110011101111
10011100010000000101001101011101111
10011100010000000111000100011101111
10100010011000001000110111111101110
10100010011000001010100110111101110
10100010011100001100010110011101110
10100010011100001110000101011101110
10100010011100001111110100011101110
10100010100000010001100011011101110
10100010100100010011010010011101110
10100010101000010101000001011101110
10100010101100010110101111111101110
10100010110000011000011110011101110
10100010111000011010001100111101110
10100010111100011011111010111101110
10100011000100011101101000111101110
10100011001000011111010110011101110
10100011010000100001000011011101110
10100011011000100010110000111101110
10100011011011101101001111011101110
10100011010011101110111100111101110
10100011001011110000101001111101110
10100011000111110010010111011101110
10100010111111110100000101011101110
10100010111011110101110011011101110
10100010110011110111100001111101110
10100010101111111001010000011101110
10100010101011111010111110111101110
10100010100111111100101101111101110
10100010100011111110011100111101110
10100010011100000000001011111101110
10100010011100000001111010111101110
10100010011100000011101001111101110
10100010011000000101011001011101110
10100010011000000111001000011101110
10100010000000001000110111111101110
10100010000000001010100111111101110
10100010000000001100010111011101110
10100010000000001110000111011101110
10100010000100001111110110111101110
10100010001000010001100110011101110
10100010001000010011010101111101110
10100010001100010101000100111101110
10100010010000010110110011111101110
10100010011000011000100010111101110
10100010011100011010010001111101110
10100010100100011100000000011101110
10100010101000011101101110111101110
10100010110000011111011100111101110
10100010111000100001001010011101110
10100011000000100010110111111101110
10100011000011101101001000011101110
10100010111011101110110101111101110
10100010110011110000100011011101110
10100010101011110010010001011101110
10100010100111110011111111111101110
10100010011111110101101110011101110
10100010011011110111011101011101110
10100010010011111001001100011101110
10100010001111111010111011011101110
10100010001011111100101010011101110
10100010001011111110011001111101110
10100010000100000000001001011101110
10100010000000000001111000111101110
10100010000000000011101000111101110
10100010000000000101011000011101110
10100010000000000111001000011101110
10100001100100001000111000011101110
10100001100100001010101000011101110
10100001100100001100011000111101110
10100001101000001110001000111101110
10100001101000001111111000111101110
10100001101100010001101000111101110
10100001110000010011011000111101110
10100001110100010101001000011101110
10100001111000010110111000011101110
10100001111100011000100111111101110
10100010000000011010010110111101110
10100010001000011100000101111101110
10100010010000011101110100111101110
10100010010100011111100011011101110
10100010011100100001010001011101110
10100010100100100010111111011101110
10100010100111101101000000111101110
10100010011111101110101110111101110
10100010010111110000011100111101110
10100010010011110010001011011101110
10100010001011110011111010011101110
10100010000011110101101001011101110
10100001111111110111011000011101110
10100001111011111001000111111101110
10100001110111111010110111111101110
10100001110011111100100111011101110
10100001101111111110010111011101110
10100001101000000000000111011101110
10100001101000000001110111011101110
10100001100100000011100111011101110
10100001100100000101010111111101110
10100001100100000111000111111101110
10100001001000001000111000011101110
10100001001100001010101001011101110
10100001001100001100011001111101110
10100001001100001110001010011101110
10100001010000001111111011011101110
10100001010000010001101011111101110
10100001010100010011011011111101110
10100001011000010101001100011101110
10100001011100010110111100011101110
10100001100100011000101100011101110
10100001101000011010011011111101110
10100001101100011100001011011101110
10100001110100011101111010111101110
10100001111100011111101001111101110
10100010000100100001011000011101110
10100010001100100011000110111101110
10100010001111101100111001011101110
10100010000111101110100111111101110
10100001111111110000010110011101110
10100001110111110010000101011101110
10100001101111110011110100111101110
10100001101011110101100100011101110
10100001100111110111010011111101110
10100001011111111001000011111101110
10100001011011111010110011111101110
10100001010111111100100100011101110
10100001010011111110010100011101110
10100001010000000000000100111101110
10100001001100000001110101111101110
10100001001100000011100110011101110
10100001001100000101010110111101110
10100001001000000111000111111101110
10100000110000001000111000111101110
10100000110000001010101001111101110
10100000110000001100011011011101110
10100000110100001110001100011101110
10100000110100001111111101011101110
10100000111000010001101110011101110
10100000111100010011011111011101110
10100001000000010101001111111101110
10100001000100010111000000011101110
10100001001000011000110000111101110
10100001001100011010100001011101110
10100001010100011100010001011101110
10100001011100011110000000111101110
10100001100000011111110000011101110
10100001101000100001011111111101110
10100001110000100011001110011101110
10100001110011101100110001111101110
10100001101011101110100000011101110
10100001100011110000001111111101110
10100001011111110001111111011101110
10100001010111110011101110111101110
10100001001111110101011110111101110
10100001001011110111001111011101110
10100001000111111000111111111101110
10100001000011111010110000011101110
10100000111111111100100000111101110
10100000111011111110010001111101110
10100000110100000000000010111101110
10100000110100000001110011111101110
10100000110000000011100100111101110
10100000110000000101010110011101110
10100000110000000111000111011101110
10100000010100001000111000111101110
10100000010100001010101010111101110
10100000011000001100011100011101110
10100000011000001110001101111101110
10100000011100001111111111111101110
10100000011100010001110001011101110
10100000100000010011100010011101110
10100000100100010101010011111101110
10100000101000010111000100111101110
10100000110000011000110101111101110
10100000110100011010100110011101110
10100000111000011100010110111101110
10100001000000011110000111011101110
10100001001000011111110110111101110
10100001010000100001100110111101110
10100001011000100011010110011101110
10100001011011101100101001111101110
10100001010011101110011001011101110
10100001001011110000001001011101110
10100001000011110001111000111101110
10100000111011110011101001011101110
10100000110111110101011001111101110
10100000110011110111001010011101110
10100000101011111000111011011101110
10100000100111111010101100011101110
10100000100011111100011101111101110
10100000011111111110001110111101110
10100000011100000000000000011101110
10100000011000000001110010011101110
10100000011000000011100011111101110
10100000010100000101010101011101110
10100000010100000111000111011101110
10011111111100001000111001011101110
10011111111100001010101011011101110
10011111111100001100011101111101110
10100000000000001110001111111101110
10100000000000010000000001111101110
10100000000100010001110011111101110
10100000001000010011100101111101110
10100000001100010101010111011101110
10100000010000010111001000111101110
10100000010100011000111010011101110
10100000011000011010101011111101110
10100000100000011100011100111101110
10100000101000011110001101011101110
10100000101100011111111101111101110
10100000110100100001101101111101110
10100000111100100011011101111101110
10100000111111101100100010011101110
10100000110111101110010010011101110
10100000101111110000000010011101110
10100000101011110001110010111101110
10100000100011110011100011011101110
10100000011011110101010100011101110
10100000010111110111000101111101110
10100000010011111000110111011101110
10100000001111111010101000111101110
10100000001011111100011010011101110
10100000000111111110001100011101110
10100000000011111111111110011101110
10100000000000000001110000011101110
10011111111100000011100010011101110
10011111111100000101010100111101110
10011111111100000111000110111101110
10011111100000001000111001011101110
10011111100000001010101100011101110
10011111100100001100011110111101110
10011111100100001110010001111101110
10011111101000010000000100011101110
10011111101000010001110110111101110
10011111101100010011101001011101110
10011111110000010101011011011101110
10011111110100010111001101011101110
10011111111000011000111111011101110
10100000000000011010110000111101110
10100000000100011100100010011101110
10100000001100011110010011111101110
10100000010100100000000100111101110
10100000011100100001110101011101110
10100000100100100011100101111101110
10100000100111101100011010011101110
10100000011111101110001010111101110
10100000010111101111111011011101110
10100000001111110001101100011101110
10100000000111110011011101111101110
10100000000011110101001111011101110
10011111111011110111000000111101110
10011111110111111000110010111101110
10011111110011111010100100111101110
10011111101111111100010110111101110
10011111101011111110001001011101110
10011111101011111111111011111101110
10011111100100000001101110011101110
10011111100100000011100001011101110
10011111100000000101010011111101110
10011111100000000111000110111101110
