10011000010000111001111100111101111
10011000010000111101110110011101111
10011000010101000001101111011101111
10011000011101000101100111011101111
10011000101001001001011111011101111
10011000110101001101010101111101111
10011001000001010001001011011101111
10011001010101010100111111011101111
10011001010100011011000000111101111
10011001000000011110110100111101111
10011000110100100010101010011101111
10011000101000100110100000111101111
10011000011100101010011000111101111
10011000010100101110010000111101111
10011000010000110010001001111101111
10011000010000110110000011011101111
10010111110100111001111101011101111
10010111111000111101110111111101111
10010111111101000001110010011101111
10011000000101000101101011111101111
10011000001101001001100100111101111
10011000011001001101011100011101111
10011000101001010001010010111101111
10011000111001010101001000011101111
10011000111000011010110111111101111
10011000101000011110101101011101111
10011000011000100010100011111101111
10011000001100100110011011011101111
10011000000100101010010100011101111
10010111111100101110001101111101111
10010111111000110010001000011101111
10010111110100110110000010111101111
10010111011100111001111101111101111
10010111011100111101111001111101111
10010111100001000001110101011101111
10010111101001000101101111111101111
10010111110101001001101010011101111
10011000000001001101100011011101111
10011000001101010001011010111101111
10011000100001010101010001011101111
10011000100000011010101110111101111
10011000001100011110100101011101111
10011000000000100010011100111101111
10010111110100100110010101111101111
10010111101000101010010000011101111
10010111100000101110001010111101111
10010111011100110010000110011101111
10010111011100110110000010011101111
10010111000000111001111110111101111
10010111000100111101111011111101111
10010111001001000001111000011101111
10010111010001000101110100011101111
10010111011001001001101111111101111
10010111100101001101101001111101111
10010111110101010001100010111101111
10011000000101010101011010011101111
10011000000100011010100101111101111
10010111110100011110011101011101111
10010111100100100010010110011101111
10010111011000100110010000011101111
10010111010000101010001011111101111
10010111001000101110000111111101111
10010111000100110010000100011101111
10010111000000110110000001011101111
10010110100100111001111111011101111
10010110101000111101111101011101111
10010110101101000001111011011101111
10010110110101000101111000111101111
10010111000001001001110101011101111
10010111001101001101110000111101111
10010111011001010001101010111101111
10010111101101010101100011011101111
10010111101100011010011100111101111
10010111011000011110010101011101111
10010111001100100010001111011101111
10010111000000100110001010111101111
10010110110100101010000111011101111
10010110101100101110000100111101111
10010110101000110010000010111101111
10010110100100110110000000111101111
10010110001100111001111111111101111
10010110001100111101111111011101111
10010110010101000001111110111101111
10010110011101000101111101011101111
10010110100101001001111010111101111
10010110110001001101110111111101111
10010111000001010001110010111101111
10010111010001010101101100111101111
10010111010000011010010011011101111
10010111000000011110001101011101111
10010110110000100010001000011101111
10010110100100100110000101011101111
10010110011100101010000010111101111
10010110010100101110000001011101111
10010110001100110010000000111101111
10010110001100110110000000011101111
10010101110000111010000000011101111
10010101110100111110000001011101111
10010101111001000010000001111101111
10010110000001000110000001111101111
10010110001101001010000000111101111
10010110011001001101111110011101111
10010110100101010001111011011101111
10010110111001010101110110011101111
10010110111000011010001001111101111
10010110100100011110000100111101111
10010110011000100010000001111101111
10010110001100100101111111011101111
10010110000000101001111110011101111
10010101111000101101111110011101111
10010101110100110001111110111101111
10010101110000110101111111111101111
10010101011000111010000001011101111
10010101011000111110000011011101111
10010101100001000010000100111101111
10010101101001000110000110011101111
10010101110001001010000110011101111
10010101111101001110000101011101111
10010110001101010010000011011101111
10010110011101010101111111111101111
10010110011100011010000000011101111
10010110001100011101111100111101111
10010101111100100001111010111101111
10010101110000100101111001111101111
10010101101000101001111001111101111
10010101100000101101111011011101111
10010101011000110001111100111101111
10010101011000110101111110111101111
10010100111100111010000001111101111
10010101000000111110000101011101111
10010101000101000010001000011101111
10010101001101000110001010111101111
10010101011001001010001100011101111
10010101100101001110001100111101111
10010101110001010010001011111101111
10010110000101010110001001011101111
10010110000100011001110110111101111
10010101110000011101110100011101111
10010101100100100001110011011101111
10010101011000100101110011111101111
10010101001100101001110101011101111
10010101000100101101110111111101111
10010101000000110001111010111101111
10010100111100110101111110011101111
10010100100100111010000010011111111
10010100100100111110000111011111111
10010100101101000010001011111111111
10010100110001000110001111011111111
10010100111101001010010010011101111
10010101001001001110010011111101111
10010101011001010010010100011101111
10010101101001010110010010111101111
10010101101000011001101101011101111
10010101011000011101101011111101111
10010101001000100001101100011101111
10010100111100100101101101111101111
10010100110000101001110000111111111
10010100101100101101110100011111111
10010100100100110001111000111111111
10010100100100110101111101111111111
10010100001000111010000011011111111
10010100001100111110001001011111111
10010100010001000010001110111111111
10010100011001000110010011111111111
10010100100001001010011000011111111
10010100110001001110011010111111111
10010100111101010010011100111101111
10010101010001010110011100111101111
10010101010000011001100011011101111
10010100111100011101100011011101111
10010100110000100001100101011111111
10010100100000100101100111111111111
10010100011000101001101100011111111
10010100010000101101110001011111111
10010100001100110001110110111111111
10010100001000110101111100111111111
10010011110000111010000011111111111
10010011110000111110001011011111111
10010011110101000010010010011111111
10010011111101000110011000111111111
10010100001001001010011110011111111
10010100010101001110100010011111111
10010100100101010010100101011111111
10010100110101010110100110011101111
10010100110100011001011001111101111
10010100100100011101011010111111111
10010100010100100001011101111111111
10010100001000100101100001111111111
10010011111100101001100111011111111
10010011110100101101101101111111111
10010011110000110001110100111111111
10010011110000110101111100011111111
10010011010100111010000100011111111
10010011011000111110001101011111111
10010011011101000010010101111111111
10010011100101000110011101011111111
10010011101101001010100100011111111
10010011111101001110101001111111111
10010100001001010010101101111111111
10010100011101010110110000011111111
10010100011100011001001111111111111
10010100001000011101010010011111111
10010011111100100001010110011111111
10010011101100100101011011111111111
10010011100100101001100010111111111
10010011011100101101101010011111111
10010011011000110001110010111111111
10010011010100110101111011111111111
10010010111000111010000101011111111
10010010111100111110001111011111111
10010011000001000010011001011111111
10010011001001000110100010011111111
10010011010101001010101010011111111
10010011100001001110110001011111111
10010011110001010010110110111111111
10010100000001010110111010011111111
10010100000000011001000101111111111
10010011110000011101001001011111111
10010011100000100001001110111111111
10010011010100100101010101111111111
10010011001000101001011101111111111
10010011000000101101100110111111111
10010010111100110001110000111111111
10010010111000110101111010111111111
10010010100000111010000101111111111
10010010100100111110010001011111111
10010010101001000010011100111111111
10010010110001000110100110111111111
10010010111001001010110000011111111
10010011001001001110111000111111111
10010011011001010010111111011111111
10010011101001010111000100111111111
10010011101000011000111011011111111
10010011011000011101000000111111111
10010011001000100001000111011111111
10010010111000100101001111111111111
10010010110000101001011001011111111
10010010101000101101100011011111111
10010010100100110001101110111111111
10010010100000110101111010011111111
10010010000100111010000110111111111
10010010001000111110010011111111111
10010010001101000010100000011111111
10010010010101000110101011111111111
10010010100001001010110110111111111
10010010101101001111000000011111111
10010010111101010011001000011111111
10010011010001010111001110111111111
10010011010000011000110001011111111
10010010111100011100110111111111111
10010010101100100000111111111111111
10010010100000100101001001011111111
10010010010100101001010100011111111
10010010001100101101011111111111111
10010010001000110001101100011111111
10010010000100110101111001011111111
10011110110100111001110011111101111
10011110110100111101011010111101111
10011110111001000001000010011101111
10011111000001000100101000111101111
10011111001001001000001110111101111
10011111010101001011110011111101111
10011111100001001111010111111101110
10011111110001010010111011011101110
10011111110000011101000100111101110
10011111100000100000101000011101110
10011111010100100100001100011101111
10011111001000100111110001011101111
10011111000000101011010111011101111
10011110111000101110111101111101111
10011110110100110010100101011101111
10011110110100110110001100011101111
10011110011000111001110100011101111
10011110011100111101011100111101111
10011110100001000001000100111101111
10011110100101000100101100011101111
10011110110001001000010011011101111
10011110111001001011111001011101111
10011111001001001111011110111101111
10011111011001010011000010111101110
10011111011000011100111101011101110
10011111001000100000100001011101111
10011110111000100100000110111101111
10011110110000100111101100111101111
10011110100100101011010011111101111
10011110100000101110111011011101111
10011110011100110010100011011101111
10011110011000110110001011111101111
10011101111100111001110100111101111
10011110000000111101011110011101111
10011110000101000001000111011101111
10011110001101000100101111111101111
10011110010101001000011000011101111
10011110100001001011111111011101111
10011110101101001111100101011101111
10011110111101010011001010011101111
10011110111100011100110101111101111
10011110101100100000011010111101111
10011110100000100100000000111101111
10011110010100100111100111111101111
10011110001100101011010000011101111
10011110000100101110111000111101111
10011110000000110010100001111101111
10011101111100110110001011011101111
10011101100100111001110101011101111
10011101100100111101011111111101111
10011101101101000001001001111101111
10011101110001000100110011111101111
10011101111101001000011100111101111
10011110000101001100000101011101111
10011110010101001111101100011101111
10011110100101010011010010011101111
10011110100100011100101101111101111
10011110010100100000010011111101111
10011110000100100011111010111101111
10011101111100100111100011011101111
10011101110000101011001100011101111
10011101101100101110110110011101111
10011101100100110010100000011101111
10011101100100110110001010111101111
10011101001000111001110101111101111
10011101001100111101100001011101111
10011101010001000001001100111101111
10011101011001000100110111011101111
10011101100001001000100001111101111
10011101101101001100001010111101111
10011101111001001111110011011101111
10011110001001010011011010011101111
10011110001000011100100101111101111
10011101111000100000001100111101111
10011101101100100011110101011101111
10011101100000100111011110011101111
10011101011000101011001000111101111
10011101010000101110110011011101111
10011101001100110010011110111101111
10011101001000110110001010011101111
10011100110000111001110110011101111
10011100110000111101100011011101111
10011100110101000001001111011101111
10011100111101000100111011011101111
10011101001001001000100110011101111
10011101010001001100010000111101111
10011101100001001111111010011101111
10011101110001010011100010011101111
10011101110000011100011101111101111
10011101100000100000000101111101111
10011101010000100011101111011101111
10011101001000100111011001111101111
10011100111100101011000100111101111
10011100110100101110110000111101111
10011100110000110010011100111101111
10011100110000110110001001111101111
10011100010100111001110110111101111
10011100011000111101100100111101111
10011100011101000001010010011101111
10011100100101000100111111011101111
10011100101101001000101011011101111
10011100111001001100010110111101111
10011101000101010000000001011101111
10011101010101010011101010011101111
10011101010100011100010101111101111
10011101000100011111111110111101111
10011100111000100011101001011101111
10011100101100100111010100111101111
10011100100100101011000000111101111
10011100011100101110101101111101111
10011100011000110010011011011101111
10011100010100110110001001011101111
10011011111100111001110111011101111
10011011111100111101100110011101111
10011100000001000001010100111101111
10011100001001000101000010111101111
10011100010001001000110000011101111
10011100011101001100011100111101111
10011100101101010000001000011101111
10011100111101010011110010011101111
10011100111100011100001101111101111
10011100101100011111110111111101111
10011100011100100011100011011101111
10011100010000100111001111111101111
10011100001000101010111101011101111
10011100000000101110101011011101111
10011011111100110010011001111101111
10011011111100110110001000111101111
10011011100000111001111000011101111
10011011100100111101101000011101111
10011011101001000001010111111101111
10011011110001000101000110111101111
10011011111001001000110101011101111
10011100000101001100100010111101111
10011100010001010000001111011101111
10011100100001010011111010111101111
10011100100000011100000101011101111
10011100010000011111110000111101111
10011100000100100011011101011101111
10011011111000100111001010111101111
10011011110000101010111001011101111
10011011101000101110101000011101111
10011011100100110010010111111101111
10011011100000110110000111111101111
10011011001000111001111000111101111
10011011001000111101101001111101111
10011011001101000001011010111101111
10011011010101000101001010111101111
10011011011101001000111010011101111
10011011101001001100101001011101111
10011011111001010000010110111101111
10011100001001010100000010111101111
10011100001000011011111101011101111
10011011111000011111101001011101111
10011011101000100011010110111101111
10011011011100100111000101111101111
10011011010100101010110101011101111
10011011001100101110100101011101111
10011011001000110010010110011101111
10011011001000110110000111011101111
10011010101100111001111001011101111
10011010110000111101101011011101111
10011010110101000001011101011101111
10011010111101000101001110111101111
10011011000101001000111111011101111
10011011010001001100101111011101111
10011011011101010000011101111101111
10011011101101010100001011011101111
10011011101100011011110100111101111
10011011011100011111100010011101111
10011011010000100011010000111101111
10011011000100100111000000111101111
10011010111100101010110001011101111
10011010110100101110100010111101111
10011010110000110010010100111101111
10011010101100110110000110111101111
10011010010000111001111001111101111
10011010010100111101101101011101111
10011010011001000001100000011101111
10011010100001000101010010111101111
10011010101001001001000100111101111
10011010110101001100110101111101111
10011011000101010000100101011101111
10011011010101010100010011111101111
10011011010100011011101100011101111
10011011000100011111011010111101111
10011010110100100011001010011101111
10011010101000100110111011011101111
10011010100000101010101101011101111
10011010011000101110011111111101111
10011010010100110010010010111101111
10011010010000110110000110011101111
10011001111000111001111010011101111
10011001111000111101101110111101111
10011010000001000001100011011101111
10011010000101000101010110111101111
10011010010001001001001001111101111
10011010011101001100111011111101111
10011010101001010000101100111101111
10011010111001010100011100011101111
10011010111000011011100011111101111
10011010101000011111010011011101111
10011010011100100011000100011101111
10011010010000100110110110011101111
10011010000100101010101001011101111
10011010000000101110011100111101111
10011001111000110010010001011101111
10011001111000110110000101111101111
10011001011100111001111010111101111
10011001100000111101110000111101111
10011001100101000001100110011101111
10011001101101000101011010111101111
10011001110101001001001111011101111
10011010000001001101000010011101111
10011010010001010000110100011101111
10011010100001010100100100111101111
10011010100000011011011011011101111
10011010010000011111001011111101111
10011010000000100010111101111101111
10011001110100100110110000111101111
10011001101100101010100101011101111
10011001100100101110011001111101111
10011001100000110010001111011101111
10011001011100110110000101011101111
10011001000100111001111011111101111
10011001000100111101110010011101111
10011001001101000001101001011101111
10011001010001000101011111011101111
10011001011101001001010100011101111
10011001101001001101001000111101111
10011001110101010000111011111101111
10011010001001010100101101111101111
10011010001000011011010010011101111
10011001110100011111000100011101111
10011001101000100010110111011101111
10011001011100100110101011111101111
10011001010000101010100000111101111
10011001001100101110010110111101111
10011001000100110010001101111101111
10011001000100110110000100011101111
10011000101000111001111100011101111
10011000101100111101110100011101111
10011000110001000001101011111101111
10011000111001000101100011011101111
10011001000001001001011001111101111
10011001001101001101001111011101111
10011001011101010001000011011101111
10011001101101010100110110011101111
10011001101100011011001001111101111
10011001011100011110111100111101111
10011001001100100010110000111101111
10011001000000100110100110011101111
10011000111000101010011100111101111
10011000110000101110010100011101111
10011000101100110010001011111101111
10011000101000110110000011111101111
