10011011100000111000111100011101111
10011011100000111010110100011101111
10011011100000111100101100011101111
10011011100100111110100011111101111
10011011101001000000011011111101111
10011011101001000010010011111101111
10011011101101000100001011011101111
10011011110001000110000010111101111
10011011110101000111111001111101111
10011011111101001001110000111101111
10011100000001001011100111111101111
10011100001001001101011110011101111
10011100001101001111010100011101111
10011100010101010001001010011101111
10011100011101010010111111111101111
10011100100101010100110101011101111
10011100100100011011001010111101111
10011100011100011101000000011101111
10011100010100011110110101111101111
10011100001100100000101011111101111
10011100001000100010100001111101111
10011100000000100100011000011101111
10011011111100100110001111011101111
10011011110100101000000110011101111
10011011110000101001111101011101111
10011011101100101011110100111101111
10011011101000101101101100011101111
10011011101000101111100100011101111
10011011100100110001011100011101111
10011011100000110011010011111101111
10011011100000110101001011111101111
10011011100000110111000011111101111
10011011000100111000111100011101111
10011011001000111010110100111101111
10011011001000111100101101011101111
10011011001000111110100101111101111
10011011001101000000011110011101111
10011011010001000010010110111101111
10011011010101000100001110111101111
10011011011001000110000110111101111
10011011011101000111111110111101111
10011011100001001001110110011101111
10011011101001001011101101011101111
10011011101101001101100100111101111
10011011110101001111011011011101111
10011011111101010001010001111101111
10011100000101010011001000011101111
10011100001101010100111101111101111
10011100001100011011000010011101111
10011100000100011100110111111101111
10011011111100011110101110011101111
10011011110100100000100100111101111
10011011101100100010011011011101111
10011011101000100100010010111101111
10011011100000100110001001111101111
10011011011100101000000001011101111
10011011011000101001111001011101111
10011011010100101011110001011101111
10011011010000101101101001011101111
10011011001100101111100001111101111
10011011001000110001011010011101111
10011011001000110011010010111101111
10011011001000110101001011011101111
10011011000100110111000011111101111
10011010101100111000111100111101111
10011010101100111010110101111101111
10011010101100111100101110111101111
10011010110000111110100111111101111
10011010110001000000100000111101111
10011010110101000010011001111101111
10011010111001000100010010011101111
10011010111101000110001011011101111
10011011000001001000000011011101111
10011011001001001001111011111101111
10011011001101001011110011011101111
10011011010101001101101011011101111
10011011011001001111100010011101111
10011011100001010001011001011101111
10011011101001010011010000011101111
10011011110101010101000110011101111
10011011110100011010111001111101111
10011011101000011100101111111101111
10011011100000011110100110111101111
10011011011000100000011101111101111
10011011010100100010010100111101111
10011011001100100100001100111101111
10011011001000100110000100011101111
10011011000000100111111100111101111
10011010111100101001110100111101111
10011010111000101011101101111101111
10011010110100101101100110011101111
10011010110000101111011111011101111
10011010110000110001011000011101111
10011010101100110011010001011101111
10011010101100110101001010011101111
10011010101100110111000011011101111
10011010010000111000111100111101111
10011010010100111010110110111101111
10011010010100111100110000011101111
10011010010100111110101001111101111
10011010011001000000100011011101111
10011010011101000010011100111101111
10011010011101000100010110011101111
10011010100101000110001111011101111
10011010101001001000001000011101111
10011010101101001010000000111101111
10011010110101001011111001011101111
10011010111001001101110001111101111
10011011000001001111101001011101111
10011011001001010001100001011101111
10011011010001010011011000011101111
10011011011001010101001111011101111
10011011011000011010110000111101111
10011011010000011100100111111101111
10011011001000011110011110111101111
10011011000000100000010110111101111
10011010111000100010001110011101111
10011010110100100100000110111101111
10011010101100100101111111011101111
10011010101000100111110111111101111
10011010100100101001110000111101111
10011010011100101011101001111101111
10011010011100101101100011011101111
10011010011000101111011100111101111
10011010010100110001010110011101111
10011010010100110011001111111101111
10011010010100110101001001011101111
10011010010000110111000011011101111
10011001111000111000111101011101111
10011001111000111010110111011101111
10011001111000111100110001111101111
10011001111100111110101011111101111
10011001111101000000100110011101111
10011010000001000010100000011101111
10011010000101000100011001111101111
10011010001001000110010011111101111
10011010001101001000001101011101111
10011010010101001010000110011101111
10011010011001001011111111011101111
10011010100001001101111000011101111
10011010100101001111110000111101111
10011010101101010001101000111101111
10011010110101010011100000111101111
10011011000001010101010111111101111
10011011000000011010101000011101111
10011010110100011100011111011101111
10011010101100011110010111011101111
10011010100100100000001111011101111
10011010100000100010000111111101111
10011010011000100100000000111101111
10011010010100100101111001111101111
10011010001100100111110010111101111
10011010001000101001101100011101111
10011010000100101011100110011101111
10011010000000101101011111111101111
10011001111100101111011001111101111
10011001111100110001010100011101111
10011001111000110011001110011101111
10011001111000110101001000111101111
10011001111000110111000010111101111
10011001011100111000111101011101111
10011001011100111010111000011101111
10011001100000111100110011011101111
10011001100000111110101110011101111
10011001100101000000101000111101111
10011001101001000010100011011101111
10011001101001000100011101111101111
10011001101101000110011000011101111
10011001110101001000010010011101111
10011001111001001010001011111101111
10011001111101001100000101111101111
10011010000101001101111110111101111
10011010001101001111110111111101111
10011010010101010001110000111101111
10011010011101010011101000111101111
10011010100101010101100000111101111
10011010100100011010011111011101111
10011010011100011100010111011101111
10011010010100011110001111011101111
10011010001100100000001000011101111
10011010000100100010000001011101111
10011001111100100011111010011101111
10011001111000100101110100011101111
10011001110100100111101101111101111
10011001101100101001100111111101111
10011001101000101011100010011101111
10011001101000101101011100111101111
10011001100100101111010111011101111
10011001100000110001010001111101111
10011001100000110011001100111101111
10011001011100110101000111111101111
10011001011100110111000010111101111
10011001000100111000111101111101111
10011001000100111010111001011101111
10011001000100111100110100111101111
10011001001000111110110000011101111
10011001001001000000101011011101111
10011001001101000010100110111101111
10011001010001000100100001111101111
10011001010101000110011100011101111
10011001011001001000010111011101111
10011001011101001010010001111101111
10011001100101001100001011111101111
10011001101101001110000101111101111
10011001110001001111111111011101111
10011001111001010001111000011101111
10011010000001010011110001011101111
10011010001101010101101001111101111
10011010001100011010010110011101111
10011010000000011100001110111101111
10011001111000011110000111111101111
10011001110000100000000000111101111
10011001101100100001111010011101111
10011001100100100011110100011101111
10011001011100100101101110011101111
10011001011000100111101000111101111
10011001010100101001100011111101111
10011001010000101011011110011101111
10011001001100101101011001011101111
10011001001000101111010100111101111
10011001001000110001001111111101111
10011001000100110011001011011101111
10011001000100110101000110111101111
10011001000100110111000010011101111
10011000101000111000111110011101111
10011000101000111010111010011101111
10011000101100111100110110011101111
10011000101100111110110010011101111
10011000110001000000101110011101111
10011000110001000010101001111101111
10011000110101000100100101011101111
10011000111001000110100000111101111
10011001000001001000011100011101111
10011001000101001010010111011101111
10011001001001001100010001111101111
10011001010001001110001100011101111
10011001011001010000000110011101111
10011001100001010010000000011101111
10011001101001010011111001111101111
10011001110001010101110010111101111
10011001110000011010001101011101111
10011001101000011100000110011101111
10011001100000011101111111111101111
10011001011000011111111001111101111
10011001010000100001110011111101111
10011001001000100011101110011101111
10011001000100100101101000111101111
10011001000000100111100011111101111
10011000111000101001011111011101111
10011000110100101011011010111101111
10011000110000101101010110011101111
10011000110000101111010001111101111
10011000101100110001001101111101111
10011000101100110011001001111101111
10011000101000110101000101111101111
10011000101000110111000001111101111
10011110110000111000111001111101111
10011110110100111010101101111101111
10011110110100111100100001011101111
10011110110100111110010100111101111
10011110111001000000001000011101111
10011110111101000001111011111101111
10011110111101000011101111011101111
10011111000001000101100010011101111
10011111001001000111010101011101111
10011111001101001001000111111101111
10011111010001001010111010111101111
10011111011001001100101100111101110
10011111011101001110011110111101110
10011111100101010000010000111101110
10011111101101010010000010011101110
10011111110101010011110011111101110
10011111110100011100001100011101110
10011111101100011101111101111101110
10011111100100011111101111011101110
10011111011100100001100001011101110
10011111011000100011010011011101110
10011111010000100101000101011101111
10011111001100100110111000011101111
10011111001000101000101010111101111
10011111000000101010011101111101111
10011110111100101100010000111101111
10011110111100101110000100011101111
10011110111000101111110111111101111
10011110110100110001101011011101111
10011110110100110011011110111101111
10011110110100110101010010011101111
10011110110000110111000110011101111
10011110011000111000111010011101111
10011110011000111010101110011101111
10011110011000111100100010111101111
10011110011100111110010110111101111
10011110011101000000001010111101111
10011110100001000001111110111101111
10011110100101000011110010011101111
10011110101001000101100110011101111
10011110101101000111011001111101111
10011110110001001001001100111101111
10011110111001001010111111111101111
10011110111101001100110010111101111
10011111000101001110100101011101111
10011111001101010000010111111101111
10011111010101010010001001111101111
10011111011101010011111011111101110
10011111011100011100000100011101110
10011111010100011101110110011101111
10011111001100011111101000011101111
10011111000100100001011010111101111
10011110111100100011001101011101111
10011110111000100101000000011101111
10011110110000100110110011011101111
10011110101100101000100110011101111
10011110101000101010011001111101111
10011110100100101100001101111101111
10011110100000101110000001011101111
10011110011100101111110101011101111
10011110011100110001101001011101111
10011110011000110011011101011101111
10011110011000110101010001111101111
10011110011000110111000101111101111
10011101111100111000111010011101111
10011110000000111010101111011101111
10011110000000111100100011111101111
10011110000000111110011000011101111
10011110000101000000001101011101111
10011110001001000010000001111101111
10011110001001000011110101111101111
10011110001101000101101010011101111
10011110010001000111011110011101111
10011110011001001001010001111101111
10011110011101001011000101011101111
10011110100101001100111000111101111
10011110101001001110101011111101111
10011110110001010000011110111101111
10011110111001010010010001011101111
10011111000001010100000011111101111
10011111000000011011111100011101111
10011110111000011101101110111101111
10011110110000011111100001011101111
10011110101000100001010100011101111
10011110100100100011000111011101111
10011110011100100100111010111101111
10011110011000100110101110011101111
10011110010000101000100001111101111
10011110001100101010010101111101111
10011110001000101100001010011101111
10011110001000101101111110011101111
10011110000100101111110010111101111
10011110000000110001100111111101111
10011110000000110011011100011101111
10011110000000110101010000111101111
10011101111100110111000101111101111
10011101100100111000111010111101111
10011101100100111010101111111101111
10011101100100111100100101011101111
10011101101000111110011010011101111
10011101101001000000001111011101111
10011101101101000010000100011101111
10011101110001000011111001011101111
10011101110101000101101110011101111
10011101111001000111100010111101111
10011101111101001001010110111101111
10011110000101001011001011011101111
10011110001001001100111110111101111
10011110010001001110110010111101111
10011110011001010000100101111101111
10011110100001010010011000111101111
10011110101001010100001011111101111
10011110101000011011110100011101111
10011110100000011101100111011101111
10011110011000011111011010011101111
10011110010000100001001101011101111
10011110001000100011000001011101111
10011110000100100100110100111101111
10011101111100100110101001011101111
10011101111000101000011101011101111
10011101110100101010010001111101111
10011101110000101100000110111101111
10011101101100101101111011111101111
10011101101000101111110000111101111
10011101101000110001100101111101111
10011101100100110011011010111101111
10011101100100110101010000011101111
10011101100100110111000101011101111
10011101001000111000111010111101111
10011101001000111010110000111101111
10011101001100111100100110111101111
10011101001100111110011100011101111
10011101010001000000010001111101111
10011101010001000010000111011101111
10011101010101000011111100111101111
10011101011001000101110010011101111
10011101011101000111100111011101111
10011101100101001001011100011101111
10011101101001001011010000111101111
10011101110001001101000101011101111
10011101110101001110111001011101111
10011101111101010000101101011101111
10011110000101010010100000111101111
10011110001101010100010011111101111
10011110001100011011101100011101111
10011110000100011101011111011101111
10011101111100011111010010111101111
10011101110100100001000110111101111
10011101110000100010111010111101111
10011101101000100100101111011101111
10011101100100100110100011111101111
10011101011100101000011000111101111
10011101011000101010001101111101111
10011101010100101100000011011101111
10011101010000101101111000111101111
10011101010000101111101110011101111
10011101001100110001100011111101111
10011101001100110011011001011101111
10011101001000110101001111011101111
10011101001000110111000101011101111
10011100110000111000111011011101111
10011100110000111010110001111101111
10011100110000111100100111111101111
10011100110100111110011110011101111
10011100110101000000010100011101111
10011100111001000010001010011101111
10011100111101000100000000011101111
10011101000001000101110110011101111
10011101000101000111101011111101111
10011101001001001001100001011101111
10011101010001001011010110011101111
10011101010101001101001011011101111
10011101011101001110111111111101111
10011101100101010000110100011101111
10011101101101010010101000011101111
10011101110101010100011100011101111
10011101110100011011100011111101111
10011101101100011101010111111101111
10011101100100011111001011111101111
10011101011100100001000000011101111
10011101010100100010110100111101111
10011101010000100100101001111101111
10011101001000100110011110111101111
10011101000100101000010100011101111
10011101000000101010001001111101111
10011100111100101011111111111101111
10011100111000101101110101111101111
10011100110100101111101011111101111
10011100110100110001100001111101111
10011100110000110011011000011101111
10011100110000110101001110011101111
10011100110000110111000100111101111
10011100010100111000111011011101111
10011100010100111010110010011101111
10011100011000111100101001011101111
10011100011000111110100000011101111
10011100011101000000010110111101111
10011100011101000010001101011101111
10011100100001000100000011111101111
10011100100101000101111010011101111
10011100101001000111110000011101111
10011100110001001001100110011101111
10011100110101001011011100011101111
10011100111101001101010001011101111
10011101000001001111000110111101111
10011101001001010000111011111101111
10011101010001010010110000011101111
10011101011001010100100100011101111
10011101011000011011011011111101111
10011101010000011101001111111101111
10011101001000011111000100011101111
10011101000000100000111001011101111
10011100111100100010101110111101111
10011100110100100100100011111101111
10011100110000100110011001111101111
10011100101000101000001111111101111
10011100100100101010000101111101111
10011100100000101011111100011101111
10011100011100101101110010111101111
10011100011100101111101001011101111
10011100011000110001011111111101111
10011100011000110011010110111101111
10011100010100110101001101111101111
10011100010100110111000100111101111
10011011111100111000111011111101111
10011011111100111010110011011101111
10011011111100111100101010111101111
10011011111100111110100010011101111
10011100000001000000011001011101111
10011100000101000010010000011101111
10011100001001000100000111011101111
10011100001101000101111110011101111
10011100010001000111110101011101111
10011100010101001001101011111101111
10011100011101001011100001111101111
10011100100001001101010111111101111
10011100101001001111001101111101111
10011100110001010001000010111101111
10011100111001010010111000011101111
10011101000001010100101100111101111
10011101000000011011010011011101111
10011100111000011101000111111101111
10011100110000011110111101011101111
10011100101000100000110010011101111
10011100100000100010101000011101111
10011100011100100100011110011101111
10011100010100100110010100011101111
10011100010000101000001010111101111
10011100001100101010000001111101111
10011100001000101011111000111101111
10011100000100101101101111111101111
10011100000000101111100110111101111
10011011111100110001011101111101111
10011011111100110011010101011101111
10011011111100110101001100111101111
10011011111100110111000100011101111
