10010100111100111001000000111101111
10010100111100111011000010111101111
10010101000000111101000100011101111
10010101000000111111000101111101111
10010101000101000001000111111101111
10010101001001000011001000111101111
10010101001001000101001010011101111
10010101010001000111001011011101111
10010101010101001001001011111101111
10010101011001001011001100011101111
10010101100001001101001100111101111
10010101101001001111001100011101111
10010101101101010001001100011101111
10010101110101010011001011011101111
10010110000001010101001001111101111
10010110001001010111001000011101111
10010110001000011000110111111101111
10010110000000011010110110011101111
10010101110100011100110100111101111
10010101101100011110110011111101111
10010101101000100000110011111101111
10010101100000100010110011011101111
10010101011000100100110011111101111
10010101010100100110110100011101111
10010101010000101000110100111101111
10010101001000101010110101111101111
10010101001000101100110111011101111
10010101000100101110111000011101111
10010101000000110000111010011101111
10010101000000110010111011111101111
10010100111100110100111101011101111
10010100111100110110111111011101111
10010100100100111001000001011111111
10010100100100111011000011111111111
10010100100100111101000110011111111
10010100101000111111001000011111111
10010100101001000001001010011111111
10010100101101000011001100111111111
10010100110001000101001110011111111
10010100110101000111010000011111111
10010100111001001001010001011101111
10010101000001001011010010111101111
10010101000101001101010011011101111
10010101001101001111010011111101111
10010101010101010001010100011101111
10010101011101010011010011111101111
10010101100101010101010011011101111
10010101110001010111010010011101111
10010101110000011000101101111101111
10010101100100011010101100111101111
10010101011100011100101100011101111
10010101010100011110101011111101111
10010101001100100000101100011101111
10010101000100100010101100111101111
10010101000000100100101101011101111
10010100111000100110101110111101111
10010100110100101000101111111111111
10010100110000101010110001111111111
10010100101100101100110011011111111
10010100101000101110110101111111111
10010100101000110000110111111111111
10010100100100110010111001111111111
10010100100100110100111100011111111
10010100100100110110111110111111111
10010100001000111001000001111111111
10010100001000111011000100111111111
10010100001100111101000111111111111
10010100001100111111001010111111111
10010100010001000001001101011111111
10010100010001000011010000011111111
10010100010101000101010010111111111
10010100011101000111010101011111111
10010100100001001001010111011111111
10010100100101001011011000111111111
10010100101101001101011010011111111
10010100110101001111011011111111111
10010100111001010001011100011101111
10010101000001010011011100111101111
10010101001101010101011100111101111
10010101010101010111011100011101111
10010101010100011000100011111101111
10010101001100011010100011011101111
10010101000000011100100011011101111
10010100111000011110100011111101111
10010100110100100000100100011111111
10010100101100100010100101111111111
10010100100100100100100111011111111
10010100100000100110101000111111111
10010100011100101000101010111111111
10010100010100101010101101011111111
10010100010000101100101111111111111
10010100010000101110110010111111111
10010100001100110000110101011111111
10010100001100110010111000011111111
10010100001000110100111011011111111
10010100001000110110111110011111111
10010011101100111001000001111111111
10010011110000111011000101111111111
10010011110000111101001001011111111
10010011110000111111001101011111111
10010011110101000001010000111111111
10010011111001000011010011111111111
10010011111101000101010111011111111
10010100000001000111011010011111111
10010100000101001001011100111111111
10010100001101001011011111011111111
10010100010001001101100001011111111
10010100011001001111100011011111111
10010100100001010001100100111111111
10010100101001010011100101111111111
10010100110001010101100110011111111
10010100111101010111100110011101111
10010100111100011000011001111101111
10010100110000011010011001111111111
10010100101000011100011010011111111
10010100100000011110011011011111111
10010100011000100000011100111111111
10010100010000100010011110111111111
10010100001100100100100000111111111
10010100000100100110100011011111111
10010100000000101000100101111111111
10010011111100101010101000111111111
10010011111000101100101100011111111
10010011110100101110101111011111111
10010011110000110000110010111111111
10010011110000110010110110111111111
10010011110000110100111010011111111
10010011101100110110111110011111111
10010011010100111001000010011111111
10010011010100111011000110111111111
10010011010100111101001011011111111
10010011011000111111001111011111111
10010011011101000001010011111111111
10010011011101000011010111111111111
10010011100001000101011011011111111
10010011100101000111011111011111111
10010011101101001001100010111111111
10010011110001001011100101111111111
10010011111001001101101000011111111
10010100000001001111101010111111111
10010100000101010001101100111111111
10010100010001010011101110111111111
10010100011001010101101111111111111
10010100100001010111110000111111111
10010100100000011000001111011111111
10010100011000011010010000011111111
10010100010000011100010001011111111
10010100000100011110010011011111111
10010100000000100000010101011111111
10010011111000100010010111111111111
10010011110000100100011010011111111
10010011101100100110011101011111111
10010011100100101000100000111111111
10010011100000101010100100111111111
10010011011100101100101000011111111
10010011011100101110101100011111111
10010011011000110000110000111111111
10010011010100110010110100111111111
10010011010100110100111001011111111
10010011010100110110111101111111111
10010010111000111001000010111111111
10010010111100111011000111111111111
10010010111100111101001100111111111
10010010111100111111010001111111111
10010011000001000001010110111111111
10010011000101000011011011011111111
10010011001001000101011111111111111
10010011001101000111100100011111111
10010011010001001001101000011111111
10010011011001001011101100011111111
10010011011101001101101111111111111
10010011100101001111110010111111111
10010011101101010001110101011111111
10010011110101010011110111111111111
10010011111101010101111001111111111
10010100001001010111111010111111111
10010100001000011000000101011111111
10010011111100011010000110011111111
10010011110100011100001000011111111
10010011101100011110001010111111111
10010011100100100000001101011111111
10010011011100100010010000011111111
10010011011000100100010011111111111
10010011010000100110010111111111111
10010011001100101000011011111111111
10010011001000101010100000011111111
10010011000100101100100100111111111
10010011000000101110101001011111111
10010010111100110000101110011111111
10010010111100110010110011011111111
10010010111100110100111000011111111
10010010111000110110111101011111111
10010010100000111001000010111111111
10010010100000111011001000111111111
10010010100000111101001110111111111
10010010100100111111010100011111111
10010010100101000001011001111111111
10010010101001000011011111011111111
10010010101101000101100100011111111
10010010110001000111101001011111111
10010010111001001001101110011111111
10010010111101001011110010111111111
10010011000101001101110110111111111
10010011001101001111111010111111111
10010011010001010001111101111111111
10010011011101010100000000111111111
10010011100101010110000011011111111
10010011101101011000000101011111111
10010011101100010111111010111111111
10010011100100011001111100111111111
10010011011100011011111111011111111
10010011010000011110000010011111111
10010011001100100000000101011111111
10010011000100100010001001011111111
10010010111100100100001101011111111
10010010111000100110010001111111111
10010010110000101000010110111111111
10010010101100101010011011111111111
10010010101000101100100000111111111
10010010100100101110100110011111111
10010010100100110000101011111111111
10010010100000110010110001011111111
10010010100000110100110111011111111
10010010100000110110111101011111111
10010010000100111001000011011111111
10010010000100111011001001111111111
10010010001000111101010000011111111
10010010001000111111010110111111111
10010010001101000001011100111111111
10010010010001000011100011011111111
10010010010101000101101000111111111
10010010011001000111101110111111111
10010010011101001001110100011111111
10010010100101001011111001011111111
10010010101001001101111110011111111
10010010110001010000000010011111111
10010010111001010010000110111111111
10010011000001010100001010011111111
10010011001001010110001101011111111
10010011010101011000010000011111111
10010011010100010111101111111111111
10010011001000011001110010111111111
10010011000000011011110101111111111
10010010111000011101111001011111111
10010010110000011111111101111111111
10010010101000100010000001111111111
10010010100100100100000110111111111
10010010011100100110001011111111111
10010010011000101000010001011111111
10010010010100101010010111011111111
10010010010000101100011100111111111
10010010001100101110100011011111111
10010010001000110000101001011111111
10010010001000110010101111111111111
10010010000100110100110110011111111
10010010000100110110111100111111111
10011000010000111000111110011101111
10011000010000111010111011011101111
10011000010000111100110111111101111
10011000010100111110110100011101111
10011000010101000000110000111101111
10011000011001000010101101011101111
10011000011101000100101001011101111
10011000100001000110100101011101111
10011000100101001000100001011101111
10011000101001001010011100111101111
10011000110001001100011000011101111
10011000111001001110010011011101111
10011000111101010000001101111101111
10011001000101010010001000011101111
10011001001101010100000010011101111
10011001011001010101111011111101111
10011001011000011010000100011101111
10011001001100011011111101111101111
10011001000100011101110111111101111
10011000111100011111110010011101111
10011000111000100001101100111101111
10011000110000100011100111111101111
10011000101000100101100011011101111
10011000100100100111011110111101111
10011000100000101001011010111101111
10011000011100101011010110111101111
10011000011000101101010010111101111
10011000010100101111001111011101111
10011000010100110001001011111101111
10011000010000110011001000011101111
10011000010000110101000100111101111
10011000010000110111000001111101111
10010111110100111000111110111101111
10010111110100111010111011111101111
10010111110100111100111001011101111
10010111111000111110110110011101111
10010111111101000000110011111101111
10010111111101000010110000111101111
10011000000001000100101101011101111
10011000000101000110101001111101111
10011000001101001000100110011101111
10011000010001001010100010111101111
10011000010101001100011110011101111
10011000011101001110011010011101111
10011000100101010000010101011101111
10011000101101010010010000011101111
10011000110101010100001010111101111
10011000111101010110000101011101111
10011000111100011001111010111101111
10011000110100011011110101011101111
10011000101100011101101111111101111
10011000100100011111101010111101111
10011000011100100001100101111101111
10011000010100100011100001111101111
10011000010000100101011101011101111
10011000001100100111011001111101111
10011000000100101001010110011101111
10011000000000101011010010111101111
10010111111100101101001111011101111
10010111111100101111001100011101111
10010111111000110001001001111101111
10010111110100110011000110111101111
10010111110100110101000100011101111
10010111110100110111000001011101111
10010111011000111000111110111101111
10010111011100111010111100111101111
10010111011100111100111010111101111
10010111011100111110111000111101111
10010111100001000000110110011101111
10010111100101000010110011111101111
10010111101001000100110001011101111
10010111101101000110101110111101111
10010111110001001000101011111101111
10010111110101001010101000011101111
10010111111101001100100100111101111
10011000000101001110100001011101111
10011000001001010000011100111101111
10011000010001010010011000111101111
10011000011101010100010011111101111
10011000100101010110001110011101111
10011000100100011001110001111101111
10011000011100011011101100011101111
10011000010000011101100111011101111
10011000001000011111100011011101111
10011000000100100001011110111101111
10010111111100100011011011011101111
10010111110100100101010111111101111
10010111110000100111010100011101111
10010111101100101001010001011101111
10010111101000101011001110111101111
10010111100100101101001100011101111
10010111100000101111001001111101111
10010111011100110001000111011101111
10010111011100110011000101011101111
10010111011100110101000011011101111
10010111011000110111000001011101111
10010111000000111000111111011101111
10010111000000111010111101111101111
10010111000000111100111100011101111
10010111000100111110111010111101111
10010111000101000000111001011101111
10010111001001000010110111011101111
10010111001101000100110101011101111
10010111010001000110110011011101111
10010111010101001000110000111101111
10010111011101001010101110011101111
10010111100001001100101011011101111
10010111101001001110101000011101111
10010111110001010000100100111101111
10010111111001010010100000111101111
10011000000001010100011100111101111
10011000001001010110010111111101111
10011000001000011001101000011101111
10011000000000011011100011011101111
10010111111000011101011111011101111
10010111110000011111011011011101111
10010111101000100001010111111101111
10010111100000100011010100111101111
10010111011100100101010001111101111
10010111010100100111001111011101111
10010111010000101001001100111101111
10010111001100101011001010111101111
10010111001000101101001000111101111
10010111000100101111000110111101111
10010111000100110001000101011101111
10010111000000110011000011111101111
10010111000000110101000010011101111
10010111000000110111000000111101111
10010110100100111000111111111101111
10010110101000111010111110111101111
10010110101000111100111101111101111
10010110101000111110111100111101111
10010110101101000000111011111101111
10010110110001000010111010111101111
10010110110101000100111001011101111
10010110111001000110110111111101111
10010110111101001000110110011101111
10010111000001001010110100011101111
10010111001001001100110001111101111
10010111010001001110101111011101111
10010111010101010000101100011101111
10010111011101010010101001011101111
10010111101001010100100101011101111
10010111110001010110100001011101111
10010111110000011001011110111101111
10010111101000011011011010111101111
10010111011100011101010110111101111
10010111010100011111010011111101111
10010111010000100001010000111101111
10010111001000100011001110011101111
10010111000000100101001011111101111
10010110111100100111001001111101111
10010110111000101001001000011101111
10010110110100101011000110111101111
10010110110000101101000101011101111
10010110101100101111000100011101111
10010110101000110001000011011101111
10010110101000110011000010011101111
10010110101000110101000001011101111
10010110100100110111000000011101111
10010110001100111000111111111101111
10010110001100111010111111111101111
10010110001100111100111111111101111
10010110010000111110111111011101111
10010110010001000000111110111101111
10010110010101000010111110011101111
10010110011001000100111101111101111
10010110011101000110111100111101111
10010110100001001000111011111101111
10010110101001001010111010011101111
10010110101101001100111000011101111
10010110110101001110110110011101111
10010110111101010000110100011101111
10010111000101010010110001011101111
10010111001101010100101110011101111
10010111010101010110101010111101111
10010111010100011001010101011101111
10010111001100011011010001111101111
10010111000100011101001110111101111
10010110111100011111001011111101111
10010110110100100001001001111101111
10010110101100100011000111111101111
10010110101000100101000101111101111
10010110100000100111000100011101111
10010110011100101001000011011101111
10010110011000101011000010011101111
10010110010100101101000001111101111
10010110010000101111000001011101111
10010110010000110001000000111101111
10010110001100110011000000011101111
10010110001100110101000000011101111
10010110001100110111000000011101111
10010101110000111001000000011101111
10010101110000111011000000111101111
10010101110100111101000001011101111
10010101110100111111000001011101111
10010101111001000001000001111101111
10010101111101000011000001111101111
10010110000001000101000001111101111
10010110000101000111000001011101111
10010110001001001001000000111101111
10010110001101001011000000011101111
10010110010101001100111111011101111
10010110011101001110111101111101111
10010110100001010000111100011101111
10010110101001010010111001111101111
10010110110101010100110111011101111
10010110111101010110110100111101111
10010110111100011001001011011101111
10010110110100011011001000111101111
10010110101000011101000110011101111
10010110100000011111000011111101111
10010110011100100001000010011101111
10010110010100100011000000111101111
10010110001100100100111111111101111
10010110001000100110111111011101111
10010110000100101000111110111101111
10010110000000101010111110011101111
10010101111100101100111110011101111
10010101111000101110111110011101111
10010101110100110000111110111101111
10010101110100110010111110111101111
10010101110000110100111111011101111
10010101110000110110111111111101111
10010101011000111001000000111101111
10010101011000111011000001111101111
10010101011000111101000010111101111
10010101011100111111000011111101111
10010101011101000001000100111101111
10010101100001000011000101011101111
10010101100101000101000101111101111
10010101101001000111000110011101111
10010101101101001001000110011101111
10010101110101001011000110011101111
10010101111001001101000101111101111
10010110000001001111000101011101111
10010110001001010001000011111101111
10010110010001010011000010111101111
10010110011001010101000000111101111
10010110100001010110111110011101111
10010110100000011001000001111101111
10010110011000011010111111011101111
10010110010000011100111101011101111
10010110001000011110111100011101111
10010110000000100000111010111101111
10010101111000100010111010011101111
10010101110100100100111001111101111
10010101101100100110111001111101111
10010101101000101000111001111101111
10010101100100101010111010011101111
10010101100000101100111010111101111
10010101011100101110111011011101111
10010101011100110000111100011101111
10010101011000110010111101011101111
10010101011000110100111110011101111
10010101011000110110111111011101111
