10110100100111111110011100011111111
10110100100111111111111001111111111
10110100100100000001010110111111111
10110100100100000010110100011111111
10110100101000000100010001011111111
10110100101000000101101110111111111
10110100101100000111001011111111111
10110100110000001000101000111111111
10110100110100001010000101111111111
10110100111000001011100010011111111
10110100111100001100111111011111111
10110101000000001110011011111111111
10110101000100001111111000011111111
10110101001100010001010100111111111
10110101010000010010110000111111111
10110101011000010100001100111111111
10110101011011100111001110111111111
10110101010011101000101010111111111
10110101001111101010000110111111111
10110101000111101011100011011111111
10110101000011101100111111111111111
10110100111111101110011100011111111
10110100111011101111111000111111111
10110100110111110001010101111111111
10110100110011110010110010111111111
10110100101111110100001111111111111
10110100101011110101101100111111111
10110100101011110111001001111111111
10110100100111111000100111011111111
10110100100111111010000100011111111
10110100100111111011100001111111111
10110100100111111100111111011111111
10110100001011111110011100111111111
10110100001011111111111010011111111
10110100001000000001010111111111111
10110100001100000010110101011111111
10110100001100000100010010111111111
10110100010000000101110000011111111
10110100010000000111001101111111111
10110100010100001000101011011111111
10110100011000001010001000111111111
10110100011100001011100101111111111
10110100100000001101000010111111111
10110100100100001110011111111111111
10110100101100001111111100011111111
10110100110000010001011001011111111
10110100111000010010110101111111111
10110101000000010100010001111111111
10110101000011100111001001011111111
10110100111011101000100101111111111
10110100110011101010000010011111111
10110100101111101011011110111111111
10110100100111101100111011111111111
10110100100011101110011000111111111
10110100011111101111110101111111111
10110100011011110001010010111111111
10110100010111110010110000011111111
10110100010011110100001101111111111
10110100010011110101101010111111111
10110100001111110111001000011111111
10110100001111111000100110011111111
10110100001011111010000011111111111
10110100001011111011100001011111111
10110100001011111100111110111111111
10110011101111111110011100111111111
10110011110011111111111010111111111
10110011110000000001011000111111111
10110011110000000010110110111111111
10110011110100000100010100111111111
10110011110100000101110010011111111
10110011111000000111010000011111111
10110011111100001000101101111111111
10110100000000001010001011011111111
10110100000100001011101000111111111
10110100001000001101000110011111111
10110100001100001110100011111111111
10110100010000010000000000111111111
10110100011000010001011101111111111
10110100011100010010111010111111111
10110100100100010100010111011111111
10110100100111100111000100011111111
10110100011111101000100000111111111
10110100011011101001111101111111111
10110100010011101011011010111111111
10110100001111101100110111111111111
10110100001011101110010101011111111
10110100000111101111110010011111111
10110100000011110001001111111111111
10110011111111110010101101111111111
10110011111011110100001011011111111
10110011110111110101101001011111111
10110011110111110111000110111111111
10110011110011111000100100111111111
10110011110011111010000010111111111
10110011110011111011100000111111111
10110011101111111100111110111111111
10110011010111111110011100111111111
10110011010111111111111011011111111
10110011010100000001011001111111111
10110011011000000010110111111111111
10110011011000000100010110011111111
10110011011100000101110100011111111
10110011011100000111010010011111111
10110011100000001000110000011111111
10110011100100001010001110011111111
10110011101000001011101100011111111
10110011101100001101001001111111111
10110011110000001110100111111111111
10110011111000010000000101011111111
10110011111100010001100010011111111
10110100000100010010111111111111111
10110100001100010100011100111111111
10110100001111100110111110111111111
10110100000111101000011011111111111
10110011111111101001111001011111111
10110011111011101011010110011111111
10110011110011101100110011111111111
10110011101111101110010001011111111
10110011101011101111101111011111111
10110011100111110001001101011111111
10110011100011110010101011011111111
10110011011111110100001001011111111
10110011011111110101100111011111111
10110011011011110111000101011111111
10110011011011111000100011111111111
10110011010111111010000001111111111
10110011010111111011100000011111111
10110011010111111100111110111111111
10110010111011111110011101011111111
10110010111011111111111011111111111
10110010111100000001011010011111111
10110010111100000010111001011111111
10110010111100000100010111111111111
10110011000000000101110110011111111
10110011000100000111010100111111111
10110011001000001000110011011111111
10110011001000001010010001011111111
10110011001100001011101111111111111
10110011010100001101001101111111111
10110011011000001110101011111111111
10110011011100010000001001011111111
10110011100100010001100111011111111
10110011101000010011000100111111111
10110011110000010100100001111111111
10110011110011100110111001111111111
10110011101011101000010110111111111
10110011100111101001110100011111111
10110011011111101011010010011111111
10110011011011101100101111111111111
10110011010111101110001101111111111
10110011001111101111101011111111111
10110011001011110001001010011111111
10110011001011110010101000011111111
10110011000111110100000110111111111
10110011000011110101100101011111111
10110010111111110111000011111111111
10110010111111111000100010011111111
10110010111111111010000001011111111
10110010111011111011011111111111111
10110010111011111100111110011111111
10110010100011111110011101011111111
10110010100011111111111100011111111
10110010100000000001011011011111111
10110010100000000010111010011111111
10110010100100000100011001011111111
10110010100100000101111000011111111
10110010101000000111010110111111111
10110010101100001000110101111111111
10110010110000001010010100011111111
10110010110100001011110010111111111
10110010111000001101010001011111111
10110010111100001110101111111111111
10110011000100010000001101111111111
10110011001000010001101011111111111
10110011010000010011001001111111111
10110011011000010100100111011111111
10110011011011100110110100011111111
10110011010011101000010001111111111
10110011001011101001101111111111111
10110011000111101011001101111111111
10110010111111101100101011111111111
10110010111011101110001010011111111
10110010110111101111101000111111111
10110010110011110001000111011111111
10110010101111110010100101111111111
10110010101011110100000100111111111
10110010100111110101100011011111111
10110010100111110111000010011111111
10110010100011111000100001011111111
10110010100011111010000000011111111
10110010100011111011011111011111111
10110010100011111100111110011111111
10110010000111111110011101011111111
10110010000111111111111100111111111
10110010001000000001011100011111111
10110010001000000010111011111111111
10110010001000000100011010111111111
10110010001100000101111010011111111
10110010010000000111011001011111111
10110010010000001000111000011111111
10110010010100001010010111011111111
10110010011000001011110110011111111
10110010100000001101010100111111111
10110010100100001110110011111111111
10110010101000010000010010011111111
10110010110000010001110000011111111
10110010110100010011001110111111111
10110010111100010100101100111111111
10110010111111100110101110111111111
10110010110111101000001100111111111
10110010110011101001101010111111111
10110010101011101011001001011111111
10110010100111101100100111111111111
10110010100011101110000110011111111
10110010011011101111100101011111111
10110010010111110001000100011111111
10110010010011110010100011011111111
10110010010011110100000010011111111
10110010001111110101100001011111111
10110010001011110111000000111111111
10110010001011111000011111111111111
10110010001011111001111111011111111
10110010000111111011011110111111111
10110010000111111100111110011111111
10110001101111111110011101111111111
10110001101111111111111101011111111
10110001101100000001011101011111111
10110001101100000010111100111111111
10110001110000000100011100011111111
10110001110000000101111100011111111
10110001110100000111011011111111111
10110001111000001000111010111111111
10110001111100001010011010011111111
10110010000000001011111001111111111
10110010000100001101011000111111111
10110010001000001110110111111111111
10110010010000010000010110111111111
10110010010100010001110101011111111
10110010011100010011010011111111111
10110010100100010100110010011111111
10110010100111100110101001011111111
10110010011111101000000111111111111
10110010010111101001100110011111111
10110010010011101011000100111111111
10110010001011101100100011111111111
10110010000111101110000010111111111
10110010000011101111100001111111111
10110001111111110001000001011111111
10110001111011110010100000011111111
10110001110111110011111111111111111
10110001110011110101011111011111111
10110001110011110110111111011111111
10110001101111111000011110111111111
10110001101111111001111110011111111
10110001101111111011011110011111111
10110001101111111100111101111111111
10110111110111111110011011011111111
10110111110111111111110101111111111
10110111110100000001010000011111111
10110111111000000010101010111111111
10110111111000000100000101111111111
10110111111100000101100000011111111
10110111111100000110111010111111111
10111000000000001000010100111111111
10111000000100001001101111011111111
10111000001000001011001001011111111
10111000001100001100100011111111111
10111000010000001101111101111111111
10111000011000001111010111111111111
10111000011100010000110001011111111
10111000100100010010001010111111111
10111000101000010011100100011111111
10111000101011100111110111011111111
10111000100111101001010000111111111
10111000011111101010101010011111111
10111000011011101100000011111111111
10111000010011101101011101111111111
10111000001111101110110111111111111
10111000001011110000010001111111111
10111000000111110001101100011111111
10111000000011110011000110011111111
10110111111111110100100000111111111
10110111111111110101111011011111111
10110111111011110111010101111111111
10110111111011111000110000011111111
10110111110111111010001011011111111
10110111110111111011100101111111111
10110111110111111101000000011111111
10110111011011111110011011011111111
10110111011111111111110110011111111
10110111011100000001010001011111111
10110111011100000010101100011111111
10110111100000000100000110111111111
10110111100000000101100001111111111
10110111100100000110111100111111111
10110111101000001000010111011111111
10110111101000001001110001111111111
10110111101100001011001100111111111
10110111110000001100100110111111111
10110111111000001110000001011111111
10110111111100001111011011111111111
10111000000000010000110101111111111
10111000001000010010001111111111111
10111000010000010011101001011111111
10111000010011100111110010011111111
10111000001011101001001011111111111
10111000000011101010100101111111111
10110111111111101011111111111111111
10110111111011101101011010011111111
10110111110011101110110100011111111
10110111101111110000001110111111111
10110111101011110001101001011111111
10110111101011110011000100011111111
10110111100111110100011110111111111
10110111100011110101111001111111111
10110111100011110111010100011111111
10110111011111111000101111011111111
10110111011111111010001010011111111
10110111011111111011100101011111111
10110111011011111101000000011111111
10110111000011111110011011011111111
10110111000011111111110110111111111
10110111000000000001010001111111111
10110111000100000010101101011111111
10110111000100000100001000011111111
10110111001000000101100011111111111
10110111001000000110111110111111111
10110111001100001000011001111111111
10110111010000001001110100111111111
10110111010100001011001111111111111
10110111011000001100101010011111111
10110111011100001110000101011111111
10110111100100001111011111111111111
10110111101000010000111001111111111
10110111101100010010010100011111111
10110111110100010011101110011111111
10110111110111100111101101011111111
10110111101111101001000111011111111
10110111101011101010100001011111111
10110111100111101011111011111111111
10110111011111101101010110011111111
10110111011011101110110001011111111
10110111010111110000001011111111111
10110111010011110001100110111111111
10110111001111110011000001111111111
10110111001011110100011100111111111
10110111001011110101110111111111111
10110111000111110111010010111111111
10110111000111111000101110011111111
10110111000011111010001001011111111
10110111000011111011100100111111111
10110111000011111101000000011111111
10110110100111111110011011111111111
10110110100111111111110111011111111
10110110101000000001010010111111111
10110110101000000010101110011111111
10110110101000000100001001111111111
10110110101100000101100101011111111
10110110110000000111000000111111111
10110110110000001000011100011111111
10110110110100001001110111111111111
10110110111000001011010010111111111
10110110111100001100101101111111111
10110111000100001110001000111111111
10110111001000001111100011111111111
10110111001100010000111110011111111
10110111010100010010011000111111111
10110111011100010011110011011111111
10110111011111100111101000011111111
10110111010111101001000010111111111
10110111001111101010011101011111111
10110111001011101011110111111111111
10110111000111101101010010111111111
10110110111111101110101101111111111
10110110111011110000001000111111111
10110110110111110001100011111111111
10110110110011110010111111011111111
10110110110011110100011010111111111
10110110101111110101110110011111111
10110110101011110111010001111111111
10110110101011111000101101011111111
10110110101011111010001000111111111
10110110100111111011100100011111111
10110110100111111100111111111111111
10110110001111111110011011111111111
10110110001111111111110111111111111
10110110001100000001010011111111111
10110110001100000010101111111111111
10110110010000000100001011011111111
10110110010000000101100111011111111
10110110010100000111000010111111111
10110110011000001000011110111111111
10110110011100001001111010011111111
10110110100000001011010101111111111
10110110100100001100110001011111111
10110110101000001110001100111111111
10110110101100001111100111111111111
10110110110100010001000010111111111
10110110111000010010011101111111111
10110111000000010011111000011111111
10110111000011100111100011011111111
10110110111011101000111101111111111
10110110110111101010011000111111111
10110110101111101011110011111111111
10110110101011101101001110111111111
10110110100111101110101010011111111
10110110100011110000000101111111111
10110110011111110001100001011111111
10110110011011110010111100111111111
10110110010111110100011000011111111
10110110010011110101110100011111111
10110110010011110111010000011111111
10110110001111111000101011111111111
10110110001111111010000111111111111
10110110001111111011100011111111111
10110110001111111100111111111111111
10110101110011111110011011111111111
10110101110011111111111000011111111
10110101110100000001010100011111111
10110101110100000010110000111111111
10110101110100000100001100111111111
10110101111000000101101001011111111
10110101111100000111000101011111111
10110101111100001000100001011111111
10110110000000001001111101011111111
10110110000100001011011000111111111
10110110001000001100110100111111111
10110110010000001110010000011111111
10110110010100001111101011111111111
10110110011000010001000111011111111
10110110100000010010100010011111111
10110110101000010011111101011111111
10110110101011100111011110011111111
10110110100011101000111001011111111
10110110011011101010010100011111111
10110110010111101011101111111111111
10110110010011101101001011011111111
10110110001011101110100110111111111
10110110000111110000000010011111111
10110110000011110001011110011111111
10110101111111110010111010011111111
10110101111111110100010110011111111
10110101111011110101110010011111111
10110101110111110111001110111111111
10110101110111111000101010111111111
10110101110111111010000110111111111
10110101110011111011100011011111111
10110101110011111100111111111111111
10110101011011111110011100011111111
10110101011011111111111000111111111
10110101011000000001010101011111111
10110101011000000010110001111111111
10110101011100000100001110011111111
10110101011100000101101010111111111
10110101100000000111000111011111111
10110101100100001000100011111111111
10110101101000001001111111111111111
10110101101100001011011100011111111
10110101110000001100111000011111111
10110101110100001110010100011111111
10110101111000001111101111111111111
10110110000000010001001011111111111
10110110000100010010100111011111111
10110110001100010100000010011111111
10110110001111100111011000111111111
10110110000111101000110100011111111
10110110000011101010001111111111111
10110101111011101011101011111111111
10110101110111101101000111011111111
10110101110011101110100011011111111
10110101101111101111111111011111111
10110101101011110001011011011111111
10110101100111110010110111111111111
10110101100011110100010100011111111
10110101011111110101110000111111111
10110101011111110111001101011111111
10110101011011111000101001111111111
10110101011011111010000110011111111
10110101011011111011100010111111111
10110101011011111100111111011111111
10110100111111111110011100011111111
10110100111111111111111001011111111
10110100111100000001010110011111111
10110101000000000010110011011111111
10110101000000000100001111111111111
10110101000100000101101100111111111
10110101000100000111001001011111111
10110101001000001000100110011111111
10110101001100001010000010111111111
10110101010000001011011111011111111
10110101010100001100111011111111111
10110101011100001110010111111111111
10110101100000001111110100011111111
10110101100100010001010000011111111
10110101101100010010101011111111111
10110101110100010100000111111111111
10110101110111100111010011111111111
10110101101111101000101111111111111
10110101100111101010001011011111111
10110101100011101011100111011111111
10110101011111101101000011011111111
10110101010111101110011111111111111
10110101010011101111111100011111111
10110101001111110001011000111111111
10110101001011110010110101011111111
10110101000111110100010001111111111
10110101000111110101101110111111111
10110101000011110111001011111111111
10110101000011111000101000011111111
10110100111111111010000101011111111
10110100111111111011100010011111111
10110100111111111100111111011111111
