10110000011011010110000101011101110
10110000011111011001000111011101110
10110000011111011100001000111101110
10110000100111011111001010011101110
10110000101111100010001011011101110
10110000110111100101001011011101110
10110001000011101000001011011101110
10110001001111101011001010111101110
10110001001110111101111110111101110
10110001000011000000111101111101110
10110000110111000011111101111101110
10110000101111000110111110011101110
10110000100111001001111111011101110
10110000011111001101000000011101110
10110000011111010000000001111101110
10110000011011010011000011111101110
10101111111111010110000101111101110
10110000000011011001001000011101110
10110000000111011100001010111101110
10110000001011011111001100111101110
10110000010011100010001110011101110
10110000011111100101001111011101110
10110000100111101000010000011101110
10110000110111101011010000011101110
10110000110110111101111001011101110
10110000100111000000111001011101110
10110000011111000011111001111101110
10110000010011000110111010111101110
10110000001011001001111100111101110
10110000000111001100111110111101110
10110000000011010000000000111101110
10101111111111010011000011011101110
10101111100111010110000110011101110
10101111100111011001001001011101110
10101111101011011100001100011101110
10101111110011011111001111011101110
10101111111011100010010001111101110
10110000000011100101010011111101110
10110000001111101000010100111101110
10110000011011101011010101111101110
10110000011010111101110011111101110
10110000001111000000110100011101110
10110000000011000011110101111101110
10101111111011000110110111111101110
10101111110011001001111001111101110
10101111101011001100111100111101110
10101111100111001111111111111101110
10101111100111010011000010111101110
10101111001011010110000110111101110
10101111001111011001001010111101110
10101111010011011100001110011101110
10101111010111011111010001111101110
10101111011111100010010100111101110
10101111101011100101010111111101110
10101111110011101000011001111101110
10110000000011101011011011011101110
10110000000010111101101110011101110
10101111110011000000101111011101110
10101111101011000011110001111101110
10101111011111000110110100011101110
10101111010111001001110111011101110
10101111010011001100111010111101110
10101111001111001111111110111101110
10101111001011010011000010111101110
10101110110011010110000110111101110
10101110110011011001001011111101110
10101110110111011100010000011101110
10101110111111011111010100011101110
10101111000111100010011000011101110
10101111001111100101011011111101110
10101111011011101000011110111101110
10101111100111101011100000111101110
10101111100110111101101000111101110
10101111011011000000101010111101110
10101111001111000011101101011101110
10101111000111000110110000111101110
10101110111111001001110100111101110
10101110110111001100111000111101110
10101110110011001111111101011101110
10101110110011010011000010011101110
10101110010111010110000111011101110
10101110011011011001001100111101110
10101110011111011100010010011101110
10101110100011011111010111011101110
10101110101011100010011011111101110
10101110110011100101011111111101110
10101110111111101000100011011101110
10101111001111101011100110011101110
10101111001110111101100010111101110
10101110111111000000100101111101110
10101110110011000011101001011101110
10101110101011000110101101011101110
10101110100011001001110010011101110
10101110011111001100110111011101110
10101110011011001111111100011101110
10101110010111010011000001111101110
10101101111111010110000111111101110
10101101111111011001001101111101110
10101110000011011100010100011101110
10101110001011011111011001111101110
10101110010011100010011111011101110
10101110011011100101100100011101110
10101110100111101000101000011101110
10101110110011101011101011111101110
10101110110010111101011101011101110
10101110100111000000100000111101110
10101110011011000011100101011101110
10101110010011000110101001111101110
10101110001011001001101111011101110
10101110000011001100110101011101110
10101101111111001111111011011101110
10101101111111010011000001011101110
10101101100011010110001000011101110
10101101100111011001001111011101110
10101101101011011100010101111101110
10101101101111011111011100011101110
10101101110111100010100010111101110
10101101111111100101101000011101110
10101110001011101000101101011101110
10101110011011101011110001111101110
10101110011010111101010111111101110
10101110001011000000011011111101110
10101101111111000011100000111101110
10101101110111000110100110111101110
10101101101111001001101100111101110
10101101101011001100110011011101110
10101101100111001111111010011101110
10101101100011010011000001011101110
10101101001011010110001000011101110
10101101001011011001010000011101110
10101101001111011100010111111101110
10101101010111011111011111011101110
10101101011011100010100110011101110
10101101100111100101101100011101110
10101101110011101000110010011101110
10101101111111101011110111011101110
10101101111110111101010001111101110
10101101110011000000010110111101110
10101101100111000011011100111101110
10101101011011000110100011011101110
10101101010111001001101001111101110
10101101001111001100110001011101110
10101101001011001111111000111101110
10101101001011010011000000111101110
10101100101111010110001000111101110
10101100110011011001010001011101110
10101100110111011100011001111101110
10101100111011011111100001111101110
10101101000011100010101001111101110
10101101001011100101110000111101110
10101101010111101000110111011101110
10101101100111101011111101011101110
10101101100110111101001100011101110
10101101010111000000010001111101110
10101101001011000011011000011101110
10101101000011000110011111111101110
10101100111011001001100111011101110
10101100110111001100101111011101110
10101100110011001111110111111101110
10101100101111010011000000011101110
10101100010011010110001001011101110
10101100010111011001010010111101110
10101100011011011100011011111101110
10101100011111011111100100111101110
10101100100111100010101101011101110
10101100110011100101110101011101110
10101100111111101000111100011101110
10101101001011101100000010111101110
10101101001010111101000110011101110
10101100111111000000001100111101110
10101100110011000011010100011101110
10101100100111000110011100011101110
10101100011111001001100100011101110
10101100011011001100101101011101110
10101100010111001111110110111101110
10101100010011010010111111111101110
10101011111011010110001001111101110
10101011111011011001010011111101110
10101011111111011100011101111101110
10101100000111011111100111011101110
10101100001111100010110000111101110
10101100010111100101111001011101110
10101100100011101001000001011101110
10101100110011101100001000111101110
10101100110010111101000000011101110
10101100100011000000000111111101110
10101100010111000011001111111101110
10101100001111000110011000011101110
10101100000111001001100001111101110
10101011111111001100101011011101110
10101011111011001111110101011101110
10101011111011010010111111011101110
10101011011111010110001010011101110
10101011100011011001010101011101110
10101011100111011100011111111101110
10101011101011011111101010011101110
10101011110011100010110100011101110
10101011111111100101111101111101110
10101100001011101001000110111101110
10101100010111101100001110111101110
10101100010110111100111010011101110
10101100001011000000000010111101110
10101011111111000011001011011101110
10101011110011000110010100111101110
10101011101011001001011110111101110
10101011100111001100101001011101110
10101011100011001111110100011101110
10101011011111010010111111011101110
10101011000111010110001010011101110
10101011000111011001010110011101110
10101011001011011100100001111101110
10101011010011011111101101011101110
10101011011011100010110111111101110
10101011100011100110000010011101110
10101011101111101001001011111101110
10101011111111101100010100111101110
10101011111110111100110100111101110
10101011101110111111111101011101110
10101011100011000011000110111101110
10101011011011000110010001011101110
10101011010011001001011100011101110
10101011001011001100100111011101110
10101011000111001111110010111101110
10101011000111010010111110111101110
10101010101011010110001010111101110
10101010101111011001010111011101110
10101010110011011100100011111101110
10101010110111011111101111111101110
10101010111111100010111011111101110
10101011001011100110000110111101110
10101011010111101001010001011101110
10101011100011101100011010111101110
10101011100010111100101110011101110
10101011010110111111111000011101110
10101011001011000011000010111101110
10101010111111000110001101111101110
10101010110111001001011001011101110
10101010110011001100100101011101110
10101010101111001111110001111101110
10101010101011010010111110011101110
10101010010011010110001011011101110
10101010010011011001011000111101110
10101010010111011100100101111101110
10101010011111011111110010111101110
10101010100111100010111111011101110
10101010101111100110001011011101110
10101010111011101001010110011101110
10101011001011101100100000111101110
10101011001010111100101000011101110
10101010111010111111110010111101110
10101010101111000010111110011101110
10101010100111000110001001111101110
10101010011111001001010110011101110
10101010010111001100100011011101110
10101010010011001111110000011101110
10101010010011010010111101111101110
10110110111111010101111111111011110
10110110111111011000110110111011110
10110111000011011011101101011011110
10110111001011011110100011011011110
10110111001111100001011001011011110
10110111011011100100001111011011110
10110111100011100111000100011011110
10110111101111101001111000111011110
10110111101110111111010000011011110
10110111100011000010000100111011110
10110111011011000100111010011011110
10110111001111000111101111111011110
10110111001011001010100101111011110
10110111000011001101011100011011110
10110110111111010000010010111011110
10110110111111010011001001011011110
10110110100011010110000000011011110
10110110100111011000110111111011110
10110110101011011011101110111011110
10110110101111011110100101111011110
10110110110111100001011100011011110
10110110111111100100010010111011110
10110111001011100111001000011011110
10110111010111101001111101111011110
10110111010110111111001011111011110
10110111001011000010000000111011110
10110110111111000100110110011011110
10110110110111000111101100111011110
10110110101111001010100011011011110
10110110101011001101011010011011110
10110110100111010000010001111011110
10110110100011010011001000111011110
10110110001011010110000000111011110
10110110001011011000111000111011110
10110110001111011011110000011011110
10110110010111011110101000011011110
10110110011011100001011111011011110
10110110100111100100010110011011110
10110110101111100111001100111011110
10110110111011101010000010111011110
10110110111010111111000110111011110
10110110101111000001111100011011110
10110110100111000100110010111011110
10110110011011000111101001111011110
10110110010111001010100001011011110
10110110001111001101011000111011110
10110110001011010000010000111011110
10110110001011010011001000111011110
10110101101111010110000000111011110
10110101110011011000111001111011110
10110101110111011011110010011011110
10110101111011011110101010011011110
10110110000011100001100010011011110
10110110001011100100011001111011110
10110110010111100111010000111011110
10110110100011101010000111011011110
10110110100010111111000001111011110
10110110010111000001111000011011110
10110110001011000100101111011011110
10110110000011000111100110111011110
10110101111011001010011110111011110
10110101110111001101010111011011110
10110101110011010000001111111011110
10110101101111010011001000011011110
10110101010111010110000001011011110
10110101010111011000111010111011110
10110101011011011011110011111011110
10110101011111011110101100111011110
10110101100111100001100101011011110
10110101101111100100011101111011110
10110101111011100111010101011011110
10110110000111101010001100011011110
10110110000110111110111100111011110
10110101111011000001110011111011110
10110101101111000100101011111011110
10110101100111000111100011111011110
10110101011111001010011100011011110
10110101011011001101010101011011110
10110101010111010000001110111011110
10110101010111010011000111111011110
10110100111011010110000001111011110
10110100111111011000111011111011110
10110101000011011011110101011011110
10110101000111011110101111011011110
10110101001111100001101000011011110
10110101010111100100100001011011110
10110101100011100111011001111011110
10110101101111101010010001011011110
10110101101110111110110111111011110
10110101100011000001101111111011110
10110101010111000100100111111011110
10110101001111000111100000111011110
10110101000111001010011010011011110
10110101000011001101010011111011110
10110100111111010000001101111011110
10110100111011010011000111111011110
10110100100011010110000001111011110
10110100100011011000111100111011110
10110100100111011011110111011011110
10110100101011011110110001011011110
10110100110011100001101011011011110
10110100111011100100100100111011110
10110101000111100111011101111011110
10110101010011101010010110011011110
10110101010010111110110010111011110
10110101000111000001101011011011110
10110100111011000100100100011011110
10110100110011000111011101111011110
10110100101011001010010111111011110
10110100100111001101010010011011110
10110100100011010000001100111011110
10110100100011010011000111011011110
10110100000111010110000010011101110
10110100001011011000111101111101110
10110100001011011011111000111101110
10110100010011011110110011111101110
10110100011011100001101110011101110
10110100100011100100101000111011110
10110100101111100111100010011011110
10110100111011101010011011011011110
10110100111010111110101101111011110
10110100101111000001100110111011110
10110100100011000100100000111011110
10110100011011000111011010111101110
10110100010011001010010101011101110
10110100001011001101010000011101110
10110100001011010000001011111101110
10110100000111010011000110111101110
10110011101011010110000010111101110
10110011101111011000111110111101110
10110011110011011011111010111101110
10110011110111011110110110011101110
10110011111111100001110001111101110
10110100000111100100101100011101110
10110100010011100111100110111101110
10110100011111101010100000111011110
10110100011110111110101000111011110
10110100010011000001100010011101110
10110100000111000100011100111101110
10110011111111000111010111111101110
10110011110111001010010010111101110
10110011110011001101001110111101110
10110011101111010000001010011101110
10110011101011010011000110111101110
10110011010011010110000010111101110
10110011010011011000111111111101110
10110011010111011011111100011101110
10110011011111011110111000111101110
10110011100111100001110100111101110
10110011101111100100110000011101110
10110011111011100111101011011101110
10110100000111101010100101111101110
10110100000110111110100011111101110
10110011111011000001011101111101110
10110011101111000100011000111101110
10110011100111000111010100111101110
10110011011111001010010000111101110
10110011010111001101001100111101110
10110011010011010000001001011101110
10110011010011010011000110011101110
10110010110111010110000011011101110
10110010111011011001000000111101110
10110010111111011011111110011101110
10110011000011011110111011011101110
10110011001011100001110111111101110
10110011010011100100110011111101110
10110011011111100111101111111101110
10110011101011101010101010111101110
10110011101010111110011110011101110
10110011011111000001011001011101110
10110011010011000100010101011101110
10110011001011000111010001011101110
10110011000011001010001110011101110
10110010111111001101001011011101110
10110010111011010000001000011101110
10110010110111010011000101111101110
10110010011111010110000011111101110
10110010011111011001000001111101110
10110010100011011011111111111101110
10110010101011011110111101111101110
10110010101111100001111010111101110
10110010111011100100110111111101110
10110011000111100111110100011101110
10110011010011101010110000011101110
10110011010010111110011001011101110
10110011000111000001010100111101110
10110010111011000100010001011101110
10110010101111000111001110011101110
10110010101011001010001011111101110
10110010100011001101001001011101110
10110010011111010000000111011101110
10110010011111010011000101011101110
10110010000011010110000100011101110
10110010000111011001000010111101110
10110010001011011100000001111101110
10110010001111011110111111111101110
10110010010111100001111110011101110
10110010011111100100111011111101110
10110010101011100111111000111101110
10110010110111101010110101011101110
10110010110110111110010011111101110
10110010101011000001010000011101110
10110010011111000100001101011101110
10110010010111000111001011011101110
10110010001111001010001001011101110
10110010001011001101000111111101110
10110010000111010000000110011101110
10110010000011010011000101011101110
10110001101011010110000100011101110
10110001101011011001000011111101110
10110001101111011100000011011101110
10110001110111011111000010011101110
10110001111011100010000001011101110
10110010000111100100111111111101110
10110010001111100111111101011101110
10110010011111101010111010111101110
10110010011110111110001110111101110
10110010001111000001001011111101110
10110010000111000100001001111101110
10110001111011000111000111111101110
10110001110111001010000110111101110
10110001101111001101000101111101110
10110001101011010000000101011101110
10110001101011010011000100111101110
10110001001111010110000100111101110
10110001010011011001000101011101110
10110001010111011100000101011101110
10110001011011011111000100111101110
10110001100011100010000100011101110
10110001101011100101000011111101110
10110001110111101000000010011101110
10110010000011101010111111111101110
10110010000010111110001001011101110
10110001110111000001000111011101110
10110001101011000100000101111101110
10110001100011000111000100111101110
10110001011011001010000100011101110
10110001010111001101000100011101110
10110001010011010000000100011101110
10110001001111010011000100011101110
10110000110111010110000101011101110
10110000110111011001000110011101110
10110000111011011100000110111101110
10110000111111011111000111111101110
10110001000111100010000111111101110
10110001010011100101000111011101110
10110001011011101000000110111101110
10110001101011101011000101011101110
10110001101010111110000011111101110
10110001011011000001000010011101110
10110001010011000100000001111101110
10110001000111000111000001011101110
10110000111111001010000001111101110
10110000111011001101000010011101110
10110000110111010000000011011101110
10110000110111010011000100011101110
