10110011101011010101010011111101110
10110011101111010110110001111101110
10110011101111011000001111111101110
10110011101111011001101101111101110
10110011110011011011001011111101110
10110011110011011100101001011101110
10110011110111011110000111011101110
10110011111011011111100101011101110
10110011111111100001000010111101110
10110100000011100010100000011101110
10110100000111100011111101111101110
10110100001011100101011011011101110
10110100001111100110111000011101110
10110100010111101000010101011101110
10110100011011101001110010011011110
10110100100011101011001110111011110
10110100100010111101111010011011110
10110100011010111111010111011011110
10110100010111000000110011111101110
10110100001111000010010000111101110
10110100001011000011101110011101110
10110100000111000101001011011101110
10110100000011000110101000111101110
10110011111111001000000110011101110
10110011111011001001100100011101110
10110011110111001011000001111101110
10110011110011001100011111111101110
10110011110011001101111101111101110
10110011101111001111011011011101110
10110011101111010000111001011101110
10110011101111010010010111111101110
10110011101011010011110101111101110
10110011010011010101010011111101110
10110011010011010110110010011101110
10110011010011011000010000111101110
10110011010111011001101110111101110
10110011010111011011001101011101110
10110011011011011100101011011101110
10110011011011011110001001111101110
10110011011111011111100111111101110
10110011100011100001000101111101110
10110011100111100010100011111101110
10110011101011100100000001011101110
10110011101111100101011110111101110
10110011110111100110111100111101110
10110011111011101000011001111101110
10110100000011101001110111011101110
10110100001011101011010100011101110
10110100001010111101110101011101110
10110100000010111111010010011101110
10110011111011000000101111011101110
10110011110111000010001100111101110
10110011101111000011101010011101110
10110011101011000101000111111101110
10110011100111000110100101111101110
10110011100011001000000011011101110
10110011011111001001100001011101110
10110011011011001010111111111101110
10110011011011001100011101111101110
10110011010111001101111011111101110
10110011010111001111011010011101110
10110011010011010000111000111101110
10110011010011010010010110111101110
10110011010011010011110101011101110
10110010110111010101010011111101110
10110010110111010110110010111101110
10110010111011011000010001011101110
10110010111011011001110000011101110
10110010111011011011001110111101110
10110010111111011100101101011101110
10110011000011011110001011111101110
10110011000111011111101010011101110
10110011000111100001001000111101110
10110011001111100010100110111101110
10110011010011100100000100111101110
10110011010111100101100010111101110
10110011011011100111000000111101110
10110011100011101000011110111101110
10110011100111101001111100011101110
10110011101111101011011001011101110
10110011101110111101101111111101110
10110011100110111111001101011101110
10110011100011000000101010111101110
10110011011011000010001000011101110
10110011010111000011100110011101110
10110011010011000101000100011101110
10110011001111000110100010011101110
10110011000111001000000000111101110
10110011000111001001011110111101110
10110011000011001010111101011101110
10110010111111001100011011111101110
10110010111011001101111010011101110
10110010111011001111011001011101110
10110010111011010000110111111101110
10110010110111010010010110011101110
10110010110111010011110101011101110
10110010011111010101010100011101110
10110010011111010110110011011101110
10110010011111011000010010011101110
10110010011111011001110001011101110
10110010100011011011010000011101110
10110010100111011100101111011101110
10110010100111011110001110011101110
10110010101011011111101100111101110
10110010101111100001001011111101110
10110010110011100010101010011101110
10110010110111100100001000111101110
10110010111011100101100110111101110
10110011000011100111000101011101110
10110011000111101000100011011101110
10110011001111101010000001011101110
10110011010111101011011110111101110
10110011010110111101101010011101110
10110011001110111111001000011101110
10110011000111000000100101111101110
10110011000011000010000011111101110
10110010111011000011100010011101110
10110010110111000101000000011101110
10110010110011000110011110111101110
10110010101111000111111101111101110
10110010101011001001011100011101110
10110010100111001010111011011101110
10110010100111001100011001111101110
10110010100011001101111000111101110
10110010011111001111010111111101110
10110010011111010000110110111101110
10110010011111010010010101111101110
10110010011111010011110101011101110
10110010000011010101010100011101110
10110010000011010110110011111101110
10110010000111011000010011011101110
10110010000111011001110010111101110
10110010000111011011010001111101110
10110010001011011100110001011101110
10110010001111011110010000011101110
10110010001111011111101111111101110
10110010010011100001001110111101110
10110010010111100010101101111101110
10110010011111100100001100011101110
10110010100011100101101011011101110
10110010100111100111001001111101110
10110010101111101000100111111101110
10110010110011101010000110011101110
10110010111011101011100100011101110
10110010111010111101100100111101110
10110010110010111111000010111101110
10110010101111000000100001011101110
10110010100111000001111111111101110
10110010100011000011011110011101110
10110010011111000100111100111101110
10110010010111000110011011111101110
10110010010011000111111010111101110
10110010001111001001011001111101110
10110010001111001010111000111101110
10110010001011001100010111111101110
10110010000111001101110111011101110
10110010000111001111010110111101110
10110010000111010000110101111101110
10110010000011010010010101011101110
10110010000011010011110100111101110
10110001101011010101010100011101110
10110001101011010110110100011101110
10110001101011011000010100011101110
10110001101011011001110011111101110
10110001101111011011010011111101110
10110001101111011100110011011101110
10110001110011011110010010111101110
10110001110111011111110010011101110
10110001111011100001010001111101110
10110001111111100010110000111101110
10110010000011100100010000011101110
10110010000111100101101111011101110
10110010001111100111001110011101110
10110010010011101000101100111101110
10110010011011101010001011011101110
10110010100011101011101001111101110
10110010100010111101011111011101110
10110010011010111110111101111101110
10110010010011000000011100011101110
10110010001111000001111011011101110
10110010000111000011011010011101110
10110010000011000100111001011101110
10110001111111000110011000011101110
10110001111011000111110111111101110
10110001110111001001010110111101110
10110001110011001010110110011101110
10110001101111001100010101111101110
10110001101111001101110101111101110
10110001101011001111010101011101110
10110001101011010000110101011101110
10110001101011010010010100111101110
10110001101011010011110100111101110
10110001001111010101010100111101110
10110001001111010110110100111101110
10110001001111011000010100111101110
10110001010011011001110101011101110
10110001010011011011010101011101110
10110001010111011100110101011101110
10110001011011011110010101011101110
10110001011011011111110100111101110
10110001011111100001010100111101110
10110001100011100010110100011101110
10110001101011100100010011111101110
10110001101111100101110011011101110
10110001110011100111010010011101110
10110001111011101000110001111101110
10110001111111101010010000011101110
10110010000111101011101111011101110
10110010000110111101011001111101110
10110001111110111110111000111101110
10110001111011000000010111111101110
10110001110011000001110110111101110
10110001101111000011010101111101110
10110001101011000100110101011101110
10110001100011000110010100111101110
10110001011111000111110100011101110
10110001011011001001010100011101110
10110001011011001010110100011101110
10110001010111001100010100011101110
10110001010011001101110100011101110
10110001010011001111010100011101110
10110001001111010000110100011101110
10110001001111010010010100011101110
10110001001111010011110100011101110
10110000110111010101010100111101110
10110000110111010110110101011101110
10110000110111011000010101111101110
10110000110111011001110110011101110
10110000111011011011010110111101110
10110000111011011100110111011101110
10110000111111011110010111011101110
10110001000011011111110111111101110
10110001000111100001010111111101110
10110001001011100010110111111101110
10110001001111100100010111111101110
10110001010011100101110111011101110
10110001011011100111010110111101110
10110001011111101000110110011101110
10110001100111101010010101111101110
10110001101111101011110100111101110
10110001101110111101010100011101110
10110001100110111110110011011101110
10110001011111000000010010111101110
10110001011011000001110010011101110
10110001010011000011010001111101110
10110001001111000100110001111101110
10110001001011000110010001011101110
10110001000111000111110001011101110
10110001000011001001010001111101110
10110000111111001010110001111101110
10110000111011001100010010011101110
10110000111011001101110010011101110
10110000110111001111010010111101110
10110000110111010000110011011101110
10110000110111010010010011111101110
10110000110111010011110100011101110
10110110111111010101010010011011110
10110110111111010110101101111011110
10110110111111011000001000111011110
10110111000011011001100100011011110
10110111000011011010111111111011110
10110111000111011100011010111011110
10110111000111011101110101111011110
10110111001011011111010000111011110
10110111001111100000101011111011110
10110111010011100010000110111011110
10110111010111100011100001111011110
10110111011011100100111100011011110
10110111100011100110010110111011110
10110111100111100111110001011011110
10110111101111101001001011111011110
10110111110011101010100101111011110
10110111110010111110100011011011110
10110111101110111111111101011011110
10110111100111000001010111111011110
10110111100011000010110010011011110
10110111011011000100001100111011110
10110111010111000101100111011011110
10110111010011000111000010011011110
10110111001111001000011101011011110
10110111001011001001111000011011110
10110111000111001011010011011011110
10110111000111001100101110011011110
10110111000011001110001001111011110
10110111000011001111100100111011110
10110110111111010001000000011011110
10110110111111010010011011111011110
10110110111111010011110110111011110
10110110100011010101010010011011110
10110110100011010110101110011011110
10110110100111011000001001111011110
10110110100111011001100101011011110
10110110100111011011000000111011110
10110110101011011100011100111011110
10110110101111011101111000011011110
10110110101111011111010011011011110
10110110110011100000101110111011110
10110110110111100010001010011011110
10110110111011100011100101011011110
10110111000011100101000000011011110
10110111000111100110011011011011110
10110111001011100111110101111011110
10110111010011101001010000011011110
10110111011011101010101010111011110
10110111011010111110011110011011110
10110111010010111111111000111011110
10110111001011000001010011011011110
10110111000111000010101110011011110
10110111000011000100001000111011110
10110110111011000101100100011011110
10110110110111000110111111011011110
10110110110011001000011010011011110
10110110101111001001110101111011110
10110110101111001011010001011011110
10110110101011001100101100111011110
10110110100111001110001000011011110
10110110100111001111100011111011110
10110110100111010000111111011011110
10110110100011010010011011011011110
10110110100011010011110110111011110
10110110001011010101010010111011110
10110110001011010110101110111011110
10110110001011011000001010111011110
10110110001011011001100110111011110
10110110001111011011000010011011110
10110110001111011100011110011011110
10110110010011011101111010011011110
10110110010111011111010101111011110
10110110011011100000110001111011110
10110110011111100010001101011011110
10110110100011100011101000111011110
10110110100111100101000011111011110
10110110101111100110011111011011110
10110110110011100111111010011011110
10110110111011101001010101011011110
10110110111111101010101111111011110
10110110111110111110011001011011110
10110110111010111111110100011011110
10110110110011000001001110111011110
10110110101111000010101010011011110
10110110100111000100000101011011110
10110110100011000101100000111011110
10110110011111000110111100011011110
10110110011011001000010111111011110
10110110010111001001110011011011110
10110110010011001011001110111011110
10110110001111001100101010111011110
10110110001111001110000110111011110
10110110001011001111100010111011110
10110110001011010000111110111011110
10110110001011010010011010111011110
10110110001011010011110110111011110
10110101101111010101010010111011110
10110101101111010110101111011011110
10110101110011011000001011011011110
10110101110011011001100111111011110
10110101110011011011000011111011110
10110101110111011100100000011011110
10110101111011011101111100011011110
10110101111011011111011000011011110
10110101111111100000110100011011110
10110110000011100010010000011011110
10110110000111100011101100011011110
10110110001111100101000111111011110
10110110010011100110100011011011110
10110110010111100111111110111011110
10110110011111101001011001111011110
10110110100111101010110100111011110
10110110100110111110010100011011110
10110110011110111111101111011011110
10110110010111000001001010111011110
10110110010011000010100101111011110
10110110001111000100000001011011110
10110110000111000101011101011011110
10110110000011000110111000111011110
10110101111111001000010100111011110
10110101111011001001110000111011110
10110101111011001011001100111011110
10110101110111001100101000111011110
10110101110011001110000101011011110
10110101110011001111100001011011110
10110101110011010000111101111011110
10110101101111010010011010011011110
10110101101111010011110110011011110
10110101010111010101010010111011110
10110101010111010110101111111011110
10110101010111011000001100011011110
10110101010111011001101000111011110
10110101011011011011000101011011110
10110101011011011100100010011011110
10110101011111011101111110011011110
10110101100011011111011010111011110
10110101100111100000110111011011110
10110101101011100010010011011011110
10110101101111100011101111111011110
10110101110011100101001011111011110
10110101110111100110100111011011110
10110101111111101000000011011011110
10110110000011101001011110111011110
10110110001011101010111010011011110
10110110001010111110001111011011110
10110110000010111111101010011011110
10110101111111000001000110011011110
10110101110111000010100001111011110
10110101110011000011111101111011110
10110101101111000101011001111011110
10110101101011000110110101111011110
10110101100111001000010001111011110
10110101100011001001101110011011110
10110101011111001011001010111011110
10110101011011001100100111011011110
10110101011011001110000011111011110
10110101010111001111100000011011110
10110101010111010000111100111011110
10110101010111010010011001111011110
10110101010111010011110110011011110
10110100111011010101010011011011110
10110100111011010110110000011011110
10110100111011011000001101011011110
10110100111111011001101010011011110
10110100111111011011000110111011110
10110101000011011100100011111011110
10110101000011011110000000111011110
10110101000111011111011101011011110
10110101001011100000111010011011110
10110101001111100010010110111011110
10110101010011100011110011011011110
10110101011011100101001111011011110
10110101011111100110101011111011110
10110101100011101000000111111011110
10110101101011101001100011011011110
10110101110011101010111111011011110
10110101110010111110001001111011110
10110101101010111111100101111011110
10110101100011000001000001111011110
10110101011111000010011101111011110
10110101011011000011111001111011110
10110101010011000101010110011011110
10110101001111000110110010111011110
10110101001011001000001111011011110
10110101000111001001101011111011110
10110101000011001011001000011011110
10110101000011001100100101011011110
10110100111111001110000010011011110
10110100111111001111011111011011110
10110100111011010000111100011011110
10110100111011010010011001011011110
10110100111011010011110110011011110
10110100100011010101010011011011110
10110100100011010110110000111011110
10110100100011011000001101111011110
10110100100011011001101011011011110
10110100100111011011001000111011110
10110100100111011100100101111011110
10110100101011011110000010111011110
10110100101111011111011111111011110
10110100110011100000111100111011110
10110100110111100010011001111011110
10110100111011100011110110111011110
10110100111111100101010011011011110
10110101000011100110101111111011110
10110101001011101000001100011011110
10110101001111101001101000011011110
10110101010111101011000100011011110
10110101010110111110000100111011110
10110101001110111111100000111011110
10110101001011000000111101011011110
10110101000011000010011001011011110
10110100111111000011110101111011110
10110100111011000101010010111011110
10110100110111000110101111011011110
10110100110011001000001100011011110
10110100101111001001101001011011110
10110100101011001011000110011011110
10110100100111001100100011011011110
10110100100111001110000000111011110
10110100100011001111011101111011110
10110100100011010000111011011011110
10110100100011010010011000111011110
10110100100011010011110101111011110
10110100000111010101010011011101110
10110100000111010110110001011101110
10110100000111011000001110111101110
10110100001011011001101100011101110
10110100001011011011001010011101110
10110100001111011100100111111101110
10110100001111011110000101011101110
10110100010011011111100010011101110
10110100010111100000111111111101110
10110100011011100010011101011101110
10110100011111100011111010011011110
10110100100111100101010111011011110
10110100101011100110110011111011110
10110100101111101000010000111011110
10110100110111101001101101011011110
10110100111111101011001001111011110
10110100111110111101111111111011110
10110100110110111111011011111011110
10110100101111000000111000011011110
10110100101011000010010101011011110
10110100100111000011110010011011110
10110100011111000101001111011011110
10110100011011000110101100011101110
10110100010111001000001001011101110
10110100010011001001100110111101110
10110100001111001011000100011101110
10110100001111001100100001111101110
10110100001011001101111111011101110
10110100001011001111011100111101110
10110100000111010000111010011101110
10110100000111010010011000011101110
10110100000111010011110101111101110
