10101101001011010101010110111101110
10101101001011010110111010011101110
10101101001011011000011110011101110
10101101001011011010000010011101110
10101101001111011011100101111101110
10101101001111011101001001111101110
10101101010011011110101101011101110
10101101010111100000010000111101110
10101101011011100001110100011101110
10101101011111100011010111111101110
10101101100011100100111010111101110
10101101101011100110011101111101110
10101101101111101000000000111101110
10101101110111101001100011111101110
10101101111011101011000110011101110
10101110000011101100101000011101110
10101110000010111100100000111101110
10101101111010111110000011011101110
10101101110110111111100101111101110
10101101101111000001001000011101110
10101101101011000010101011011101110
10101101100011000100001110011101110
10101101011111000101110001011101110
10101101011011000111010100111101110
10101101010111001000111000011101110
10101101010011001010011011111101110
10101101001111001011111111011101110
10101101001111001101100011011101110
10101101001011001111000110111101110
10101101001011010000101010111101110
10101101001011010010001110111101110
10101101001011010011110010111101110
10101100101111010101010110111101110
10101100101111010110111011011101110
10101100101111011000011111011101110
10101100110011011010000011111101110
10101100110011011011100111111101110
10101100110111011101001011111101110
10101100111011011110101111111101110
10101100111011100000010011111101110
10101100111111100001110111111101110
10101101000011100011011011011101110
10101101001011100100111111011101110
10101101001111100110100010011101110
10101101010111101000000101111101110
10101101011011101001101000111101110
10101101100011101011001011111101110
10101101101011101100101110011101110
10101101101010111100011010111101110
10101101100010111101111101011101110
10101101011010111111100000011101110
10101101010111000001000011011101110
10101101001111000010100110111101110
10101101001011000100001010011101110
10101101000011000101101101111101110
10101100111111000111010001011101110
10101100111011001000110101011101110
10101100111011001010011001011101110
10101100110111001011111101011101110
10101100110011001101100001011101110
10101100110011001111000101111101110
10101100101111010000101001111101110
10101100101111010010001110011101110
10101100101111010011110010011101110
10101100010011010101010110111101110
10101100010111010110111011111101110
10101100010111011000100000011101110
10101100010111011010000100111101110
10101100011011011011101001111101110
10101100011011011101001110011101110
10101100011111011110110010011101110
10101100100011100000010110111101110
10101100100111100001111011011101110
10101100101011100011011111011101110
10101100101111100101000011011101110
10101100110111100110100110111101110
10101100111011101000001010111101110
10101101000011101001101110011101110
10101101000111101011010001011101110
10101101001111101100110100011101110
10101101001110111100010100111101110
10101101000110111101110111111101110
10101101000010111111011011011101110
10101100111011000000111110111101110
10101100110111000010100010011101110
10101100101111000100000110011101110
10101100101011000101101001111101110
10101100100111000111001110011101110
10101100100011001000110010011101110
10101100011111001010010110111101110
10101100011011001011111011011101110
10101100011011001101011111111101110
10101100010111001111000100011101110
10101100010111010000101000111101110
10101100010111010010001101111101110
10101100010011010011110010011101110
10101011111011010101010111011101110
10101011111011010110111100011101110
10101011111011011000100001011101110
10101011111111011010000110011101110
10101011111111011011101011011101110
10101100000011011101010000011101110
10101100000011011110110101011101110
10101100000111100000011001111101110
10101100001011100001111110011101110
10101100001111100011100010111101110
10101100010111100101000111011101110
10101100011011100110101011011101110
10101100011111101000001111111101110
10101100100111101001110011011101110
10101100101111101011010111011101110
10101100110111101100111010011101110
10101100110110111100001110111101110
10101100101110111101110010011101110
10101100100110111111010101111101110
10101100011111000000111001111101110
10101100011011000010011101111101110
10101100010111000100000001111101110
10101100001111000101100110011101110
10101100001011000111001010111101110
10101100000111001000101111011101110
10101100000011001010010100011101110
10101100000011001011111000111101110
10101011111111001101011101111101110
10101011111111001111000010111101110
10101011111011010000100111111101110
10101011111011010010001100111101110
10101011111011010011110010011101110
10101011011111010101010111011101110
10101011011111010110111100111101110
10101011100011011000100010011101110
10101011100011011010000111111101110
10101011100111011011101101011101110
10101011100111011101010010011101110
10101011101011011110110111111101110
10101011101111100000011100111101110
10101011110011100010000001111101110
10101011110111100011100110111101110
10101011111011100101001011011101110
10101011111111100110110000011101110
10101100000111101000010100011101110
10101100001111101001111000111101110
10101100010011101011011100111101110
10101100011011101101000000111101110
10101100011010111100001000111101110
10101100010010111101101100011101110
10101100001110111111010000011101110
10101100000111000000110100111101110
10101011111111000010011001011101110
10101011111011000011111101111101110
10101011110111000101100010011101110
10101011110011000111000111011101110
10101011101111001000101100011101110
10101011101011001010010001011101110
10101011100111001011110110111101110
10101011100111001101011100011101110
10101011100011001111000001011101110
10101011100011010000100110111101110
10101011011111010010001100011101110
10101011011111010011110001111101110
10101011000111010101010111111101110
10101011000111010110111101011101110
10101011000111011000100011011101110
10101011001011011010001001011101110
10101011001011011011101110111101110
10101011001111011101010100111101110
10101011001111011110111010011101110
10101011010011100000011111111101110
10101011010111100010000101011101110
10101011011011100011101010111101110
10101011100011100101001111111101110
10101011100111100110110100111101110
10101011101011101000011001011101110
10101011110011101001111110011101110
10101011111011101011100010111101110
10101100000011101101000110111101110
10101100000010111100000010011101110
10101011111010111101100110111101110
10101011110010111111001011011101110
10101011101011000000101111111101110
10101011100111000010010100011101110
10101011100011000011111001011101110
10101011011011000101011110111101110
10101011010111000111000011111101110
10101011010011001000101001011101110
10101011001111001010001110111101110
10101011001111001011110100111101110
10101011001011001101011010011101110
10101011001011001111000000011101110
10101011000111010000100101111101110
10101011000111010010001011111101110
10101011000111010011110001111101110
10101010101011010101010111111101110
10101010101011010110111110011101110
10101010101111011000100100011101110
10101010101111011010001010111101110
10101010101111011011110000111101110
10101010110011011101010110111101110
10101010110111011110111100111101110
10101010111011100000100010111101110
10101010111111100010001000111101110
10101011000011100011101110011101110
10101011000111100101010011111101110
10101011001011100110111001011101110
10101011010011101000011110011101110
10101011011011101010000011111101110
10101011011111101011101000011101110
10101011100111101101001100111101110
10101011100110111011111100011101110
10101011011110111101100000111101110
10101011011010111111000101111101110
10101011010011000000101010111101110
10101011001011000010001111111101110
10101011000111000011110101011101110
10101011000011000101011010111101110
10101010111111000111000000011101110
10101010111011001000100110011101110
10101010110111001010001100011101110
10101010110011001011110010011101110
10101010101111001101011000011101110
10101010101111001110111110111101110
10101010101111010000100100111101110
10101010101011010010001011011101110
10101010101011010011110001011101110
10101010010011010101010111111101110
10101010010011010110111110111101110
10101010010011011000100101011101110
10101010010011011010001100011101110
10101010010111011011110010111101110
10101010011011011101011001011101110
10101010011011011110111111111101110
10101010011111100000100101111101110
10101010100011100010001100011101110
10101010100111100011110010011101110
10101010101111100101011000011101110
10101010110011100110111101111101110
10101010110111101000100011111101110
10101010111111101010001000111101110
10101011000111101011101110011101110
10101011001111101101010011011101110
10101011001110111011110101111101110
10101011000110111101011010111101110
10101010111110111111000000011101110
10101010110111000000100101111101110
10101010110011000010001011011101110
10101010101111000011110000111101110
10101010100111000101010110111101110
10101010100011000110111101011101110
10101010011111001000100011011101110
10101010011011001010001001111101110
10101010011011001011110000011101110
10101010010111001101010110111101110
10101010010011001110111101011101110
10101010010011010000100011111101110
10101010010011010010001010011101110
10101010010011010011110001011101110
10110000011011010101010101011101110
10110000011011010110110101111101110
10110000011011011000010110111101110
10110000011111011001110111111101110
10110000011111011011011000011101110
10110000100011011100111001011101110
10110000100011011110011001111101110
10110000100111011111111010011101110
10110000101011100001011010111101110
10110000101111100010111011011101110
10110000110011100100011011011101110
10110000111011100101111011111101110
10110000111111100111011011011101110
10110001000111101000111011011101110
10110001001011101010011010111101110
10110001010011101011111010011101110
10110001010010111101001110111101110
10110001001010111110101110011101110
10110001000111000000001101111101110
10110000111111000001101101111101110
10110000111011000011001101111101110
10110000110011000100101101111101110
10110000101111000110001101111101110
10110000101011000111101110011101110
10110000100111001001001110111101110
10110000100011001010101111011101110
10110000100011001100010000011101110
10110000011111001101110000111101110
10110000011111001111010001111101110
10110000011011010000110010011101110
10110000011011010010010011011101110
10110000011011010011110100011101110
10101111111111010101010101011101110
10110000000011010110110110011101110
10110000000011011000010111111101110
10110000000011011001111000111101110
10110000000111011011011010011101110
10110000000111011100111011011101110
10110000001011011110011100011101110
10110000001111011111111101011101110
10110000010011100001011101111101110
10110000010111100010111110111101110
10110000011011100100011111011101110
10110000011111100101111111111101110
10110000100111100111100000011101110
10110000101011101001000000011101110
10110000110011101010100000011101110
10110000111011101011111111111101110
10110000111010111101001001011101110
10110000110010111110101001011101110
10110000101011000000001000111101110
10110000100111000001101001011101110
10110000011111000011001001011101110
10110000011011000100101001111101110
10110000010111000110001010011101110
10110000010011000111101011011101110
10110000001111001001001100011101110
10110000001011001010101100111101110
10110000000111001100001110011101110
10110000000111001101101111011101110
10110000000011001111010000011101110
10110000000011010000110001011101110
10110000000011010010010010111101110
10101111111111010011110011111101110
10101111100111010101010101011101110
10101111100111010110110111011101110
10101111100111011000011000111101110
10101111101011011001111010011101110
10101111101011011011011011111101110
10101111101111011100111101011101110
10101111101111011110011110111101110
10101111110011011111111111111101110
10101111110111100001100001011101110
10101111111011100011000010011101110
10101111111111100100100011011101110
10110000000111100110000011111101110
10110000001011100111100100111101110
10110000010011101001000101011101110
10110000010111101010100101011101110
10110000011111101100000101111101110
10110000011110111101000011111101110
10110000010110111110100011111101110
10110000010011000000000100011101110
10110000001011000001100100111101110
10110000000111000011000101011101110
10101111111111000100100110011101110
10101111111011000110000110111101110
10101111110111000111101000011101110
10101111110011001001001001011101110
10101111101111001010101010111101110
10101111101111001100001011111101110
10101111101011001101101101011101110
10101111101011001111001110111101110
10101111100111010000110000111101110
10101111100111010010010010011101110
10101111100111010011110011111101110
10101111001011010101010101111101110
10101111001011010110110111111101110
10101111001111011000011001111101110
10101111001111011001111011011101110
10101111010011011011011101011101110
10101111010011011100111111011101110
10101111010111011110100000111101110
10101111011011100000000010111101110
10101111011111100001100100011101110
10101111100011100011000101111101110
10101111100111100100100111011101110
10101111101011100110001000011101110
10101111110011100111101001011101110
10101111110111101001001010011101110
10101111111111101010101010111101110
10110000000111101100001011011101110
10110000000110111100111101111101110
10101111111110111110011110011101110
10101111110110111111111111011101110
10101111110011000001011111111101110
10101111101011000011000000111101110
10101111100111000100100010011101110
10101111100011000110000011011101110
10101111011111000111100100111101110
10101111011011001001000110011101110
10101111010111001010101000011101110
10101111010011001100001001111101110
10101111010011001101101011111101110
10101111001111001111001101111101110
10101111001111010000101111111101110
10101111001011010010010001111101110
10101111001011010011110011111101110
10101110110011010101010101111101110
10101110110011010110111000011101110
10101110110011011000011010011101110
10101110110011011001111100111101110
10101110110111011011011111011101110
10101110111011011101000001011101110
10101110111011011110100011011101110
10101110111111100000000101011101110
10101111000011100001100111011101110
10101111000111100011001001011101110
10101111001011100100101010111101110
10101111010011100110001100011101110
10101111010111100111101101111101110
10101111011111101001001111011101110
10101111100011101010110000011101110
10101111101011101100010001011101110
10101111101010111100111000011101110
10101111100010111110011000111101110
10101111011110111111111010011101110
10101111010111000001011011011101110
10101111010011000010111100111101110
10101111001011000100011110011101110
10101111000111000101111111111101110
10101111000011000111100001111101110
10101110111111001001000011111101110
10101110111011001010100101111101110
10101110111011001100000111111101110
10101110110111001101101010011101110
10101110110011001111001100011101110
10101110110011010000101110111101110
10101110110011010010010001011101110
10101110110011010011110011011101110
10101110010111010101010101111101110
10101110010111010110111000111101110
10101110011011011000011011011101110
10101110011011011001111110011101110
10101110011011011011100000111101110
10101110011111011101000011011101110
10101110100011011110100101111101110
10101110100111100000001000011101110
10101110101011100001101010111101110
10101110101111100011001100111101110
10101110110011100100101110111101110
10101110110111100110010000111101110
10101110111111100111110010111101110
10101111000011101001010100011101110
10101111001011101010110101111101110
10101111010011101100010110111101110
10101111010010111100110010011101110
10101111001010111110010011111101110
10101111000010111111110100111101110
10101110111111000001010110111101110
10101110110111000010111000011101110
10101110110011000100011010011101110
10101110101111000101111100011101110
10101110101011000111011110111101110
10101110100111001001000000111101110
10101110100011001010100011011101110
10101110011111001100000101111101110
10101110011011001101101000011101110
10101110011011001111001011011101110
10101110011011010000101101111101110
10101110010111010010010000011101110
10101110010111010011110011011101110
10101101111111010101010110011101110
10101101111111010110111001011101110
10101101111111011000011100011101110
10101101111111011001111111011101110
10101110000011011011100010111101110
10101110000011011101000101011101110
10101110000111011110101000011101110
10101110001011100000001011011101110
10101110001111100001101101111101110
10101110010011100011010000011101110
10101110010111100100110010111101110
10101110011111100110010101011101110
10101110100011100111110111011101110
10101110101011101001011001011101110
10101110101111101010111011011101110
10101110110111101100011100111101110
10101110110110111100101100111101110
10101110101110111110001110011101110
10101110101010111111101111111101110
10101110100011000001010001111101110
10101110011111000010110011111101110
10101110010111000100010110011101110
10101110010011000101111000111101110
10101110001111000111011011011101110
10101110001011001000111101111101110
10101110000111001010100000111101110
10101110000011001100000011111101110
10101110000011001101100110111101110
10101101111111001111001001111101110
10101101111111010000101100111101110
10101101111111010010001111111101110
10101101111111010011110010111101110
10101101100011010101010110011101110
10101101100011010110111001111101110
10101101100011011000011101011101110
10101101100111011010000000111101110
10101101100111011011100100011101110
10101101101011011101000111111101110
10101101101111011110101010111101110
10101101110011100000001110011101110
10101101110011100001110001011101110
10101101111011100011010100011101110
10101101111111100100110110111101110
10101110000011100110011001111101110
10101110001011100111111100011101110
10101110001111101001011110011101110
10101110010111101011000000111101110
10101110011111101100100010011101110
10101110011110111100100110111101110
10101110010110111110001000111101110
10101110001110111111101010111101110
10101110001011000001001101011101110
10101110000011000010101111111101110
10101101111111000100010010011101110
10101101111011000101110101011101110
10101101110011000111011000011101110
10101101110011001000111011011101110
10101101101111001010011110011101110
10101101101011001100000001111101110
10101101100111001101100100111101110
10101101100111001111001000011101110
10101101100011010000101011111101110
10101101100011010010001111011101110
10101101100011010011110010111101110
