10100110010111111111011000111111111
10100110010100000010101110011111111
10100110011000000110000011111111111
10100110100000001001011000111111111
10100110101000001100101101011111111
10100110110000010000000001011111111
10100110111100010011010100011111111
10100111001100010110100110111111111
10100111001111100100110100111111111
10100110111111101000000111011111111
10100110110011101011011010011111111
10100110101011101110101110011111111
10100110100011110010000010111111111
10100110011011110101010111111111111
10100110010111111000101101011111111
10100110010111111100000010111111111
10100101111011111111011001011111111
10100101111100000010101111111111111
10100110000000000110000101111111111
10100110000100001001011011111111111
10100110001100001100110001011111111
10100110011000010000000110011111111
10100110100100010011011010011111111
10100110110100010110101101011111111
10100110110111100100101110011111111
10100110100111101000000001011111111
10100110011011101011010101011111111
10100110001111101110101010011111111
10100110000111110001111111111111111
10100110000011110101010101111111111
10100101111111111000101011111111111
10100101111011111100000010011111111
10100101011111111111011001011111111
10100101100000000010110000111111111
10100101100100000110001000011111111
10100101101100001001011110111111111
10100101110100001100110101011111111
10100101111100010000001011011111111
10100110001000010011011111111111111
10100110011000010110110011111111111
10100110011011100100100111011111111
10100110001011100111111011011111111
10100101111111101011010000011111111
10100101110111101110100110011111111
10100101101111110001111100011111111
10100101100111110101010011011111111
10100101100011111000101010111111111
10100101011111111100000001111111111
10100101000111111111011001111111111
10100101000100000010110010011111111
10100101001000000110001010011111111
10100101010000001001100010011111111
10100101011000001100111001011111111
10100101100100010000001111111111111
10100101110000010011100101111111111
10100110000000010110111010111111111
10100110000011100100100000111111111
10100101110011100111110101111111111
10100101100111101011001011011111111
10100101011011101110100010011111111
10100101010011110001111001011111111
10100101001011110101010001011111111
10100101000111111000101001011111111
10100101000111111100000001111111111
10100100101011111111011010011111111
10100100101100000010110011111111111
10100100110000000110001100111111111
10100100111000001001100101011111111
10100101000000001100111101111111111
10100101001000010000010100111111111
10100101010100010011101011111111111
10100101100100010111000001011111111
10100101100111100100011010011111111
10100101010111100111101111111111111
10100101001011101011000110011111111
10100101000011101110011101111111111
10100100111011110001110110011111111
10100100110011110101001110111111111
10100100101111111000100111111111111
10100100101011111100000001011111111
10100100010011111111011010111111111
10100100010000000010110101011111111
10100100010100000110001110111111111
10100100011100001001101000111111111
10100100100100001101000001111111111
10100100110000010000011010011111111
10100100111100010011110001111111111
10100101001100010111001000011111111
10100101001111100100010011011111111
10100100111111100111101001111111111
10100100110011101011000001011111111
10100100100111101110011001111111111
10100100011111110001110010111111111
10100100010111110101001100011111111
10100100010011111000100110011111111
10100100010011111100000000111111111
10100011110111111111011011011111111
10100011111000000010110110011111111
10100011111100000110010001011111111
10100100000000001001101011111111111
10100100001100001101000101111111111
10100100010100010000011111011111111
10100100100000010011110111111111111
10100100110000010111001111011111111
10100100110011100100001100011111111
10100100100011100111100011111111111
10100100010111101010111100011111111
10100100001111101110010101111111111
10100100000011110001101111111111111
10100011111111110101001010011111111
10100011111011111000100100111111111
10100011110111111100000000011111111
10100011011111111111011011111111111
10100011011100000010110111111111111
10100011100000000110010011111111111
10100011101000001001101111011111111
10100011110000001101001010011111111
10100011111100010000100100011111111
10100100001000010011111101111111111
10100100011000010111010110011111111
10100100011011100100000101011111111
10100100001011100111011101111111111
10100011111111101010110111011111111
10100011110011101110010001011111111
10100011101011110001101100011111111
10100011100011110101000111111111111
10100011011111111000100011111111111
10100011011111111011111111111111111
10100011000011111111011100011111111
10100011000100000010111001011111111
10100011001000000110010110011111111
10100011001100001001110010011111111
10100011010100001101001110011111111
10100011100000010000101001011111111
10100011101100010100000011111111111
10100011111100010111011101011111111
10100011111111100011111110011111111
10100011101111100111010111111111111
10100011100011101010110001111111111
10100011010111101110001101011111111
10100011001111110001101000111111111
10100011001011110101000101011111111
10100011000111111000100010011111111
10100011000011111011111111011111111
10100010101011111111011100111111111
10100010101000000010111010111111111
10100010101100000110011000011111111
10100010110100001001110101111111111
10100010111100001101010010111111111
10100011001000010000101110111111111
10100011010100010100001001111111111
10100011100100010111100100011111111
10100011100111100011110111011111111
10100011010111100111010001111111111
10100011001011101010101100111111111
10100010111111101110001000111111111
10100010110111110001100101111111111
10100010101111110101000010111111111
10100010101011111000100000111111111
10100010101011111011111110111111111
10100010001111111111011101011111111
10100010010000000010111100011111111
10100010010100000110011010111111111
10100010011000001001111001011111111
10100010100000001101010110111111111
10100010101100010000110011111111111
10100010111000010100010000011111111
10100011001000010111101011011111111
10100011001011100011110000011111111
10100010111011100111001011011111111
10100010101111101010100111111111111
10100010100011101110000100111111111
10100010011011110001100010011111111
10100010010111110101000000111111111
10100010010011111000011111011111111
10100010001111111011111110011111111
10100001110011111111011101111111111
10100001110100000010111101111111111
10100001111000000110011101011111111
10100010000000001001111100111111111
10100010001000001101011011011111111
10100010010100010000111001011111111
10100010100000010100010110011111111
10100010110000010111110010011111111
10100010110011100011101001011111111
10100010100011100111000101011111111
10100010010111101010100010011111111
10100010001011101110000000011111111
10100010000011110001011110111111111
10100001111011110100111110011111111
10100001110111111000011101111111111
10100001110011111011111101111111111
10100001011011111111011110011111111
10100001011000000010111111011111111
10100001100000000110011111111111111
10100001100100001001111111111111111
10100001101100001101011111111111111
10100001111000010000111110111111111
10100010000100010100011100111111111
10100010010100010111111001111111111
10100010010111100011100001111111111
10100010000111100110111110111111111
10100001111011101010011100111111111
10100001101111101101111011111111111
10100001100111110001011011011111111
10100001100011110100111011111111111
10100001011011111000011100011111111
10100001011011111011111101011111111
10100000111111111111011110111111111
10100001000000000011000000111111111
10100001000100000110100010011111111
10100001001100001010000011011111111
10100001010100001101100100011111111
10100001100000010001000011111111111
10100001101100010100100010111111111
10100001111100011000000000111111111
10100001111111100011011010111111111
10100001101111100110111000011111111
10100001100011101010010111011111111
10100001010111101101110111011111111
10100001001111110001010111111111111
10100001000111110100111001011111111
10100001000011111000011010111111111
10100000111111111011111100111111111
10100000100111111111011111011111111
10100000100100000011000010011111111
10100000101000000110100100111111111
10100000110000001010000110111111111
10100000111000001101101000111111111
10100001000100010001001001011111111
10100001010000010100101001011111111
10100001100000011000001000011111111
10100001100011100011010011011111111
10100001010011100110110010011111111
10100001000111101010010001111111111
10100000111011101101110010111111111
10100000110011110001010100011111111
10100000101011110100110110111111111
10100000100111111000011001011111111
10100000100111111011111100011111111
10100000001011111111011111111111111
10100000001100000011000011111111111
10100000010000000110100111011111111
10100000011000001010001010011111111
10100000100000001101101101011111111
10100000101100010001001110111111111
10100000111000010100101111111111111
10100001001000011000001111111111111
10100001001011100011001011111111111
10100000111011100110101011111111111
10100000101111101010001100111111111
10100000100011101101101110011111111
10100000011011110001010000111111111
10100000010011110100110100011111111
10100000001111111000010111111111111
10100000001011111011111011111111111
10101100110111111111010001111111111
10101100111000000010011010011111111
10101100111100000101100010011111111
10101101000000001000101010011111111
10101101001000001011110001011111111
10101101010100001110111000011111111
10101101100000010001111110111111111
10101101101100010101000100011111111
10101101101111100110010111011111111
10101101100011101001011100111111111
10101101010111101100100011011111111
10101101001011101111101001111111111
10101101000011110010110001011111111
10101100111111110101111001011111111
10101100111011111001000001011111111
10101100110111111100001001111111111
10101100011111111111010010011111111
10101100011100000010011011011111111
10101100100000000101100100011111111
10101100101000001000101100111111111
10101100110000001011110100111111111
10101100111000001110111100111111111
10101101000100010010000011111111111
10101101010100010101001001111111111
10101101010111100110010001111111111
10101101000111101001010111111111111
10101100111011101100011110111111111
10101100110011101111100110011111111
10101100101011110010101110111111111
10101100100011110101110111011111111
10101100011111111001000000011111111
10101100011111111100001001011111111
10101100000011111111010010111111111
10101100000100000010011100111111111
10101100001000000101100110011111111
10101100001100001000101111111111111
10101100010100001011111000111111111
10101100100000001111000000111111111
10101100101100010010001000111111111
10101100111000010101001111111111111
10101100111011100110001011111111111
10101100101111101001010010111111111
10101100100011101100011010011111111
10101100010111101111100010111111111
10101100001111110010101011111111111
10101100001011110101110101011111111
10101100000111111000111110111111111
10101100000011111100001000111111111
10101011101011111111010011011111111
10101011101000000010011101111111111
10101011101100000101101000011111111
10101011110100001000110010011111111
10101011111100001011111100011111111
10101100000100001111000101011111111
10101100010000010010001101111111111
10101100100000010101010101111111111
10101100100011100110000101111111111
10101100010011101001001101111111111
10101100000111101100010110011111111
10101011111111101111011111011111111
10101011110111110010101001011111111
10101011101111110101110011011111111
10101011101011111000111101111111111
10101011101011111100001000011111111
10101011001111111111010011011111111
10101011010000000010011110111111111
10101011010100000101101010011111111
10101011011000001000110101011111111
10101011100000001011111111111111111
10101011101100001111001001111111111
10101011111000010010010011011111111
10101100000100010101011011111111111
10101100000111100101111111111111111
10101011111011101001001000011111111
10101011101111101100010001111111111
10101011100011101111011011111111111
10101011011011110010100110011111111
10101011010111110101110001011111111
10101011010011111000111100111111111
10101011001111111100000111111111111
10101010110111111111010011111111111
10101010110100000010100000011111111
10101010111000000101101100011111111
10101011000000001000110111111111111
10101011001000001100000011011111111
10101011010000001111001110011111111
10101011011100010010011000011111111
10101011101100010101100001111111111
10101011101111100101111001111111111
10101011011111101001000011011111111
10101011010011101100001101011111111
10101011001011101111011000011111111
10101011000011110010100011011111111
10101010111011110101101111011111111
10101010110111111000111011011111111
10101010110111111100000111111111111
10101010011011111111010100011111111
10101010011100000010100001011111111
10101010100000000101101110011111111
10101010100100001000111010111111111
10101010101100001100000110111111111
10101010111000001111010010111111111
10101011000100010010011101011111111
10101011010000010101100111111111111
10101011010011100101110011111111111
10101011000111101000111101111111111
10101010111011101100001000111111111
10101010101111101111010100011111111
10101010100111110010100000111111111
10101010100011110101101101011111111
10101010011111111000111010011111111
10101010011011111100000111011111111
10101010000011111111010100111111111
10101010000000000010100010111111111
10101010000100000101110000011111111
10101010001100001000111101111111111
10101010010100001100001010111111111
10101010011100001111010111011111111
10101010101000010010100010111111111
10101010111000010101101101111111111
10101010111011100101101101111111111
10101010101011101000111000111111111
10101010011111101100000100011111111
10101010010111101111010000111111111
10101010001111110010011101111111111
10101010000111110101101011011111111
10101010000011111000111000111111111
10101010000011111100000110111111111
10101001100111111111010101011111111
10101001101000000010100011111111111
10101001101100000101110010011111111
10101001110000001001000000111111111
10101001111000001100001110011111111
10101010000100001111011011111111111
10101010010000010010101000011111111
10101010011100010101110011111111111
10101010011111100101100111111111111
10101010010011101000110011011111111
10101010000111101011111111111111111
10101001111011101111001101011111111
10101001110011110010011010111111111
10101001101111110101101001011111111
10101001101011111000110111111111111
10101001100111111100000110011111111
10101001001011111111010101111111111
10101001001100000010100101011111111
10101001010000000101110100011111111
10101001010100001001000011111111111
10101001100000001100010010011111111
10101001101000001111100000011111111
10101001110100010010101101111111111
10101010000100010101111010011111111
10101010000111100101100001011111111
10101001110111101000101101111111111
10101001101011101011111011011111111
10101001100011101111001001011111111
10101001010111110010010111111111111
10101001010011110101100110111111111
10101001001111111000110110011111111
10101001001011111100000101111111111
10101000110011111111010101111111111
10101000110000000010100110011111111
10101000110100000101110110111111111
10101000111100001001000110011111111
10101001000100001100010101111111111
10101001010000001111100100111111111
10101001011100010010110010111111111
10101001101000010110000000011111111
10101001101011100101011011011111111
10101001011111101000101000011111111
10101001010011101011110110111111111
10101001000111101111000101011111111
10101000111111110010010100111111111
10101000110111110101100100111111111
10101000110011111000110101011111111
10101000110011111100000101011111111
10101000010111111111010110011111111
10101000011000000010100111111111111
10101000011100000101111000111111111
10101000100000001001001001011111111
10101000101000001100011001111111111
10101000110100001111101001011111111
10101001000000010010111000011111111
10101001010000010110000110111111111
10101001010011100101010100111111111
10101001000011101000100011011111111
10101000110111101011110001111111111
10101000101011101111000001111111111
10101000100011110010010001111111111
10101000011111110101100010111111111
10101000011011111000110011111111111
10101000010111111100000101011111111
10100111111111111111010110111111111
10100111111100000010101000111111111
10101000000000000101111010111111111
10101000001000001001001100011111111
10101000010000001100011101111111111
10101000011000001111101110011111111
10101000101000010010111101111111111
10101000110100010110001100111111111
10101000110111100101001110111111111
10101000101011101000011101111111111
10101000011011101011101101011111111
10101000010011101110111101111111111
10101000001011110010001110111111111
10101000000011110101100000111111111
10100111111111111000110010011111111
10100111111111111100000100111111111
10100111100011111111010111011111111
10100111100100000010101010011111111
10100111101000000101111101011111111
10100111101100001001001111011111111
10100111110100001100100001011111111
10101000000000001111110010111111111
10101000001100010011000011011111111
10101000011100010110010011011111111
10101000011111100101001000011111111
10101000001111101000010111111111111
10101000000011101011101000111111111
10100111110111101110111001111111111
10100111101111110010001011111111111
10100111101011110101011110011111111
10100111100111111000110001011111111
10100111100011111100000100011111111
10100111001011111111010111111111111
10100111001000000010101011111111111
10100111001100000101111111011111111
10100111010100001001010010111111111
10100111011100001100100101011111111
10100111100100001111110111111111111
10100111110000010011001001011111111
10101000000000010110011001111111111
10101000000011100101000001111111111
10100111110011101000010010011111111
10100111100111101011100011111111111
10100111011111101110110110011111111
10100111010111110010001000111111111
10100111001111110101011100011111111
10100111001011111000101111111111111
10100111001011111100000011111111111
10100110101111111111011000011111111
10100110110000000010101100111111111
10100110110100000110000001011111111
10100110111000001001010101111111111
10100111000000001100101001011111111
10100111001100001111111100011111111
10100111011000010011001110111111111
10100111101000010110100000011111111
10100111101011100100111011011111111
10100111011011101000001100111111111
10100111001111101011011111011111111
10100111000011101110110010011111111
10100110111011110010000101111111111
10100110110111110101011010011111111
10100110110011111000101110111111111
10100110101111111100000011011111111
