10101001100111111110100001011111111
10101001100100000000001000111111111
10101001100100000001110000011111111
10101001101000000011010111111111111
10101001101000000100111110111111111
10101001101100000110100101111111111
10101001110000001000001101011111111
10101001110000001001110100011111111
10101001110100001011011011011111111
10101001111100001101000001111111111
10101010000000001110101000011111111
10101010000100010000001110111111111
10101010001100010001110101011111111
10101010010000010011011011011111111
10101010011000010101000000111111111
10101010100000010110100110111111111
10101010100011100100110100111111111
10101010011011100110011010011111111
10101010010011101000000000011111111
10101010001111101001100110011111111
10101010000111101011001100111111111
10101010000011101100110011011111111
10101001111111101110011001111111111
10101001110111110000000000011111111
10101001110011110001100111011111111
10101001110011110011001110011111111
10101001101111110100110101011111111
10101001101011110110011100111111111
10101001101011111000000011111111111
10101001100111111001101011011111111
10101001100111111011010010111111111
10101001100111111100111010011111111
10101001001011111110100001111111111
10101001001100000000001001011111111
10101001001100000001110001011111111
10101001001100000011011000111111111
10101001010000000101000000111111111
10101001010000000110101000011111111
10101001010100001000001111111111111
10101001011000001001110111011111111
10101001011100001011011110111111111
10101001100000001101000101111111111
10101001100100001110101100111111111
10101001101100010000010011111111111
10101001110000010001111010011111111
10101001111000010011100000111111111
10101010000000010101000110111111111
10101010001000010110101100111111111
10101010001011100100101110011111111
10101010000011100110010100011111111
10101001111011100111111010111111111
10101001110011101001100001011111111
10101001101111101011000111111111111
10101001100111101100101110111111111
10101001100011101110010101111111111
10101001011111101111111100111111111
10101001011011110001100100011111111
10101001010111110011001011111111111
10101001010011110100110011011111111
10101001010011110110011010111111111
10101001001111111000000010011111111
10101001001111111001101010011111111
10101001001111111011010001111111111
10101001001011111100111001111111111
10101000110011111110100001111111111
10101000110000000000001010011111111
10101000110000000001110010011111111
10101000110100000011011010011111111
10101000110100000101000010111111111
10101000111000000110101010111111111
10101000111100001000010010111111111
10101000111100001001111010011111111
10101001000000001011100010011111111
10101001001000001101001001111111111
10101001001100001110110001011111111
10101001010000010000011000011111111
10101001011000010001111111011111111
10101001011100010011100110011111111
10101001100100010101001100111111111
10101001101100010110110011011111111
10101001101111100100101000011111111
10101001100111100110001110011111111
10101001011111100111110101011111111
10101001011011101001011011111111111
10101001010011101011000011011111111
10101001001111101100101010011111111
10101001001011101110010001111111111
10101001000011101111111001011111111
10101000111111110001100001011111111
10101000111111110011001000111111111
10101000111011110100110000111111111
10101000110111110110011000111111111
10101000110111111000000000111111111
10101000110011111001101001011111111
10101000110011111011010001011111111
10101000110011111100111001111111111
10101000010111111110100010011111111
10101000010100000000001010111111111
10101000011000000001110011011111111
10101000011000000011011011111111111
10101000011100000101000100011111111
10101000011100000110101100111111111
10101000100000001000010101011111111
10101000100100001001111101111111111
10101000101000001011100101111111111
10101000101100001101001101111111111
10101000110000001110110101111111111
10101000111000010000011101011111111
10101000111100010010000100111111111
10101001000100010011101100011111111
10101001001100010101010011011111111
10101001010100010110111001111111111
10101001010111100100100001111111111
10101001001111100110001000011111111
10101001000111100111101111011111111
10101000111111101001010110111111111
10101000111011101010111110011111111
10101000110011101100100101111111111
10101000101111101110001101111111111
10101000101011101111110101111111111
10101000100111110001011101111111111
10101000100011110011000110011111111
10101000011111110100101110011111111
10101000011111110110010110111111111
10101000011011110111111111011111111
10101000011011111001101000011111111
10101000010111111011010000111111111
10101000010111111100111001011111111
10100111111111111110100010011111111
10100111111100000000001011011111111
10100111111100000001110100011111111
10101000000000000011011101011111111
10101000000000000101000110011111111
10101000000100000110101111011111111
10101000000100001000011000011111111
10101000001000001010000000111111111
10101000001100001011101001011111111
10101000010000001101010001111111111
10101000011000001110111010011111111
10101000011100010000100010011111111
10101000100100010010001010011111111
10101000101000010011110001111111111
10101000110000010101011001011111111
10101000111000010111000000011111111
10101000111011100100011010111111111
10101000110011100110000010011111111
10101000101011100111101001111111111
10101000100111101001010001011111111
10101000011111101010111001011111111
10101000011011101100100001011111111
10101000010011101110001001111111111
10101000001111101111110010011111111
10101000001011110001011010111111111
10101000000111110011000011011111111
10101000000111110100101100011111111
10101000000011110110010101011111111
10101000000011110111111101111111111
10100111111111111001100111011111111
10100111111111111011010000011111111
10100111111111111100111001011111111
10100111100011111110100010011111111
10100111100000000000001100011111111
10100111100100000001110101111111111
10100111100100000011011110111111111
10100111100100000101001000011111111
10100111101000000110110001111111111
10100111101100001000011010111111111
10100111110000001010000100011111111
10100111110100001011101101011111111
10100111111000001101010101111111111
10100111111100001110111110111111111
10101000000100010000100111011111111
10101000001000010010001111011111111
10101000010000010011110111011111111
10101000011000010101011111011111111
10101000100000010111000111011111111
10101000100011100100010100011111111
10101000011011100101111100011111111
10101000010011100111100011111111111
10101000001011101001001100011111111
10101000000111101010110100011111111
10100111111111101100011100111111111
10100111111011101110000101111111111
10100111110111101111101110011111111
10100111110011110001010111011111111
10100111101111110011000000111111111
10100111101011110100101001111111111
10100111100111110110010011011111111
10100111100111110111111100011111111
10100111100111111001100101111111111
10100111100011111011001111011111111
10100111100011111100111000111111111
10100111001011111110100010111111111
10100111001000000000001100111111111
10100111001000000001110110111111111
10100111001000000011100000011111111
10100111001100000101001010011111111
10100111010000000110110100011111111
10100111010000001000011101111111111
10100111010100001010000111011111111
10100111011000001011110000111111111
10100111011100001101011001111111111
10100111100100001111000011011111111
10100111101000010000101100011111111
10100111110000010010010100111111111
10100111110100010011111101011111111
10100111111100010101100101111111111
10101000000100010111001101111111111
10101000000111100100001101111111111
10100111111111100101110101111111111
10100111110111100111011110011111111
10100111110011101001000110111111111
10100111101011101010101111011111111
10100111100111101100011000011111111
10100111011111101110000001011111111
10100111011011101111101010111111111
10100111010111110001010100011111111
10100111010011110010111101111111111
10100111010011110100100111011111111
10100111001111110110010001011111111
10100111001011110111111010111111111
10100111001011111001100100111111111
10100111001011111011001110111111111
10100111001011111100111000111111111
10100110101111111110100010111111111
10100110101100000000001101011111111
10100110101100000001110111111111111
10100110110000000011100010011111111
10100110110000000101001100011111111
10100110110100000110110110011111111
10100110111000001000100000111111111
10100110111100001010001010111111111
10100111000000001011110100011111111
10100111000100001101011110011111111
10100111001000001111000111111111111
10100111010000010000110001011111111
10100111010100010010011010011111111
10100111011100010100000011011111111
10100111100100010101101011111111111
10100111101100010111010100011111111
10100111101111100100000111011111111
10100111100111100101101111111111111
10100111011111100111011000011111111
10100111010111101001000001011111111
10100111010011101010101010011111111
10100111001011101100010011111111111
10100111000111101101111101011111111
10100111000011101111100110111111111
10100110111111110001010000111111111
10100110111011110010111010111111111
10100110110111110100100100111111111
10100110110011110110001111011111111
10100110110011110111111001011111111
10100110101111111001100011111111111
10100110101111111011001110011111111
10100110101111111100111000111111111
10101100110111111110011111111111111
10101100111000000000000011111111111
10101100111000000001101000011111111
10101100111000000011001100011111111
10101100111100000100110000011111111
10101100111100000110010100011111111
10101101000000000111111000011111111
10101101000100001001011011111111111
10101101001000001010111111111111111
10101101001100001100100011011111111
10101101010000001110000110111111111
10101101010100001111101001111111111
10101101011100010001001101011111111
10101101100000010010110000011111111
10101101101000010100010010111111111
10101101110000010101110101011111111
10101101110011100101100110011111111
10101101101011100111001000111111111
10101101100011101000101011011111111
10101101011111101010001110011111111
10101101010111101011110001011111111
10101101010011101101010100111111111
10101101001111101110111000011111111
10101101001011110000011011111111111
10101101000111110001111111011111111
10101101000011110011100011011111111
10101100111111110101000111011111111
10101100111111110110101011011111111
10101100111011111000001111011111111
10101100111011111001110011011111111
10101100111011111011010111011111111
10101100110111111100111011111111111
10101100011111111110011111111111111
10101100011100000000000100111111111
10101100011100000001101001011111111
10101100100000000011001101111111111
10101100100000000100110010011111111
10101100100100000110010110011111111
10101100100100000111111010111111111
10101100101000001001011110111111111
10101100101100001011000010111111111
10101100110000001100100110111111111
10101100111000001110001010111111111
10101100111100001111101110011111111
10101101000000010001010001111111111
10101101001000010010110101011111111
10101101010000010100011000011111111
10101101010100010101111011011111111
10101101010111100101100000011111111
10101101010011100111000011011111111
10101101001011101000100110011111111
10101101000011101010001001011111111
10101100111111101011101100111111111
10101100111011101101010000111111111
10101100110011101110110100011111111
10101100101111110000011000011111111
10101100101011110001111100111111111
10101100100111110011100000111111111
10101100100111110101000101011111111
10101100100011110110101001011111111
10101100100011111000001101111111111
10101100011111111001110010011111111
10101100011111111011010110111111111
10101100011111111100111011011111111
10101100000011111110100000011111111
10101100000000000000000101011111111
10101100000100000001101010011111111
10101100000100000011001110111111111
10101100001000000100110011111111111
10101100001000000110011000111111111
10101100001100000111111101011111111
10101100010000001001100001111111111
10101100010100001011000110011111111
10101100011000001100101010111111111
10101100011100001110001110111111111
10101100100000001111110010111111111
10101100101000010001010110111111111
10101100101100010010111010111111111
10101100110100010100011110011111111
10101100111100010110000001011111111
10101100111111100101011010011111111
10101100110111100110111101011111111
10101100101111101000100000111111111
10101100101011101010000100111111111
10101100100011101011101000011111111
10101100011111101101001100111111111
10101100011011101110110000111111111
10101100010111110000010101011111111
10101100010011110001111001111111111
10101100001111110011011110011111111
10101100001011110101000010111111111
10101100001011110110100111111111111
10101100000111111000001100011111111
10101100000111111001110001011111111
10101100000011111011010110011111111
10101100000011111100111011011111111
10101011101011111110100000011111111
10101011101000000000000101111111111
10101011101000000001101011011111111
10101011101000000011010000011111111
10101011101100000100110101111111111
10101011110000000110011010111111111
10101011110000000111111111111111111
10101011110100001001100100111111111
10101011111000001011001001111111111
10101011111100001100101110011111111
10101100000100001110010011011111111
10101100001000001111110111011111111
10101100001100010001011011111111111
10101100010100010010111111111111111
10101100011100010100100011111111111
10101100100000010110000111011111111
10101100100011100101010011111111111
10101100011111100110110111111111111
10101100010111101000011011111111111
10101100001111101001111111111111111
10101100001011101011100011111111111
10101100000111101101001000011111111
10101011111111101110101100111111111
10101011111011110000010001111111111
10101011110111110001110110111111111
10101011110011110011011011111111111
10101011110011110101000000111111111
10101011101111110110100101111111111
10101011101011111000001011011111111
10101011101011111001110000011111111
10101011101011111011010101111111111
10101011101011111100111011011111111
10101011001111111110100000111111111
10101011001100000000000110011111111
10101011010000000001101100011111111
10101011010000000011010001111111111
10101011010000000100110111011111111
10101011010100000110011100111111111
10101011011000001000000010011111111
10101011011100001001100111111111111
10101011100000001011001101011111111
10101011100100001100110010011111111
10101011101000001110010111011111111
10101011101100001111111100011111111
10101011110100010001100000111111111
10101011111000010011000101011111111
10101100000000010100101001111111111
10101100001000010110001101111111111
10101100001011100101001101111111111
10101100000011100110110001111111111
10101011111011101000010110011111111
10101011110111101001111010111111111
10101011101111101011011111011111111
10101011101011101101000100011111111
10101011100111101110101001011111111
10101011100011110000001110011111111
10101011011111110001110011111111111
10101011011011110011011000111111111
10101011010111110100111110011111111
10101011010011110110100100011111111
10101011010011111000001001111111111
10101011010011111001101111011111111
10101011001111111011010101011111111
10101011001111111100111010111111111
10101010110111111110100000111111111
10101010110100000000000110111111111
10101010110100000001101101011111111
10101010110100000011010011011111111
10101010111000000100111001011111111
10101010111000000110011111011111111
10101010111100001000000101011111111
10101011000000001001101010111111111
10101011000100001011010000111111111
10101011001000001100110110011111111
10101011001100001110011011011111111
10101011010100010000000000111111111
10101011011000010001100101111111111
10101011100000010011001010111111111
10101011101000010100101111011111111
10101011110000010110010011111111111
10101011110011100101000111111111111
10101011101011100110101100011111111
10101011100011101000010000111111111
10101011011011101001110101111111111
10101011010111101011011010111111111
10101011001111101100111111111111111
10101011001011101110100101011111111
10101011000111110000001010111111111
10101011000011110001110000111111111
10101010111111110011010110011111111
10101010111011110100111100011111111
10101010111011110110100010011111111
10101010110111111000001000011111111
10101010110111111001101110011111111
10101010110111111011010100011111111
10101010110111111100111010111111111
10101010011011111110100000111111111
10101010011000000000000111111111111
10101010011000000001101110011111111
10101010011100000011010100111111111
10101010011100000100111011011111111
10101010100000000110100001011111111
10101010100100001000000111111111111
10101010101000001001101101111111111
10101010101100001011010011111111111
10101010110000001100111001111111111
10101010110100001110011111111111111
10101010111000010000000101011111111
10101011000000010001101010111111111
10101011000100010011010000011111111
10101011001100010100110101011111111
10101011010100010110011001111111111
10101011010111100101000001011111111
10101011001111100110100110011111111
10101011000111101000001011011111111
10101011000011101001110000111111111
10101010111011101011010110011111111
10101010110111101100111011111111111
10101010110011101110100001011111111
10101010101111110000000111011111111
10101010101011110001101101111111111
10101010100111110011010011111111111
10101010100011110100111001111111111
10101010011111110110100000011111111
10101010011111111000000110111111111
10101010011011111001101101011111111
10101010011011111011010011111111111
10101010011011111100111010011111111
10101010000011111110100001011111111
10101010000000000000001000011111111
10101010000000000001101111011111111
10101010000000000011010110011111111
10101010000100000100111100111111111
10101010000100000110100011111111111
10101010001000001000001010011111111
10101010001100001001110001011111111
10101010010000001011010111011111111
10101010010100001100111101111111111
10101010011000001110100100011111111
10101010100000010000001010011111111
10101010100100010001101111111111111
10101010101100010011010101111111111
10101010110100010100111011011111111
10101010111100010110100000011111111
10101010111111100100111011011111111
10101010110111100110100000011111111
10101010101111101000000101111111111
10101010100111101001101011011111111
10101010100011101011010001011111111
10101010011011101100110111011111111
10101010010111101110011101111111111
10101010010011110000000011111111111
10101010001111110001101010011111111
10101010001011110011010001011111111
10101010000111110100110111111111111
10101010000111110110011110111111111
10101010000011111000000101011111111
10101010000011111001101100011111111
10101010000011111011010011011111111
10101010000011111100111010011111111
