10100011000011111110100100111111111
10100011000000000000010011111111111
10100011000000000010000010011111111
10100011000100000011110000011111111
10100011000100000101011110111111111
10100011001000000111001101011111111
10100011001100001000111011011111111
10100011010000001010101001011111111
10100011010100001100010111011111111
10100011011000001110000101011111111
10100011011100001111110010111111111
10100011100100010001100000011111111
10100011101100010011001101011111111
10100011110000010100111010011111111
10100011111000010110100110111111111
10100100000000011000010011011111111
10100100000011100011001000011111111
10100011111011100100110100111111111
10100011110011100110100001011111111
10100011101111101000001110011111111
10100011100111101001111011011111111
10100011011111101011101000111111111
10100011011011101101010110011111111
10100011010111101111000100011111111
10100011010011110000110001111111111
10100011001111110010100000011111111
10100011001011110100001110011111111
10100011000111110101111100111111111
10100011000111110111101010111111111
10100011000011111001011001011111111
10100011000011111011000111111111111
10100011000011111100110110011111111
10100010101011111110100101011111111
10100010101000000000010100011111111
10100010101000000010000011011111111
10100010101000000011110010011111111
10100010101100000101100001011111111
10100010110000000111001111111111111
10100010110000001000111110011111111
10100010110100001010101101011111111
10100010111000001100011011011111111
10100011000000001110001001111111111
10100011000100001111110111111111111
10100011001000010001100101111111111
10100011010000010011010011011111111
10100011011000010101000000111111111
10100011100000010110101101111111111
10100011101000011000011010011111111
10100011101011100011000000111111111
10100011100011100100101101111111111
10100011011011100110011010111111111
10100011010011101000001000011111111
10100011001011101001110101111111111
10100011000111101011100011111111111
10100011000011101101010001111111111
10100010111011101110111111111111111
10100010110111110000101110011111111
10100010110011110010011100111111111
10100010110011110100001011111111111
10100010101111110101111010011111111
10100010101011110111101001011111111
10100010101011111001011000011111111
10100010101011111011000111011111111
10100010101011111100110110011111111
10100010001111111110100101011111111
10100010001100000000010100111111111
10100010001100000010000100011111111
10100010010000000011110011111111111
10100010010000000101100011011111111
10100010010100000111010010011111111
10100010011000001001000001111111111
10100010011100001010110000111111111
10100010100000001100011111111111111
10100010100100001110001110011111111
10100010101000001111111100111111111
10100010110000010001101011011111111
10100010111000010011011001011111111
10100010111100010101000110111111111
10100011000100010110110100111111111
10100011001100011000100001111111111
10100011001111100010111001111111111
10100011000111100100100110111111111
10100010111111100110010100011111111
10100010111011101000000010011111111
10100010110011101001110000011111111
10100010101011101011011110111111111
10100010100111101101001101011111111
10100010100011101110111011111111111
10100010011111110000101010111111111
10100010011011110010011001111111111
10100010010111110100001000111111111
10100010010011110101111000011111111
10100010010011110111100111111111111
10100010001111111001010110111111111
10100010001111111011000110011111111
10100010001111111100110101111111111
10100001110011111110100101111111111
10100001110100000000010101111111111
10100001110100000010000101111111111
10100001110100000011110101111111111
10100001111000000101100101011111111
10100001111000000111010101011111111
10100001111100001001000100111111111
10100010000000001010110100011111111
10100010000100001100100011111111111
10100010001100001110010010111111111
10100010010000010000000001111111111
10100010010100010001110000111111111
10100010011100010011011111011111111
10100010100100010101001101011111111
10100010101100010110111011011111111
10100010110100011000101001011111111
10100010110111100010110010011111111
10100010101111100100011111111111111
10100010100111100110001101111111111
10100010011111100111111100011111111
10100010010111101001101010111111111
10100010010011101011011001111111111
10100010001111101101001000111111111
10100010000111101110110111111111111
10100010000011110000100111011111111
10100001111111110010010110111111111
10100001111011110100000110011111111
10100001111011110101110110011111111
10100001110111110111100101111111111
10100001110111111001010101111111111
10100001110111111011000101111111111
10100001110011111100110101111111111
10100001011011111110100101111111111
10100001011000000000010110011111111
10100001011000000010000110111111111
10100001011100000011110111011111111
10100001011100000101100111111111111
10100001100000000111010111111111111
10100001100100001001000111111111111
10100001101000001010110111111111111
10100001101100001100100111111111111
10100001110000001110010111011111111
10100001110100010000000110111111111
10100001111100010001110110011111111
10100010000000010011100101011111111
10100010001000010101010011111111111
10100010010000010111000010011111111
10100010011000011000110000111111111
10100010011011100010101010111111111
10100010010011100100011000111111111
10100010001011100110000111011111111
10100010000011100111110110011111111
10100001111111101001100101011111111
10100001110111101011010100111111111
10100001110011101101000011111111111
10100001101111101110110011111111111
10100001101011110000100011011111111
10100001100111110010010011011111111
10100001100011110100000011111111111
10100001011111110101110011111111111
10100001011111110111100100011111111
10100001011011111001010100111111111
10100001011011111011000100111111111
10100001011011111100110101011111111
10100000111111111110100110011111111
10100000111100000000010111011111111
10100001000000000010001000011111111
10100001000000000011111001011111111
10100001000100000101101001111111111
10100001000100000111011010111111111
10100001001000001001001011011111111
10100001001100001010111011111111111
10100001010000001100101011111111111
10100001010100001110011100011111111
10100001011100010000001100011111111
10100001100000010001111011111111111
10100001101000010011101011011111111
10100001110000010101011010111111111
10100001111000010111001001111111111
10100010000000011000111000011111111
10100010000011100010100011011111111
10100001111011100100010001111111111
10100001110011100110000000111111111
10100001101011100111110000011111111
10100001100011101001011111111111111
10100001011111101011001111011111111
10100001010111101100111111011111111
10100001010011101110101111011111111
10100001001111110000011111111111111
10100001001011110010010000011111111
10100001000111110100000000111111111
10100001000111110101110001111111111
10100001000011110111100010011111111
10100001000011111001010011011111111
10100000111111111011000100011111111
10100000111111111100110101011111111
10100000100111111110100110011111111
10100000100100000000010111111111111
10100000100100000010001001011111111
10100000101000000011111010111111111
10100000101000000101101100011111111
10100000101100000111011101011111111
10100000110000001001001110011111111
10100000110100001010111111011111111
10100000111000001100110000011111111
10100000111100001110100000111111111
10100001000000010000010001011111111
10100001001000010010000001111111111
10100001001100010011110001011111111
10100001010100010101100001011111111
10100001011100010111010000111111111
10100001100100011000111111111111111
10100001100111100010011011111111111
10100001011111100100001010111111111
10100001010111100101111010011111111
10100001001111100111101001111111111
10100001001011101001011001111111111
10100001000011101011001010011111111
10100000111111101100111010111111111
10100000111011101110101011011111111
10100000110111110000011100011111111
10100000110011110010001100111111111
10100000101111110011111110011111111
10100000101011110101101111011111111
10100000101011110111100000111111111
10100000100111111001010010011111111
10100000100111111011000011011111111
10100000100111111100110100111111111
10100000001011111110100110111111111
10100000001000000000011000111111111
10100000001100000010001010111111111
10100000001100000011111100111111111
10100000010000000101101110011111111
10100000010000000111100000011111111
10100000010100001001010001111111111
10100000011000001011000011011111111
10100000011100001100110100011111111
10100000100000001110100101111111111
10100000101000010000010110111111111
10100000101100010010000111011111111
10100000110100010011110111111111111
10100000111100010101100111111111111
10100001000100010111010111111111111
10100001001100011001000111011111111
10100001001111100010010011111111111
10100001000111100100000011111111111
10100000111111100101110011111111111
10100000110111100111100011111111111
10100000101111101001010100011111111
10100000101011101011000100111111111
10100000100011101100110101111111111
10100000011111101110100110111111111
10100000011011110000011000011111111
10100000010111110010001001111111111
10100000010011110011111011011111111
10100000010011110101101101011111111
10100000001111110111011110111111111
10100000001111111001010000111111111
10100000001011111011000010111111111
10100000001011111100110100111111111
10100110010111111110100011011111111
10100110010100000000001101111111111
10100110010100000001111000111111111
10100110010100000011100011111111111
10100110011000000101001110011111111
10100110011000000110111000111111111
10100110011100001000100011011111111
10100110100000001010001101111111111
10100110100100001011111000011111111
10100110101000001101100010011111111
10100110110000001111001100011111111
10100110110100010000110110011111111
10100110111100010010011111111111111
10100111000000010100001001011111111
10100111001000010101110010011111111
10100111010000010111011011011111111
10100111010011100100000000011111111
10100111001011100101101001011111111
10100111000011100111010010011111111
10100110111111101000111011111111111
10100110110111101010100101011111111
10100110110011101100001111011111111
10100110101011101101111001011111111
10100110100111101111100011011111111
10100110100011110001001101111111111
10100110011111110010110111111111111
10100110011011110100100010011111111
10100110011011110110001101011111111
10100110010111110111110111111111111
10100110010111111001100010111111111
10100110010111111011001101011111111
10100110010111111100111000011111111
10100101111011111110100011011111111
10100101111000000000001110111111111
10100101111000000001111001111111111
10100101111100000011100101011111111
10100101111100000101010000011111111
10100110000000000110111011011111111
10100110000100001000100110011111111
10100110001000001010010001011111111
10100110001100001011111011111111111
10100110010000001101100110111111111
10100110010100001111010000111111111
10100110011100010000111011011111111
10100110100000010010100101011111111
10100110101000010100001111011111111
10100110110000010101111000111111111
10100110111000010111100001111111111
10100110111011100011111001011111111
10100110110011100101100010111111111
10100110101011100111001100011111111
10100110100011101000110110011111111
10100110011111101010100000011111111
10100110010111101100001010011111111
10100110010011101101110100111111111
10100110001111101111011111011111111
10100110001011110001001010011111111
10100110000111110010110101011111111
10100110000011110100100000011111111
10100101111111110110001011011111111
10100101111111110111110110011111111
10100101111011111001100001011111111
10100101111011111011001100111111111
10100101111011111100111000011111111
10100101011111111110100011111111111
10100101100000000000001111011111111
10100101100000000001111011011111111
10100101100000000011100110111111111
10100101100100000101010010011111111
10100101100100000110111101111111111
10100101101000001000101001011111111
10100101101100001010010100111111111
10100101110000001011111111111111111
10100101110100001101101010111111111
10100101111100001111010101111111111
10100110000000010001000000011111111
10100110001000010010101010111111111
10100110001100010100010101011111111
10100110010100010101111111011111111
10100110011100010111101000111111111
10100110011111100011110010111111111
10100110010111100101011100011111111
10100110001111100111000110011111111
10100110001011101000110000111111111
10100110000011101010011011011111111
10100101111111101100000101111111111
10100101110111101101110000111111111
10100101110011101111011011111111111
10100101101111110001000110111111111
10100101101011110010110010011111111
10100101100111110100011101111111111
10100101100111110110001001011111111
10100101100011110111110100111111111
10100101100011111001100000011111111
10100101100011111011001100011111111
10100101011111111100110111111111111
10100101000111111110100011111111111
10100101000100000000010000011111111
10100101000100000001111100011111111
10100101001000000011101000011111111
10100101001000000101010100011111111
10100101001100000111000000011111111
10100101010000001000101100011111111
10100101010100001010011000011111111
10100101011000001100000011111111111
10100101011100001101101111011111111
10100101100000001111011010011111111
10100101101000010001000101111111111
10100101101100010010110000011111111
10100101110100010100011011011111111
10100101111100010110000101111111111
10100110000100010111101111111111111
10100110000111100011101011111111111
10100101111111100101010101111111111
10100101110111100111000000011111111
10100101101111101000101011011111111
10100101101011101010010101111111111
10100101100011101100000001011111111
10100101011111101101101100011111111
10100101011011101111010111111111111
10100101010111110001000011011111111
10100101010011110010101111011111111
10100101001111110100011011011111111
10100101001011110110000111011111111
10100101001011110111110011011111111
10100101000111111001011111011111111
10100101000111111011001011011111111
10100101000111111100110111111111111
10100100101011111110100100011111111
10100100101000000000010000111111111
10100100101100000001111101011111111
10100100101100000011101001111111111
10100100110000000101010110011111111
10100100110000000111000010111111111
10100100110100001000101111011111111
10100100111000001010011011011111111
10100100111100001100000111111111111
10100101000000001101110011011111111
10100101001000001111011111011111111
10100101001100010001001010111111111
10100101010100010010110110011111111
10100101011000010100100001011111111
10100101100000010110001100011111111
10100101101000010111110110111111111
10100101101011100011100100111111111
10100101100011100101001111011111111
10100101011011100110111010011111111
10100101010111101000100101011111111
10100101001111101010010000111111111
10100101001011101011111100011111111
10100101000011101101100111111111111
10100100111111101111010011111111111
10100100111011110000111111111111111
10100100110111110010101100011111111
10100100110011110100011000111111111
10100100110011110110000100111111111
10100100101111110111110001011111111
10100100101111111001011110011111111
10100100101011111011001010111111111
10100100101011111100110111011111111
10100100010011111110100100011111111
10100100010000000000010001011111111
10100100010000000001111110011111111
10100100010100000011101011111111111
10100100010100000101011000111111111
10100100011000000111000101011111111
10100100011100001000110010011111111
10100100011100001010011110111111111
10100100100100001100001011011111111
10100100101000001101110111111111111
10100100101100001111100100011111111
10100100110000010001010000011111111
10100100111000010010111011111111111
10100101000000010100100111011111111
10100101001000010110010010111111111
10100101010000010111111101111111111
10100101010011100011011101111111111
10100101001011100101001000111111111
10100101000011100110110100011111111
10100100111011101000011111111111111
10100100110011101010001011011111111
10100100101111101011110111011111111
10100100101011101101100011111111111
10100100100111101111001111111111111
10100100011111110000111100111111111
10100100011111110010101001011111111
10100100011011110100010101111111111
10100100010111110110000010111111111
10100100010111110111101111111111111
10100100010011111001011100111111111
10100100010011111011001010011111111
10100100010011111100110111011111111
10100011110111111110100100111111111
10100011110100000000010010011111111
10100011111000000001111111111111111
10100011111000000011101101011111111
10100011111100000101011010111111111
10100011111100000111000111111111111
10100100000000001000110101011111111
10100100000100001010100010011111111
10100100001000001100001111011111111
10100100001100001101111100011111111
10100100010100001111101000111111111
10100100011000010001010101011111111
10100100100000010011000001111111111
10100100100100010100101101111111111
10100100101100010110011001011111111
10100100110100011000000100111111111
10100100110111100011010110111111111
10100100101111100101000010011111111
10100100100111100110101101111111111
10100100100011101000011001111111111
10100100011011101010000110011111111
10100100010111101011110010111111111
10100100001111101101011111011111111
10100100001011101111001100011111111
10100100000111110000111001011111111
10100100000011110010100110011111111
10100011111111110100010011011111111
10100011111111110110000000111111111
10100011111011110111101110011111111
10100011111011111001011011111111111
10100011110111111011001001011111111
10100011110111111100110110111111111
10100011011111111110100100111111111
10100011011100000000010010111111111
10100011011100000010000000111111111
10100011011100000011101110111111111
10100011100000000101011100111111111
10100011100100000111001010111111111
10100011100100001000111000011111111
10100011101000001010100101111111111
10100011101100001100010011011111111
10100011110100001110000000111111111
10100011111000001111101101111111111
10100011111100010001011010111111111
10100100000100010011000111011111111
10100100001100010100110011111111111
10100100010100010110100000011111111
10100100011100011000001011111111111
10100100011111100011001111011111111
10100100010111100100111011011111111
10100100001111100110100111111111111
10100100000111101000010100011111111
10100011111111101010000000111111111
10100011111011101011101101111111111
10100011110111101101011010111111111
10100011101111101111001000011111111
10100011101011110000110101111111111
10100011100111110010100011011111111
10100011100111110100010000111111111
10100011100011110101111110111111111
10100011011111110111101100111111111
10100011011111111001011010111111111
10100011011111111011001000111111111
10100011011111111100110110111111111
