10110100100111010101010011011111111
10110100100111010110110000111111111
10110100100111011000001101111111111
10110100100111011001101011011111111
10110100101011011011001000011111111
10110100101011011100100101011111111
10110100101111011110000010111111111
10110100110011011111011111111111111
10110100110111100000111100111111111
10110100111011100010011001011111111
10110100111111100011110110011111111
10110101000011100101010010111111111
10110101000111100110101111011111111
10110101001111101000001011011111111
10110101010011101001100111111111111
10110101011011101011000011111111111
10110101011010111110000101111111111
10110101010010111111100001111111111
10110101001111000000111101111111111
10110101000111000010011010011111111
10110101000011000011110110011111111
10110100111111000101010011011111111
10110100111011000110101111111111111
10110100110111001000001100111111111
10110100110011001001101001111111111
10110100101111001011000110111111111
10110100101011001100100011111111111
10110100101011001110000000111111111
10110100100111001111011110011111111
10110100100111010000111011011111111
10110100100111010010011000111111111
10110100100111010011110101111111111
10110100001011010101010011011111111
10110100001011010110110001011111111
10110100001011011000001110111111111
10110100001111011001101100011111111
10110100001111011011001001111111111
10110100010011011100100111011111111
10110100010011011110000100111111111
10110100010111011111100010011111111
10110100011011100000111111011111111
10110100011111100010011100111111111
10110100100011100011111001111111111
10110100100111100101010110111111111
10110100101111100110110011011111111
10110100110011101000010000011111111
10110100111011101001101100111111111
10110101000011101011001000111111111
10110101000010111110000000011111111
10110100111010111111011100111111111
10110100110011000000111001011111111
10110100101111000010010101111111111
10110100100111000011110010111111111
10110100100011000101001111111111111
10110100011111000110101100111111111
10110100011011001000001001111111111
10110100010111001001100111011111111
10110100010011001011000100011111111
10110100010011001100100001111111111
10110100001111001101111111011111111
10110100001111001111011100111111111
10110100001011010000111010011111111
10110100001011010010011000011111111
10110100001011010011110101111111111
10110011101111010101010011111111111
10110011110011010110110001111111111
10110011110011011000001111111111111
10110011110011011001101101011111111
10110011110111011011001011011111111
10110011110111011100101001011111111
10110011111011011110000110111111111
10110011111111011111100100111111111
10110100000011100001000010011111111
10110100000111100010011111111111111
10110100001011100011111101011111111
10110100001111100101011010011111111
10110100010011100110110111111111111
10110100011011101000010100111111111
10110100011111101001110001011111111
10110100100111101011001110011111111
10110100100110111101111011011111111
10110100011110111111010111111111111
10110100011011000000110100111111111
10110100010011000010010001111111111
10110100001111000011101110111111111
10110100001011000101001011111111111
10110100000111000110101001011111111
10110100000011001000000110111111111
10110011111111001001100100011111111
10110011111011001011000010011111111
10110011110111001100011111111111111
10110011110111001101111101111111111
10110011110011001111011011111111111
10110011110011010000111001111111111
10110011110011010010010111111111111
10110011101111010011110101111111111
10110011010111010101010011111111111
10110011010111010110110010011111111
10110011010111011000010000011111111
10110011011011011001101110111111111
10110011011011011011001100111111111
10110011011111011100101011011111111
10110011011111011110001001011111111
10110011100011011111100111011111111
10110011100111100001000101011111111
10110011101011100010100011011111111
10110011101111100100000000111111111
10110011110011100101011110011111111
10110011111011100110111011111111111
10110011111111101000011001011111111
10110100000111101001110110011111111
10110100001111101011010011011111111
10110100001110111101110101111111111
10110100000110111111010010111111111
10110011111111000000101111111111111
10110011111011000010001101011111111
10110011110011000011101010111111111
10110011101111000101001000011111111
10110011101011000110100110011111111
10110011100111001000000011111111111
10110011100011001001100001111111111
10110011011111001010111111111111111
10110011011111001100011110011111111
10110011011011001101111100011111111
10110011011011001111011010011111111
10110011010111010000111000111111111
10110011010111010010010111011111111
10110011010111010011110101011111111
10110010111011010101010011111111111
10110010111011010110110010111111111
10110010111111011000010001011111111
10110010111111011001101111111111111
10110010111111011011001110011111111
10110011000011011100101101011111111
10110011000111011110001011011111111
10110011001011011111101001111111111
10110011001011100001001000011111111
10110011001111100010100110011111111
10110011010111100100000100011111111
10110011011011100101100010011111111
10110011011111100111000000011111111
10110011100111101000011101111111111
10110011101011101001111011011111111
10110011110011101011011000111111111
10110011110010111101110000011111111
10110011101010111111001101111111111
10110011100111000000101011011111111
10110011011111000010001000111111111
10110011011011000011100110111111111
10110011010111000101000100111111111
10110011001111000110100010111111111
10110011001011001000000000111111111
10110011001011001001011111011111111
10110011000111001010111101111111111
10110011000011001100011100011111111
10110010111111001101111010111111111
10110010111111001111011001011111111
10110010111111010000110111111111111
10110010111011010010010110111111111
10110010111011010011110101011111111
10110010100011010101010100011111111
10110010100011010110110011011111111
10110010100011011000010010011111111
10110010100011011001110001011111111
10110010100111011011010000011111111
10110010100111011100101110111111111
10110010101011011110001101111111111
10110010101111011111101100111111111
10110010110011100001001011011111111
10110010110111100010101001111111111
10110010111011100100001000011111111
10110010111111100101100110011111111
10110011000111100111000100111111111
10110011001011101000100010111111111
10110011010011101010000000011111111
10110011011011101011011110011111111
10110011011010111101101011011111111
10110011010010111111001000111111111
10110011001011000000100110111111111
10110011000111000010000100111111111
10110010111111000011100010111111111
10110010111011000101000001011111111
10110010110111000110011111011111111
10110010110011000111111101111111111
10110010101111001001011100111111111
10110010101011001010111011011111111
10110010100111001100011010011111111
10110010100111001101111001011111111
10110010100011001111011000011111111
10110010100011010000110110111111111
10110010100011010010010110011111111
10110010100011010011110101011111111
10110010000111010101010100011111111
10110010000111010110110011111111111
10110010001011011000010011011111111
10110010001011011001110010011111111
10110010001011011011010001111111111
10110010001111011100110000111111111
10110010010011011110010000011111111
10110010010011011111101111011111111
10110010010111100001001110011111111
10110010011011100010101101011111111
10110010100011100100001011111111111
10110010100111100101101010011111111
10110010101011100111001000111111111
10110010110011101000100111011111111
10110010110111101010000101011111111
10110010111111101011100011011111111
10110010111110111101100101111111111
10110010110110111111000011111111111
10110010110011000000100001111111111
10110010101011000010000000011111111
10110010100111000011011110111111111
10110010100011000100111101011111111
10110010011011000110011100011111111
10110010010111000111111010111111111
10110010010011001001011001111111111
10110010010011001010111001011111111
10110010001111001100011000011111111
10110010001011001101110111011111111
10110010001011001111010110111111111
10110010001011010000110110011111111
10110010000111010010010101011111111
10110010000111010011110100111111111
10110001101111010101010100011111111
10110001101111010110110100011111111
10110001101111011000010011111111111
10110001101111011001110011111111111
10110001110011011011010011011111111
10110001110011011100110010111111111
10110001110111011110010010011111111
10110001111011011111110001111111111
10110001111111100001010001011111111
10110010000011100010110000011111111
10110010000111100100001111111111111
10110010001011100101101110111111111
10110010010011100111001101011111111
10110010010111101000101100011111111
10110010011111101010001010111111111
10110010100111101011101000111111111
10110010100110111101100000011111111
10110010011110111110111110111111111
10110010010111000000011101011111111
10110010010011000001111011111111111
10110010001011000011011010111111111
10110010000111000100111001111111111
10110010000011000110011000111111111
10110001111111000111110111111111111
10110001111011001001010111011111111
10110001110111001010110110111111111
10110001110011001100010110011111111
10110001110011001101110101111111111
10110001101111001111010101111111111
10110001101111010000110101011111111
10110001101111010010010100111111111
10110001101111010011110100111111111
10110111110111010101010001111101111
10110111110111010110101100111101111
10110111110111011000000111011101111
10110111111011011001100001111101111
10110111111011011010111100011101111
10110111111111011100010110111101111
10110111111111011101110001011101111
10111000000011011111001011111101111
10111000000111100000100110011101111
10111000001011100010000000011101111
10111000001111100011011010011101111
10111000010011100100110100011101111
10111000011011100110001110011101111
10111000011111100111101000011101111
10111000100111101001000001111101111
10111000101011101010011011011101111
10111000101010111110101101111101111
10111000100111000000000111011101111
10111000011111000001100000111101111
10111000011011000010111010111101111
10111000010011000100010100111101111
10111000001111000101101110111101111
10111000001011000111001000111101111
10111000000111001000100011011101111
10111000000011001001111101011101111
10110111111111001011010111111101111
10110111111111001100110010011101111
10110111111011001110001100111101111
10110111111011001111100111011101111
10110111110111010001000001111101111
10110111110111010010011100111101111
10110111110111010011110111011101111
10110111011011010101010010011111111
10110111011111010110101101011111111
10110111011111011000001000011111111
10110111011111011001100010111111111
10110111100011011010111101111111111
10110111100011011100011000111111111
10110111100111011101110011011111111
10110111101011011111001110011111111
10110111101011100000101000111111111
10110111101111100010000011011111111
10110111110011100011011101111101111
10110111111011100100111000011101111
10110111111111100110010010011101111
10111000000011100111101100011101111
10111000001011101001000110011101111
10111000010011101010100000011101111
10111000010010111110101000111101111
10111000001011000000000010111101111
10111000000011000001011100111101111
10110111111111000010110110111101111
10110111111011000100010000111101111
10110111110011000101101011011101111
10110111101111000111000101111111111
10110111101011001000100000011111111
10110111101011001001111010111111111
10110111100111001011010101111111111
10110111100011001100110000011111111
10110111100011001110001011011111111
10110111011111001111100110011111111
10110111011111010001000001011111111
10110111011111010010011100011111111
10110111011011010011110111011111111
10110111000011010101010010011111111
10110111000011010110101101111111111
10110111000011011000001000111111111
10110111000111011001100100011111111
10110111000111011010111111011111111
10110111001011011100011010011111111
10110111001011011101110101111111111
10110111001111011111010000111111111
10110111010011100000101011111111111
10110111010111100010000110011111111
10110111011011100011100001011111111
10110111011111100100111011111111111
10110111100111100110010110011111111
10110111101011100111110000111111111
10110111101111101001001011011111111
10110111110111101010100101011101111
10110111110110111110100100011101111
10110111101110111111111110011111111
10110111101011000001011000011111111
10110111100111000010110010111111111
10110111011111000100001101011111111
10110111011011000101100111111111111
10110111010111000111000010111111111
10110111010011001000011101111111111
10110111001111001001111000111111111
10110111001011001011010011111111111
10110111001011001100101110111111111
10110111000111001110001001111111111
10110111000111001111100101011111111
10110111000011010001000000011111111
10110111000011010010011011111111111
10110111000011010011110110111111111
10110110100111010101010010011111111
10110110100111010110101110011111111
10110110101011011000001001111111111
10110110101011011001100101011111111
10110110101011011011000000111111111
10110110101111011100011100011111111
10110110110011011101110111111111111
10110110110011011111010011011111111
10110110110111100000101110011111111
10110110111011100010001001111111111
10110110111111100011100100111111111
10110111000111100100111111111111111
10110111001011100110011010011111111
10110111001111100111110101011111111
10110111010111101001001111111111111
10110111011111101010101010011111111
10110111011110111110011111011111111
10110111010110111111111001011111111
10110111001111000001010011111111111
10110111001011000010101110111111111
10110111000111000100001001111111111
10110110111111000101100100111111111
10110110111011000110111111111111111
10110110110111001000011010111111111
10110110110011001001110110011111111
10110110110011001011010001011111111
10110110101111001100101100111111111
10110110101011001110001000011111111
10110110101011001111100011111111111
10110110101011010000111111111111111
10110110100111010010011011011111111
10110110100111010011110110111111111
10110110001111010101010010111111111
10110110001111010110101110111111111
10110110001111011000001010011111111
10110110001111011001100110011111111
10110110010011011011000010011111111
10110110010011011100011110011111111
10110110010111011101111001111111111
10110110011011011111010101111111111
10110110011111100000110001011111111
10110110100011100010001100111111111
10110110100111100011101000011111111
10110110101011100101000011011111111
10110110101111100110011110111111111
10110110110111100111111001111111111
10110110111011101001010100011111111
10110111000011101010101111011111111
10110111000010111110011010011111111
10110110111010111111110100111111111
10110110110111000001001111111111111
10110110101111000010101010111111111
10110110101011000100000101111111111
10110110100111000101100001011111111
10110110100011000110111100011111111
10110110011111001000010111111111111
10110110011011001001110011111111111
10110110010111001011001111011111111
10110110010011001100101011011111111
10110110010011001110000110111111111
10110110001111001111100010111111111
10110110001111010000111110111111111
10110110001111010010011010111111111
10110110001111010011110110111111111
10110101110011010101010010111111111
10110101110011010110101111011111111
10110101110111011000001011011111111
10110101110111011001100111111111111
10110101110111011011000011111111111
10110101111011011100011111111111111
10110101111111011101111100011111111
10110101111111011111011000011111111
10110110000011100000110011111111111
10110110000111100010001111111111111
10110110001011100011101011111111111
10110110010011100101000111011111111
10110110010111100110100010111111111
10110110011011100111111101111111111
10110110100011101001011001011111111
10110110101011101010110100011111111
10110110101010111110010100111111111
10110110100010111111101111111111111
10110110011011000001001011011111111
10110110010111000010100110111111111
10110110010011000100000001111111111
10110110001011000101011101111111111
10110110000111000110111001011111111
10110110000011001000010101011111111
10110101111111001001110001011111111
10110101111111001011001101011111111
10110101111011001100101001011111111
10110101110111001110000101011111111
10110101110111001111100001111111111
10110101110111010000111101111111111
10110101110011010010011010011111111
10110101110011010011110110011111111
10110101011011010101010010111111111
10110101011011010110101111111111111
10110101011011011000001100011111111
10110101011011011001101000111111111
10110101011111011011000101011111111
10110101011111011100100001111111111
10110101100011011101111110011111111
10110101100111011111011010111111111
10110101101011100000110110111111111
10110101101111100010010010111111111
10110101110011100011101111011111111
10110101110111100101001010111111111
10110101111011100110100110111111111
10110110000011101000000010011111111
10110110000111101001011101111111111
10110110001111101010111001011111111
10110110001110111110001111111111111
10110110000110111111101011011111111
10110110000011000001000110111111111
10110101111011000010100010011111111
10110101110111000011111110011111111
10110101110011000101011010011111111
10110101101111000110110110011111111
10110101101011001000010010011111111
10110101100111001001101110111111111
10110101100011001011001010111111111
10110101011111001100100111011111111
10110101011111001110000011111111111
10110101011011001111100000011111111
10110101011011010000111101011111111
10110101011011010010011001111111111
10110101011011010011110110011111111
10110100111111010101010011011111111
10110100111111010110110000011111111
10110100111111011000001100111111111
10110101000011011001101001111111111
10110101000011011011000110111111111
10110101000111011100100011111111111
10110101000111011110000000011111111
10110101001011011111011101011111111
10110101001111100000111001111111111
10110101010011100010010110011111111
10110101010111100011110010111111111
10110101011111100101001110111111111
10110101100011100110101010111111111
10110101100111101000000110111111111
10110101101111101001100010111111111
10110101110111101010111110011111111
10110101110110111110001010111111111
10110101101110111111100110011111111
10110101100111000001000010011111111
10110101100011000010011110011111111
10110101011111000011111010011111111
10110101010111000101010110111111111
10110101010011000110110011011111111
10110101001111001000001111111111111
10110101001011001001101100011111111
10110101000111001011001000111111111
10110101000111001100100101111111111
10110101000011001110000010011111111
10110101000011001111011111011111111
10110100111111010000111100011111111
10110100111111010010011001011111111
10110100111111010011110110011111111
