10101110000011010101010110011111111
10101110000011010110111001011111111
10101110000011011000011100011111111
10101110000011011001111111011111111
10101110000111011011100010011111111
10101110000111011101000101011111111
10101110001011011110101000011111111
10101110001111100000001010111111111
10101110010011100001101101011111111
10101110010111100011001111111111111
10101110011011100100110010011111111
10101110100011100110010100111111111
10101110100111100111110110111111111
10101110101111101001011000111111111
10101110110011101010111010011111111
10101110111011101100011011111111111
10101110111010111100101101011111111
10101110110010111110001110111111111
10101110101110111111110000111111111
10101110100111000001010010111111111
10101110100011000010110100111111111
10101110011011000100010110111111111
10101110010111000101111001011111111
10101110010011000111011011111111111
10101110001111001000111110011111111
10101110001011001010100001011111111
10101110000111001100000011111111111
10101110000111001101100110111111111
10101110000011001111001001111111111
10101110000011010000101100111111111
10101110000011010010001111111111111
10101110000011010011110011011111111
10101101100111010101010110011111111
10101101100111010110111001111111111
10101101100111011000011101011111111
10101101101011011010000000111111111
10101101101011011011100011111111111
10101101101111011101000111011111111
10101101110011011110101010111111111
10101101110011100000001101111111111
10101101110111100001110000111111111
10101101111111100011010011111111111
10101110000011100100110110011111111
10101110000111100110011000111111111
10101110001011100111111011011111111
10101110010011101001011101111111111
10101110011011101010111111111111111
10101110100011101100100001111111111
10101110100010111100100111011111111
10101110011010111110001001011111111
10101110010010111111101011011111111
10101110001011000001001101111111111
10101110000111000010110000011111111
10101110000011000100010010111111111
10101101111111000101110101111111111
10101101110111000111011000011111111
10101101110011001000111011111111111
10101101110011001010011110111111111
10101101101111001100000001111111111
10101101101011001101100101011111111
10101101101011001111001000111111111
10101101100111010000101011111111111
10101101100111010010001111011111111
10101101100111010011110010111111111
10101101001011010101010110111111111
10101101001111010110111010011111111
10101101001111011000011110011111111
10101101001111011010000001111111111
10101101010011011011100101111111111
10101101010011011101001001011111111
10101101010111011110101101011111111
10101101011011100000010000111111111
10101101011111100001110011111111111
10101101100011100011010111011111111
10101101100111100100111010011111111
10101101101111100110011101011111111
10101101110011101000000000011111111
10101101111011101001100010111111111
10101101111111101011000101011111111
10101110000111101100100111111111111
10101110000110111100100001111111111
10101101111110111110000011111111111
10101101111010111111100110011111111
10101101110011000001001000111111111
10101101101111000010101011111111111
10101101100111000100001110111111111
10101101100011000101110001111111111
10101101011111000111010101011111111
10101101011011001000111000111111111
10101101010111001010011100011111111
10101101010011001011111111111111111
10101101010011001101100011011111111
10101101001111001111000111011111111
10101101001111010000101010111111111
10101101001111010010001110111111111
10101101001011010011110010111111111
10101100110011010101010110111111111
10101100110011010110111010111111111
10101100110011011000011111011111111
10101100110111011010000011011111111
10101100110111011011100111011111111
10101100111011011101001011111111111
10101100111111011110101111111111111
10101100111111100000010011011111111
10101101000011100001110111011111111
10101101000111100011011010111111111
10101101001111100100111110011111111
10101101010011100110100001111111111
10101101010111101000000101011111111
10101101011111101001101000011111111
10101101100111101011001010111111111
10101101101111101100101101111111111
10101101101110111100011011111111111
10101101100110111101111110011111111
10101101011110111111100001011111111
10101101010111000001000100011111111
10101101010011000010100111011111111
10101101001111000100001010111111111
10101101000111000101101110011111111
10101101000011000111010001111111111
10101100111111001000110101111111111
10101100111111001010011001111111111
10101100111011001011111101111111111
10101100110111001101100001111111111
10101100110111001111000101111111111
10101100110011010000101001111111111
10101100110011010010001110011111111
10101100110011010011110010011111111
10101100010111010101010110111111111
10101100011011010110111011111111111
10101100011011011000100000011111111
10101100011011011010000100111111111
10101100011111011011101001011111111
10101100011111011101001101111111111
10101100100011011110110010011111111
10101100100111100000010110011111111
10101100101011100001111010111111111
10101100101111100011011110111111111
10101100110011100101000010111111111
10101100110111100110100110011111111
10101100111111101000001001111111111
10101101000111101001101101011111111
10101101001011101011010000111111111
10101101010011101100110011111111111
10101101010010111100010101111111111
10101101001010111101111000111111111
10101101000110111111011011111111111
10101100111111000000111111011111111
10101100110111000010100010111111111
10101100110011000100000110111111111
10101100101111000101101010111111111
10101100101011000111001110111111111
10101100100111001000110010111111111
10101100100011001010010111011111111
10101100011111001011111011011111111
10101100011111001101011111111111111
10101100011011001111000100011111111
10101100011011010000101000111111111
10101100011011010010001101111111111
10101100010111010011110010011111111
10101011111111010101010111011111111
10101011111111010110111100011111111
10101011111111011000100001011111111
10101100000011011010000110011111111
10101100000011011011101011011111111
10101100000111011101001111111111111
10101100000111011110110100111111111
10101100001011100000011001011111111
10101100001111100001111101111111111
10101100010011100011100010011111111
10101100011011100101000110111111111
10101100011111100110101010111111111
10101100100011101000001110111111111
10101100101011101001110010111111111
10101100110011101011010110011111111
10101100111011101100111001111111111
10101100111010111100001111111111111
10101100110010111101110010111111111
10101100101010111111010110111111111
10101100100011000000111010011111111
10101100011111000010011110011111111
10101100011011000100000010011111111
10101100010011000101100110111111111
10101100001111000111001011011111111
10101100001011001000101111111111111
10101100000111001010010100011111111
10101100000111001011111001011111111
10101100000011001101011110011111111
10101100000011001111000011011111111
10101011111111010000100111111111111
10101011111111010010001101011111111
10101011111111010011110010011111111
10101011100011010101010111011111111
10101011100011010110111100111111111
10101011100111011000100010011111111
10101011100111011010000111111111111
10101011101011011011101100111111111
10101011101011011101010010011111111
10101011101111011110110111011111111
10101011110011100000011100011111111
10101011110111100010000001011111111
10101011111011100011100110011111111
10101011111111100101001010111111111
10101100000011100110101111011111111
10101100001011101000010011111111111
10101100001111101001110111111111111
10101100010111101011011011111111111
10101100011111101100111111111111111
10101100011110111100001001011111111
10101100010110111101101101011111111
10101100001110111111010001011111111
10101100001011000000110101011111111
10101100000011000010011001111111111
10101011111111000011111110011111111
10101011111011000101100010111111111
10101011110111000111000111111111111
10101011110011001000101100111111111
10101011101111001010010001111111111
10101011101011001011110111011111111
10101011101011001101011100011111111
10101011100111001111000001111111111
10101011100111010000100110111111111
10101011100011010010001100011111111
10101011100011010011110001111111111
10101011001011010101010111011111111
10101011001011010110111101011111111
10101011001011011000100011011111111
10101011001011011010001000111111111
10101011001111011011101110111111111
10101011010011011101010100011111111
10101011010011011110111001111111111
10101011010111100000011111011111111
10101011011011100010000100111111111
10101011011111100011101001111111111
10101011100111100101001111011111111
10101011101011100110110011111111111
10101011101111101000011000111111111
10101011110111101001111101011111111
10101011111111101011100001111111111
10101100000111101101000101111111111
10101100000110111100000011011111111
10101011111110111101100111011111111
10101011110110111111001011111111111
10101011101111000000110000011111111
10101011101011000010010101011111111
10101011100111000011111010011111111
10101011011111000101011111011111111
10101011011011000111000100011111111
10101011010111001000101001111111111
10101011010011001010001111011111111
10101011010011001011110100111111111
10101011001111001101011010011111111
10101011001011001111000000011111111
10101011001011010000100101111111111
10101011001011010010001011111111111
10101011001011010011110001111111111
10110001010011010101010100111111111
10110001010011010110110100111111111
10110001010011011000010100111111111
10110001010111011001110100111111111
10110001010111011011010100111111111
10110001011011011100110100111111111
10110001011111011110010100111111111
10110001011111011111110100111111111
10110001100011100001010100011111111
10110001100111100010110011111111111
10110001101011100100010011011111111
10110001110011100101110010111111111
10110001110111100111010001111111111
10110001111111101000110000111111111
10110010000011101010001111111111111
10110010001011101011101110011111111
10110010001010111101011010111111111
10110010000010111110111001011111111
10110001111111000000011000011111111
10110001110111000001110111011111111
10110001110011000011010110111111111
10110001101011000100110101111111111
10110001100111000110010101011111111
10110001100011000111110100111111111
10110001011111001001010100111111111
10110001011111001010110100011111111
10110001011011001100010100011111111
10110001010111001101110100011111111
10110001010111001111010100011111111
10110001010011010000110100011111111
10110001010011010010010100011111111
10110001010011010011110100111111111
10110000111011010101010100111111111
10110000111011010110110101011111111
10110000111011011000010101111111111
10110000111011011001110110011111111
10110000111111011011010110111111111
10110000111111011100110110111111111
10110001000011011110010111011111111
10110001000111011111110111011111111
10110001001011100001010111011111111
10110001001111100010110111011111111
10110001010011100100010111011111111
10110001010111100101110110111111111
10110001011111100111010110011111111
10110001100011101000110101111111111
10110001101011101010010100111111111
10110001110011101011110011111111111
10110001110010111101010101011111111
10110001101010111110110100011111111
10110001100011000000010011011111111
10110001011111000001110010111111111
10110001010111000011010010011111111
10110001010011000100110010011111111
10110001001111000110010001111111111
10110001001011000111110001111111111
10110001000111001001010001111111111
10110001000011001010110010011111111
10110000111111001100010010011111111
10110000111111001101110010111111111
10110000111011001111010011011111111
10110000111011010000110011011111111
10110000111011010010010011111111111
10110000111011010011110100011111111
10110000011111010101010100111111111
10110000011111010110110101111111111
10110000011111011000010110111111111
10110000100011011001110111011111111
10110000100011011011011000011111111
10110000100111011100111000111111111
10110000100111011110011001011111111
10110000101011011111111001111111111
10110000101111100001011010011111111
10110000110011100010111010111111111
10110000110111100100011010111111111
10110000111111100101111010111111111
10110001000011100111011010111111111
10110001001011101000111010111111111
10110001001111101010011010011111111
10110001010111101011111001011111111
10110001010110111101001111111111111
10110001001110111110101111011111111
10110001001011000000001110111111111
10110001000011000001101110011111111
10110000111111000011001110011111111
10110000110111000100101110011111111
10110000110011000110001110011111111
10110000101111000111101110111111111
10110000101011001001001111011111111
10110000100111001010101111111111111
10110000100111001100010000011111111
10110000100011001101110000111111111
10110000100011001111010001111111111
10110000011111010000110010111111111
10110000011111010010010011011111111
10110000011111010011110100011111111
10110000000011010101010101011111111
10110000000111010110110110011111111
10110000000111011000010111111111111
10110000000111011001111000111111111
10110000001011011011011001111111111
10110000001011011100111010111111111
10110000001111011110011011111111111
10110000010011011111111100111111111
10110000010111100001011101011111111
10110000011011100010111110011111111
10110000011111100100011110111111111
10110000100011100101111111011111111
10110000101011100111011111011111111
10110000101111101000111111011111111
10110000110111101010011111011111111
10110000111111101011111111011111111
10110000111110111101001010011111111
10110000110110111110101001111111111
10110000101111000000001001111111111
10110000101011000001101001111111111
10110000100011000011001010011111111
10110000011111000100101010011111111
10110000011011000110001010111111111
10110000010111000111101011111111111
10110000010011001001001100011111111
10110000001111001010101101011111111
10110000001011001100001110011111111
10110000001011001101101111011111111
10110000000111001111010000011111111
10110000000111010000110001111111111
10110000000111010010010010111111111
10110000000011010011110011111111111
10101111101011010101010101011111111
10101111101011010110110110111111111
10101111101011011000011000011111111
10101111101111011001111010011111111
10101111101111011011011011011111111
10101111110011011100111100111111111
10101111110011011110011110011111111
10101111110111011111111111011111111
10101111111011100001100000111111111
10101111111111100011000001111111111
10110000000011100100100010111111111
10110000001011100110000011011111111
10110000001111100111100011111111111
10110000010111101001000100011111111
10110000011011101010100100111111111
10110000100011101100000100111111111
10110000100010111101000100011111111
10110000011010111110100100011111111
10110000010111000000000100111111111
10110000001111000001100101011111111
10110000001011000011000101111111111
10110000000011000100100110111111111
10101111111111000110000111011111111
10101111111011000111101000111111111
10101111110111001001001001111111111
10101111110011001010101010111111111
10101111110011001100001100011111111
10101111101111001101101101111111111
10101111101111001111001111011111111
10101111101011010000110000111111111
10101111101011010010010010011111111
10101111101011010011110011111111111
10101111001111010101010101111111111
10101111001111010110110111011111111
10101111010011011000011001011111111
10101111010011011001111011011111111
10101111010011011011011101011111111
10101111010111011100111110111111111
10101111011011011110100000111111111
10101111011111100000000010011111111
10101111100011100001100011111111111
10101111100111100011000101011111111
10101111101011100100100110011111111
10101111101111100110000111111111111
10101111110111100111101000111111111
10101111111011101001001001011111111
10110000000011101010101001111111111
10110000001011101100001010011111111
10110000001010111100111110111111111
10110000000010111110011111011111111
10101111111010111111111111111111111
10101111110111000001100000111111111
10101111101111000011000001111111111
10101111101011000100100010111111111
10101111100111000110000011111111111
10101111100011000111100101011111111
10101111011111001001000110111111111
10101111011011001010101000111111111
10101111010111001100001010011111111
10101111010011001101101011111111111
10101111010011001111001101111111111
10101111010011010000101111111111111
10101111001111010010010001111111111
10101111001111010011110011111111111
10101110110111010101010101111111111
10101110110111010110111000011111111
10101110110111011000011010011111111
10101110110111011001111100111111111
10101110111011011011011110111111111
10101110111111011101000000111111111
10101110111111011110100011011111111
10101111000011100000000101011111111
10101111000111100001100110111111111
10101111001011100011001000111111111
10101111001111100100101010011111111
10101111010111100110001011111111111
10101111011011100111101101011111111
10101111100011101001001110011111111
10101111100111101010101111011111111
10101111101111101100010000011111111
10101111101110111100111000111111111
10101111100110111110011001111111111
10101111100010111111111010111111111
10101111011011000001011011111111111
10101111010111000010111101011111111
10101111001111000100011110111111111
10101111001011000110000000011111111
10101111000111000111100010011111111
10101111000011001001000100011111111
10101110111111001010100110011111111
10101110111111001100001000011111111
10101110111011001101101010011111111
10101110110111001111001100111111111
10101110110111010000101110111111111
10101110110111010010010001011111111
10101110110111010011110011011111111
10101110011011010101010101111111111
10101110011011010110111000111111111
10101110011111011000011011011111111
10101110011111011001111101111111111
10101110011111011011100000111111111
10101110100011011101000011011111111
10101110100111011110100101111111111
10101110101011100000000111111111111
10101110101011100001101010011111111
10101110110011100011001100011111111
10101110110111100100101110011111111
10101110111011100110010000011111111
10101111000011100111110001111111111
10101111000111101001010011011111111
10101111001111101010110100111111111
10101111010111101100010101111111111
10101111010110111100110011011111111
10101111001110111110010100011111111
10101111000110111111110101111111111
10101111000011000001010111011111111
10101110111011000010111000111111111
10101110110111000100011010111111111
10101110110011000101111100111111111
10101110101011000111011110111111111
10101110101011001001000001011111111
10101110100111001010100011111111111
10101110100011001100000110011111111
10101110011111001101101000111111111
10101110011111001111001011011111111
10101110011111010000101101111111111
10101110011011010010010000111111111
10101110011011010011110011011111111
