10110001010000101000010110111111111
10110001010100101011010111011111111
10110001011000101110010111011111111
10110001011100110001010110111111111
10110001100100110100010110011111111
10110001101100110111010101011111111
10110001111000111010010011111111111
10110010000100111101010001011111111
10110010000100010000011100011111111
10110001111000010011011010011111111
10110001101100010110011000011111111
10110001100100011001010111011111111
10110001011100011100010110111111111
10110001011000011111010110111111111
10110001010100100010010110111111111
10110001010000100101010110111111111
10110000111000101000010111011111111
10110000111000101011011000011111111
10110000111100101110011000111111111
10110001000000110001011001011111111
10110001001000110100011001111111111
10110001010100110111011001011111111
10110001011100111010011000011111111
10110001101100111101010110111111111
10110001101100010000010110111111111
10110001011100010011010101011111111
10110001010100010110010100111111111
10110001001000011001010100011111111
10110001000000011100010100011111111
10110000111100011111010100111111111
10110000111000100010010101011111111
10110000111000100101010110011111111
10110000011100101000010111111111111
10110000011100101011011001011111111
10110000100000101110011010111111111
10110000101000110001011011111111111
10110000110000110100011100111111111
10110000111000110111011101011111111
10110001000100111010011100111111111
10110001010000111101011100011111111
10110001010000010000010001111111111
10110001000100010011010000111111111
10110000111000010110010000111111111
10110000110000011001010000111111111
10110000101000011100010001111111111
10110000100000011111010010111111111
10110000011100100010010100011111111
10110000011100100101010110011111111
10110000000000101000011000011111111
10110000000100101011011010011111111
10110000001000101110011100111111111
10110000001100110001011110111111111
10110000010100110100100000011111111
10110000100000110111100001011111111
10110000101000111010100001111111111
10110000111000111101100001111111111
10110000111000010000001100011111111
10110000101000010011001100011111111
10110000100000010110001100111111111
10110000010100011001001101111111111
10110000001100011100001111011111111
10110000001000011111010001011111111
10110000000100100010010011011111111
10110000000000100101010101111111111
10101111101000101000011000011111111
10101111101000101011011011111111111
10101111101100101110011110011111111
10101111110100110001100001011111111
10101111111100110100100011011111111
10110000000100110111100101011111111
10110000010000111010100110011111111
10110000011100111101100111011111111
10110000011100010000000110111111111
10110000010000010011000111011111111
10110000000100010110001000011111111
10101111111100011001001010011111111
10101111110100011100001100111111111
10101111101100011111001111011111111
10101111101000100010010010011111111
10101111101000100101010101011111111
10101111001100101000011000111111111
10101111010000101011011100111111111
10101111010100101110100000011111111
10101111011000110001100011111111111
10101111100000110100100110111111111
10101111101000110111101001011111111
10101111110100111010101011011111111
10110000000100111101101100111111111
10110000000100010000000001011111111
10101111110100010011000010011111111
10101111101000010110000100011111111
10101111100000011001000110111111111
10101111011000011100001001111111111
10101111010100011111001101011111111
10101111010000100010010001011111111
10101111001100100101010100111111111
10101110110100101000011001011111111
10101110110100101011011101111111111
10101110111000101110100010011111111
10101111000000110001100110011111111
10101111001000110100101010011111111
10101111010000110111101101011111111
10101111011100111010110000011111111
10101111101000111101110010011111111
10101111101000001111111011111111111
10101111011100010010111101111111111
10101111010000010110000000011111111
10101111001000011001000011111111111
10101111000000011100000111011111111
10101110111000011111001011111111111
10101110110100100010001111111111111
10101110110100100101010100111111111
10101110011000101000011001111111111
10101110011100101011011110111111111
10101110100000101110100100011111111
10101110100100110001101001011111111
10101110101100110100101101111111111
10101110110100110111110001111111111
10101111000000111010110100111111111
10101111010000111101110111111111111
10101111010000001111110110011111111
10101111000000010010111000111111111
10101110110100010101111100011111111
10101110101100011001000000011111111
10101110100100011100000100111111111
10101110100000011111001001111111111
10101110011100100010001110111111111
10101110011000100101010100011111111
10101110000000101000011001111111111
10101110000000101011100000011111111
10101110000100101110100110011111111
10101110001100110001101011111111111
10101110010000110100110000111111111
10101110011100110111110101111111111
10101110101000111010111001111111111
10101110110100111101111101011111111
10101110110100001111110000011111111
10101110101000010010110011111111111
10101110011100010101110111111111111
10101110010000011000111100111111111
10101110001100011100000010011111111
10101110000100011111000111111111111
10101110000000100010001101111111111
10101110000000100101010011111111111
10101101100100101000011010011111111
10101101101000101011100001011111111
10101101101100101110100111111111111
10101101110000110001101110011111111
10101101111000110100110100011111111
10101110000000110111111001111111111
10101110001100111010111110111111111
10101110011100111110000011011111111
10101110011100001111101010111111111
10101110001100010010101110111111111
10101110000000010101110011111111111
10101101111000011000111001011111111
10101101110000011011111111011111111
10101101101100011111000101111111111
10101101101000100010001100011111111
10101101100100100101010011011111111
10101101001100101000011010111111111
10101101001100101011100010011111111
10101101010000101110101001111111111
10101101010100110001110001011111111
10101101011100110100110111111111111
10101101101000110111111110011111111
10101101110100111011000011111111111
10101110000000111110001000111111111
10101110000000001111100100111111111
10101101110100010010101001111111111
10101101101000010101101111111111111
10101101011100011000110101111111111
10101101010100011011111100111111111
10101101010000011111000011111111111
10101101001100100010001011011111111
10101101001100100101010010111111111
10101100110000101000011011011111111
10101100110000101011100011111111111
10101100110100101110101011111111111
10101100111100110001110011111111111
10101101000100110100111011011111111
10101101001100111000000010011111111
10101101011000111011001000111111111
10101101101000111110001110111111111
10101101101000001111011111011111111
10101101011000010010100100111111111
10101101001100010101101011011111111
10101101000100011000110010011111111
10101100111100011011111001111111111
10101100110100011111000001111111111
10101100110000100010001010011111111
10101100110000100101010010111111111
10101100010100101000011011111111111
10101100011000101011100100111111111
10101100011100101110101101111111111
10101100100000110001110110111111111
10101100101000110100111110111111111
10101100110100111000000110111111111
10101101000000111011001101111111111
10101101001100111110010100011111111
10101101001100001111011001011111111
10101101000000010010011111111111111
10101100110100010101100110111111111
10101100101000011000101110111111111
10101100100000011011110111011111111
10101100011100011110111111111111111
10101100011000100010001000111111111
10101100010100100101010010011111111
10101011111100101000011011111111111
10101011111100101011100101111111111
10101100000000101110101111111111111
10101100001000110001111001011111111
10101100010000110101000010011111111
10101100011000111000001011011111111
10101100100100111011010011011111111
10101100110100111110011010011111111
10101100110100001111010011111111111
10101100100100010010011010111111111
10101100011000010101100010111111111
10101100010000011000101011011111111
10101100001000011011110100011111111
10101100000000011110111101111111111
10101011111100100010000111111111111
10101011111100100101010001111111111
10101011100000101000011100011111111
10101011100100101011100111011111111
10101011101000101110110001111111111
10101011101100110001111100011111111
10101011110100110101000110011111111
10101100000000111000001111011111111
10101100001100111011011000011111111
10101100011000111110100000011111111
10101100011000001111001101111111111
10101100001100010010010101111111111
10101100000000010101011110011111111
10101011110100011000100111111111111
10101011101100011011110001111111111
10101011101000011110111011111111111
10101011100100100010000110111111111
10101011100000100101010001011111111
10101011001000101000011100111111111
10101011001000101011101000011111111
10101011001100101110110011111111111
10101011010100110001111110111111111
10101011011100110101001001111111111
10101011100100111000010011111111111
10101011110000111011011101011111111
10101100000000111110100110011111111
10101100000000001111000111111111111
10101011110000010010010000011111111
10101011100100010101011001111111111
10101011011100011000100100011111111
10101011010100011011101110111111111
10101011001100011110111001111111111
10101011001000100010000101011111111
10101011001000100101010001011111111
10110111110100101000010001111101111
10110111110100101011000110111101111
10110111111000101101111011111101111
10111000000000110000110000111101111
10111000000100110011100101111101111
10111000010000110110011001111101111
10111000011000111001001101111101111
10111000100100111100000000111101111
10111000100100010001101100111101111
10111000011000010100100000011101111
10111000010000010111010011111101111
10111000000100011010001000011101111
10111000000000011100111100111101111
10110111111000011111110001111101111
10110111110100100010100110111101111
10110111110100100101011100011101111
10110111011000101000010001111111111
10110111011100101011000111111111111
10110111100000101101111101111111111
10110111100100110000110011011111111
10110111101100110011101000011111111
10110111110100110110011101011101111
10111000000000111001010001111101111
10111000001100111100000101111101111
10111000001100010001101000011101111
10111000000000010100011011111101111
10110111110100010111010000011101111
10110111101100011010000101011111111
10110111100100011100111010111111111
10110111100000011111110000011111111
10110111011100100010100101111111111
10110111011000100101011011111111111
10110111000000101000010010011111111
10110111000000101011001000111111111
10110111000100101101111111011111111
10110111001100110000110101011111111
10110111010000110011101011011111111
10110111011100110110100000111111111
10110111100100111001010101111111111
10110111110000111100001010011101111
10110111110000010001100011011101111
10110111100100010100010111111111111
10110111011100010111001100111111111
10110111010000011010000010011111111
10110111001100011100111000011111111
10110111000100011111101110111111111
10110111000000100010100100111111111
10110111000000100101011011111111111
10110110100100101000010010011111111
10110110101000101011001001111111111
10110110101100101110000000111111111
10110110110000110000110111111111111
10110110111000110011101110011111111
10110111000000110110100100011111111
10110111001100111001011010011111111
10110111011000111100001111011111111
10110111011000010001011110011111111
10110111001100010100010011111111111
10110111000000010111001001011111111
10110110111000011001111111011111111
10110110110000011100110110011111111
10110110101100011111101100111111111
10110110101000100010100011111111111
10110110100100100101011011011111111
10110110001100101000010010111111111
10110110001100101011001010111111111
10110110010000101110000010011111111
10110110010100110000111001111111111
10110110011100110011110001011111111
10110110100100110110101000011111111
10110110110000111001011110011111111
10110110111100111100010100011111111
10110110111100010001011001111111111
10110110110000010100001111011111111
10110110100100010111000101111111111
10110110011100011001111100111111111
10110110010100011100110011111111111
10110110010000011111101011011111111
10110110001100100010100011011111111
10110110001100100101011010111111111
10110101110000101000010011011111111
10110101110100101011001011111111111
10110101111000101110000100011111111
10110101111100110000111100011111111
10110110000100110011110100011111111
10110110001100110110101011111111111
10110110011000111001100010111111111
10110110100100111100011000111111111
10110110100100010001010100111111111
10110110011000010100001011011111111
10110110001100010111000010011111111
10110110000100011001111001111111111
10110101111100011100110001011111111
10110101111000011111101001111111111
10110101110100100010100010011111111
10110101110000100101011010111111111
10110101011000101000010011011111111
10110101011000101011001100111111111
10110101011100101110000101111111111
10110101100000110000111110111111111
10110101101000110011110111011111111
10110101110000110110101111011111111
10110101111100111001100110111111111
10110110001000111100011101111111111
10110110001000010001001111111111111
10110101111100010100000110111111111
10110101110000010110111110011111111
10110101101000011001110110111111111
10110101100000011100101111011111111
10110101011100011111100111111111111
10110101011000100010100001011111111
10110101011000100101011010011111111
10110100111100101000010011111111111
10110101000000101011001101111111111
10110101000000101110000111011111111
10110101001000110001000000111111111
10110101010000110011111010011111111
10110101011000110110110010111111111
10110101100100111001101011011111111
10110101110000111100100010111111111
10110101110000010001001010111111111
10110101100100010100000010011111111
10110101011000010110111010111111111
10110101010000011001110011111111111
10110101001000011100101100111111111
10110101000000011111100110011111111
10110101000000100010011111111111111
10110100111100100101011001111111111
10110100100100101000010100011111111
10110100100100101011001110111111111
10110100101000101110001001011111111
10110100101100110001000011011111111
10110100110100110011111101011111111
10110100111100110110110110111111111
10110101001000111001101111111111111
10110101010100111100100111111111111
10110101010100010001000101111111111
10110101001000010011111110011111111
10110100111100010110110111011111111
10110100110100011001110000011111111
10110100101100011100101010011111111
10110100101000011111100100111111111
10110100100100100010011110111111111
10110100100100100101011001111111111
10110100001000101000010100111111111
10110100001000101011001111111111111
10110100001100101110001010111111111
10110100010100110001000101111111111
10110100011100110100000000011111111
10110100100100110110111010011111111
10110100110000111001110011111111111
10110100111100111100101100111111111
10110100111100010001000000111111111
10110100110000010011111001111111111
10110100100100010110110011011111111
10110100011100011001101101011111111
10110100010100011100100111111111111
10110100001100011111100010111111111
10110100001000100010011101111111111
10110100001000100101011001011111111
10110011101100101000010100111111111
10110011110000101011010000111111111
10110011110100101110001100111111111
10110011111000110001001000011111111
10110100000000110100000011011111111
10110100001000110110111110011111111
10110100010100111001111000011111111
10110100100000111100110010011111111
10110100100000010000111011111111111
10110100010100010011110101011111111
10110100001000010110101111111111111
10110100000000011001101010011111111
10110011111000011100100101111111111
10110011110100011111100001011111111
10110011110000100010011100111111111
10110011101100100101011000111111111
10110011010100101000010101011111111
10110011010100101011010001111111111
10110011011000101110001110011111111
10110011100000110001001010111111111
10110011100100110100000110011111111
10110011110000110111000001111111111
10110011111100111001111100111111111
10110100001000111100110111011111111
10110100001000010000110110111111111
10110011111100010011110000111111111
10110011110000010110101011111111111
10110011100100011001100111011111111
10110011100000011100100011011111111
10110011011000011111011111011111111
10110011010100100010011011111111111
10110011010100100101011000111111111
10110010111000101000010101111111111
10110010111100101011010010111111111
10110011000000101110010000011111111
10110011000100110001001100111111111
10110011001100110100001001111111111
10110011010100110111000101111111111
10110011100000111010000001011111111
10110011101100111100111100011111111
10110011101100010000110001011111111
10110011100000010011101100011111111
10110011010100010110100111111111111
10110011001100011001100100011111111
10110011000100011100100000111111111
10110011000000011111011101111111111
10110010111100100010011010111111111
10110010111000100101011000011111111
10110010100000101000010101111111111
10110010100000101011010011111111111
10110010100100101110010001111111111
10110010101100110001001111011111111
10110010110000110100001100111111111
10110010111100110111001001111111111
10110011000100111010000101111111111
10110011010100111101000001111111111
10110011010100010000101100011111111
10110011000100010011100111111111111
10110010111100010110100100011111111
10110010110000011001100000111111111
10110010101100011100011110011111111
10110010100100011111011011111111111
10110010100000100010011001111111111
10110010100000100101010111111111111
10110010000100101000010110011111111
10110010001000101011010100111111111
10110010001100101110010011111111111
10110010010000110001010001111111111
10110010011000110100001111111111111
10110010100000110111001101011111111
10110010101100111010001010011111111
10110010111000111101000110111111111
10110010111000010000100110111111111
10110010101100010011100011011111111
10110010100000010110100000011111111
10110010011000011001011101111111111
10110010010000011100011011111111111
10110010001100011111011010011111111
10110010001000100010011000111111111
10110010000100100101010111011111111
10110001101100101000010110111111111
10110001101100101011010110011111111
10110001110000101110010101011111111
10110001110100110001010100011111111
10110001111100110100010011011111111
10110010001000110111010001011111111
10110010010000111010001111011111111
10110010100000111101001100011111111
10110010100000010000100001111111111
10110010010000010011011110111111111
10110010001000010110011100011111111
10110001111100011001011010111111111
10110001110100011100011001011111111
10110001110000011111011000011111111
10110001101100100010010111111111111
10110001101100100101010111011111111
