10110100100100100111100101111111111
10110100100100101001000010111111111
10110100100100101010100000011111111
10110100100100101011111101011111111
10110100101000101101011010111111111
10110100101000101110110111111111111
10110100101100110000010100111111111
10110100110000110001110001111111111
10110100110100110011001110111111111
10110100111000110100101011111111111
10110100111100110110001000011111111
10110101000000110111100100111111111
10110101000100111001000001011111111
10110101001100111010011101111111111
10110101010000111011111001111111111
10110101011000111101010101111111111
10110101011000010000010111111111111
10110101010000010001110011111111111
10110101001100010011001111111111111
10110101000100010100101100011111111
10110101000000010110001000111111111
10110100111100010111100101011111111
10110100111000011001000010011111111
10110100110100011010011110111111111
10110100110000011011111011111111111
10110100101100011101011000111111111
10110100101000011110110101111111111
10110100101000100000010011011111111
10110100100100100001110000011111111
10110100100100100011001101111111111
10110100100100100100101010111111111
10110100100100100110001000011111111
10110100001000100111100101111111111
10110100001000101001000011011111111
10110100001000101010100000111111111
10110100001100101011111110111111111
10110100001100101101011100011111111
10110100010000101110111001111111111
10110100010000110000010111011111111
10110100010100110001110100011111111
10110100011000110011010001111111111
10110100011100110100101110111111111
10110100100000110110001011111111111
10110100100100110111101000111111111
10110100101100111001000101111111111
10110100110000111010100010011111111
10110100111000111011111110111111111
10110101000000111101011011011111111
10110101000000010000010010111111111
10110100111000010001101110111111111
10110100110000010011001011011111111
10110100101100010100101000011111111
10110100100100010110000100111111111
10110100100000010111100001111111111
10110100011100011000111110111111111
10110100011000011010011100011111111
10110100010100011011111001011111111
10110100010000011101010110111111111
10110100010000011110110100011111111
10110100001100100000010001111111111
10110100001100100001101111011111111
10110100001000100011001100111111111
10110100001000100100101010011111111
10110100001000100110001000011111111
10110011101100100111100101111111111
10110011110000101001000011111111111
10110011110000101010100001111111111
10110011110000101011111111111111111
10110011110100101101011101111111111
10110011110100101110111011011111111
10110011111000110000011001011111111
10110011111100110001110110111111111
10110100000000110011010100111111111
10110100000100110100110010011111111
10110100001000110110001111011111111
10110100001100110111101100111111111
10110100010000111001001001111111111
10110100011000111010100110111111111
10110100011100111100000011111111111
10110100100100111101100000011111111
10110100100100010000001101011111111
10110100011100010001101010011111111
10110100011000010011000110111111111
10110100010000010100100011111111111
10110100001100010110000000111111111
10110100001000010111011110011111111
10110100000100011000111011111111111
10110100000000011010011001011111111
10110011111100011011110110111111111
10110011111000011101010100011111111
10110011110100011110110010011111111
10110011110100100000010000011111111
10110011110000100001101101111111111
10110011110000100011001011111111111
10110011110000100100101001111111111
10110011101100100110000111111111111
10110011010100100111100110011111111
10110011010100101001000100011111111
10110011010100101010100010111111111
10110011011000101100000000111111111
10110011011000101101011111011111111
10110011011100101110111101011111111
10110011011100110000011011111111111
10110011100000110001111001111111111
10110011100100110011010111111111111
10110011101000110100110101011111111
10110011101100110110010011011111111
10110011110000110111110000111111111
10110011111000111001001110011111111
10110011111100111010101011111111111
10110100000100111100001000111111111
10110100001100111101100101111111111
10110100001100010000001000011111111
10110100000100010001100101011111111
10110011111100010011000010011111111
10110011111000010100011111111111111
10110011110000010101111101011111111
10110011101100010111011010111111111
10110011101000011000111000011111111
10110011100100011010010110011111111
10110011100000011011110100011111111
10110011011100011101010010011111111
10110011011100011110110000011111111
10110011011000100000001110111111111
10110011011000100001101100111111111
10110011010100100011001011011111111
10110011010100100100101001011111111
10110011010100100110000111111111111
10110010111000100111100110011111111
10110010111000101001000100111111111
10110010111100101010100011111111111
10110010111100101100000010011111111
10110010111100101101100000111111111
10110011000000101110111111011111111
10110011000100110000011101111111111
10110011001000110001111100011111111
10110011001000110011011010011111111
10110011001100110100111000111111111
10110011010100110110010110111111111
10110011011000110111110100111111111
10110011011100111001010010111111111
10110011100100111010110000011111111
10110011101000111100001101111111111
10110011110000111101101010111111111
10110011110000010000000010111111111
10110011101000010001100000011111111
10110011100100010010111101111111111
10110011011100010100011011011111111
10110011011000010101111001011111111
10110011010100010111010110111111111
10110011001100011000110101011111111
10110011001000011010010011011111111
10110011001000011011110001111111111
10110011000100011101001111111111111
10110011000000011110101110011111111
10110010111100100000001100111111111
10110010111100100001101011111111111
10110010111100100011001010011111111
10110010111000100100101000111111111
10110010111000100110000111111111111
10110010100000100111100110011111111
10110010100000101001000101011111111
10110010100000101010100100011111111
10110010100000101100000011011111111
10110010100100101101100010011111111
10110010100100101111000001011111111
10110010101000110000100000011111111
10110010101100110001111110111111111
10110010110000110011011101011111111
10110010110100110100111011111111111
10110010111000110110011010011111111
10110010111100110111111000111111111
10110011000100111001010110111111111
10110011001000111010110100111111111
10110011010000111100010010111111111
10110011011000111101110000011111111
10110011011000001111111101011111111
10110011010000010001011011011111111
10110011001000010010111000111111111
10110011000100010100010110111111111
10110010111100010101110101011111111
10110010111000010111010011011111111
10110010110100011000110001111111111
10110010110000011010010000011111111
10110010101100011011101110111111111
10110010101000011101001101111111111
10110010100100011110101100011111111
10110010100100100000001011011111111
10110010100000100001101010011111111
10110010100000100011001001011111111
10110010100000100100101000011111111
10110010100000100110000111011111111
10110010000100100111100110111111111
10110010000100101001000101111111111
10110010001000101010100101011111111
10110010001000101100000100111111111
10110010001000101101100011111111111
10110010001100101111000011011111111
10110010010000110000100010011111111
10110010010000110010000001011111111
10110010010100110011100000011111111
10110010011000110100111111011111111
10110010100000110110011110011111111
10110010100100110111111100111111111
10110010101000111001011011011111111
10110010110000111010111001111111111
10110010110100111100010111111111111
10110010111100111101110101111111111
10110010111100001111110111111111111
10110010110100010001010101111111111
10110010110000010010110100011111111
10110010101000010100010010011111111
10110010100100010101110000111111111
10110010100000010111001111111111111
10110010011000011000101110011111111
10110010010100011010001101011111111
10110010010000011011101100011111111
10110010010000011101001011011111111
10110010001100011110101010111111111
10110010001000100000001001111111111
10110010001000100001101001011111111
10110010001000100011001000011111111
10110010000100100100100111111111111
10110010000100100110000111011111111
10110001101100100111100110111111111
10110001101100101001000110011111111
10110001101100101010100110011111111
10110001101100101100000101111111111
10110001110000101101100101111111111
10110001110000101111000101011111111
10110001110100110000100100111111111
10110001111000110010000100011111111
10110001111100110011100011011111111
10110010000000110101000010111111111
10110010000100110110100001111111111
10110010001000111000000000111111111
10110010010000111001011111111111111
10110010010100111010111110011111111
10110010011100111100011100111111111
10110010100100111101111011011111111
10110010100100001111110010111111111
10110010011100010001010000111111111
10110010010100010010101111011111111
10110010010000010100001110011111111
10110010001000010101101100111111111
10110010000100010111001011111111111
10110010000000011000101011011111111
10110001111100011010001010011111111
10110001111000011011101001111111111
10110001110100011101001001011111111
10110001110000011110101000111111111
10110001110000100000001000011111111
10110001101100100001100111111111111
10110001101100100011000111111111111
10110001101100100100100111011111111
10110001101100100110000110111111111
10110111110100100111100100011101111
10110111110100101000111110111101111
10110111110100101010011001011101111
10110111111000101011110100011101111
10110111111000101101001110111101111
10110111111100101110101001011101111
10110111111100110000000011111101111
10111000000000110001011110011101111
10111000000100110010111000011101111
10111000001000110100010010111101111
10111000001100110101101100111101111
10111000010000110111000110111101111
10111000011000111000100000111101111
10111000011100111001111010011101111
10111000100100111011010100011101111
10111000101000111100101101111101111
10111000101000010001000000011101111
10111000100100010010011001111101111
10111000011100010011110011011101111
10111000011000010101001101011101111
10111000010000010110100110111101111
10111000001100011000000000111101111
10111000001000011001011011011101111
10111000000100011010110101011101111
10111000000000011100001111111101111
10110111111100011101101010011101111
10110111111100011111000100011101111
10110111111000100000011111011101111
10110111111000100001111001111101111
10110111110100100011010100011101111
10110111110100100100101110111101111
10110111110100100110001001111101111
10110111011000100111100100011111111
10110111011100101000111111011111111
10110111011100101010011010011111111
10110111011100101011110101011111111
10110111100000101101010000011111111
10110111100000101110101010111111111
10110111100100110000000101111111111
10110111101000110001100000011111111
10110111101000110010111011011111111
10110111101100110100010101111111111
10110111110000110101110000011101111
10110111111000110111001010011101111
10110111111100111000100100111101111
10111000000000111001111110111101111
10111000001000111011011000111101111
10111000010000111100110010011101111
10111000010000010000111011011101111
10111000001000010010010101011101111
10111000000000010011101110111101111
10110111111100010101001001011101111
10110111111000010110100011011101111
10110111110000010111111101111101111
10110111101100011001011000011111111
10110111101000011010110010111111111
10110111101000011100001101011111111
10110111100100011101100111111111111
10110111100000011111000010111111111
10110111100000100000011101111111111
10110111011100100001111000011111111
10110111011100100011010011011111111
10110111011100100100101110011111111
10110111011000100110001001011111111
10110111000000100111100100111111111
10110111000000101000111111111111111
10110111000000101010011011011111111
10110111000100101011110110011111111
10110111000100101101010001111111111
10110111001000101110101100111111111
10110111001000110000000111111111111
10110111001100110001100010111111111
10110111010000110010111101111111111
10110111010100110100011000111111111
10110111011000110101110011111111111
10110111011100110111001110011111111
10110111100100111000101000111111111
10110111101000111010000011011111111
10110111101100111011011101011111111
10110111110100111100110111011101111
10110111110100010000110110011101111
10110111101100010010010000011111111
10110111101000010011101010111111111
10110111100100010101000101011111111
10110111011100010110011111111111111
10110111011000010111111010011111111
10110111010100011001010100111111111
10110111010000011010101111111111111
10110111001100011100001010111111111
10110111001000011101100101111111111
10110111001000011111000000111111111
10110111000100100000011100011111111
10110111000100100001110111011111111
10110111000000100011010010111111111
10110111000000100100101101111111111
10110111000000100110001001011111111
10110110100100100111100100111111111
10110110100100101001000000011111111
10110110101000101010011011111111111
10110110101000101011110111111111111
10110110101000101101010011011111111
10110110101100101110101110111111111
10110110110000110000001010011111111
10110110110000110001100101011111111
10110110110100110011000000111111111
10110110111000110100011011111111111
10110110111100110101110110111111111
10110111000100110111010001111111111
10110111001000111000101100111111111
10110111001100111010000111011111111
10110111010100111011100001111111111
10110111011100111100111100011111111
10110111011100010000110001011111111
10110111010100010010001011111111111
10110111001100010011100110011111111
10110111001000010101000000111111111
10110111000100010110011011111111111
10110110111100010111110110111111111
10110110111000011001010001111111111
10110110110100011010101101011111111
10110110110000011100001000011111111
10110110110000011101100011111111111
10110110101100011110111111011111111
10110110101000100000011010111111111
10110110101000100001110110011111111
10110110101000100011010001111111111
10110110100100100100101101011111111
10110110100100100110001001011111111
10110110001100100111100100111111111
10110110001100101001000000111111111
10110110001100101010011100111111111
10110110001100101011111000111111111
10110110010000101101010100111111111
10110110010000101110110000011111111
10110110010100110000001100011111111
10110110011000110001100111111111111
10110110011100110011000011011111111
10110110100000110100011110111111111
10110110100100110101111010011111111
10110110101000110111010101111111111
10110110101100111000110000111111111
10110110110100111010001011111111111
10110110111000111011100110111111111
10110111000000111101000001011111111
10110111000000010000101100011111111
10110110111000010010000111011111111
10110110110100010011100001111111111
10110110101100010100111100111111111
10110110101000010110011000011111111
10110110100100010111110011011111111
10110110100000011001001110111111111
10110110011100011010101010011111111
10110110011000011100000101111111111
10110110010100011101100001111111111
10110110010000011110111101011111111
10110110010000100000011001011111111
10110110001100100001110101011111111
10110110001100100011010000111111111
10110110001100100100101100111111111
10110110001100100110001000111111111
10110101110000100111100101011111111
10110101110000101001000001011111111
10110101110100101010011101111111111
10110101110100101011111001111111111
10110101110100101101010110011111111
10110101111000101110110010011111111
10110101111100110000001110011111111
10110101111100110001101010011111111
10110110000000110011000110011111111
10110110000100110100100010011111111
10110110001000110101111101111111111
10110110010000110111011001011111111
10110110010100111000110100111111111
10110110011000111010010000011111111
10110110100000111011101011011111111
10110110101000111101000110011111111
10110110101000010000100111011111111
10110110100000010010000010011111111
10110110011000010011011101011111111
10110110010100010100111000111111111
10110110010000010110010100011111111
10110110001000010111101111111111111
10110110000100011001001011111111111
10110110000000011010100111011111111
10110101111100011100000011011111111
10110101111100011101011111011111111
10110101111000011110111011111111111
10110101110100100000010111111111111
10110101110100100001110011111111111
10110101110100100011010000011111111
10110101110000100100101100011111111
10110101110000100110001000111111111
10110101011000100111100101011111111
10110101011000101001000001111111111
10110101011000101010011110011111111
10110101011000101011111010111111111
10110101011100101101010111111111111
10110101011100101110110100011111111
10110101100000110000010000011111111
10110101100100110001101100111111111
10110101101000110011001001011111111
10110101101100110100100101011111111
10110101110000110110000001011111111
10110101110100110111011101011111111
10110101111000111000111001011111111
10110110000000111010010100111111111
10110110000100111011110000011111111
10110110001100111101001011111111111
10110110001100010000100010011111111
10110110000100010001111101011111111
10110110000000010011011000111111111
10110101111000010100110100111111111
10110101110100010110010000011111111
10110101110000010111101100011111111
10110101101100011001001000011111111
10110101101000011010100100111111111
10110101100100011100000000111111111
10110101100000011101011101011111111
10110101011100011110111001111111111
10110101011100100000010110011111111
10110101011000100001110010111111111
10110101011000100011001111011111111
10110101011000100100101011111111111
10110101011000100110001000111111111
10110100111100100111100101011111111
10110100111100101001000010011111111
10110100111100101010011111011111111
10110101000000101011111100011111111
10110101000000101101011001011111111
10110101000100101110110101111111111
10110101000100110000010010111111111
10110101001000110001101111011111111
10110101001100110011001011111111111
10110101010000110100101000011111111
10110101010100110110000100111111111
10110101011100110111100001011111111
10110101100000111000111101011111111
10110101100100111010011001011111111
10110101101100111011110101011111111
10110101110100111101010000111111111
10110101110100010000011100111111111
10110101101100010001111000111111111
10110101100100010011010100111111111
10110101100000010100110000011111111
10110101011100010110001100111111111
10110101010100010111101000111111111
10110101010000011001000101011111111
10110101001100011010100001111111111
10110101001000011011111110011111111
10110101000100011101011011011111111
10110101000100011110110111111111111
10110101000000100000010100111111111
10110101000000100001110001111111111
10110100111100100011001110011111111
10110100111100100100101011011111111
10110100111100100110001000011111111
