10101110000000100111101000011111111
10101110000000101001001011011111111
10101110000000101010101110111111111
10101110000000101100010001111111111
10101110000100101101110100111111111
10101110000100101111010111011111111
10101110001000110000111010011111111
10101110001100110010011101011111111
10101110010000110011111111111111111
10101110010100110101100010011111111
10101110011000110111000100111111111
10101110100000111000100110111111111
10101110100100111010001000111111111
10101110101100111011101010111111111
10101110110000111101001100111111111
10101110111000111110101110011111111
10101110111000001110111111111111111
10101110110000010000100001011111111
10101110101100010010000010111111111
10101110100100010011100100111111111
10101110100000010101000110111111111
10101110011000010110101001011111111
10101110010100011000001011111111111
10101110010000011001101110011111111
10101110001100011011010000111111111
10101110001000011100110011011111111
10101110000100011110010110011111111
10101110000100011111111001011111111
10101110000000100001011100011111111
10101110000000100010111111011111111
10101110000000100100100010011111111
10101110000000100110000101011111111
10101101100100100111101000111111111
10101101100100101001001100011111111
10101101100100101010101111111111111
10101101101000101100010010111111111
10101101101000101101110110011111111
10101101101100101111011001111111111
10101101110000110000111100111111111
10101101110000110010011111111111111
10101101110100110100000010111111111
10101101111100110101100101111111111
10101110000000110111001000111111111
10101110000100111000101011011111111
10101110001000111010001101111111111
10101110010000111011101111111111111
10101110011000111101010010011111111
10101110100000111110110011111111111
10101110100000001110111001111111111
10101110011000010000011011111111111
10101110010000010001111101111111111
10101110001000010011100000011111111
10101110000100010101000010111111111
10101110000000010110100101011111111
10101101111100011000000111111111111
10101101110100011001101010111111111
10101101110000011011001101111111111
10101101110000011100110000111111111
10101101101100011110010100011111111
10101101101000011111110111011111111
10101101101000100001011010111111111
10101101100100100010111110011111111
10101101100100100100100001111111111
10101101100100100110000101011111111
10101101001000100111101000111111111
10101101001100101001001100111111111
10101101001100101010110000011111111
10101101001100101100010100011111111
10101101010000101101111000011111111
10101101010000101111011011111111111
10101101010100110000111111011111111
10101101011000110010100010111111111
10101101011100110100000110011111111
10101101100000110101101001011111111
10101101100100110111001100111111111
10101101101100111000101111111111111
10101101110000111010010010011111111
10101101111000111011110101011111111
10101101111100111101010111111111111
10101110000100111110111001111111111
10101110000100001110110011111111111
10101101111100010000010110011111111
10101101111000010001111000111111111
10101101110000010011011011011111111
10101101101100010100111110011111111
10101101100100010110100001011111111
10101101100000011000000100011111111
10101101011100011001100111011111111
10101101011000011011001010111111111
10101101010100011100101110011111111
10101101010000011110010010011111111
10101101010000011111110101111111111
10101101001100100001011001011111111
10101101001100100010111101011111111
10101101001100100100100001011111111
10101101001000100110000100111111111
10101100110000100111101000111111111
10101100110000101001001101011111111
10101100110000101010110001011111111
10101100110100101100010101111111111
10101100110100101101111001111111111
10101100111000101111011101111111111
10101100111100110001000001111111111
10101100111100110010100101111111111
10101101000000110100001001111111111
10101101000100110101101101011111111
10101101001100110111010000111111111
10101101010000111000110100011111111
10101101010100111010010111011111111
10101101011100111011111010011111111
10101101100100111101011101011111111
10101101101100111110111111111111111
10101101101100001110101101111111111
10101101100100010000010000111111111
10101101011100010001110011011111111
10101101010100010011010110011111111
10101101010000010100111001111111111
10101101001100010110011101011111111
10101101000100011000000000111111111
10101101000000011001100100011111111
10101100111100011011000111111111111
10101100111100011100101011111111111
10101100111000011110001111111111111
10101100110100011111110011111111111
10101100110100100001011000011111111
10101100110000100010111100011111111
10101100110000100100100000011111111
10101100110000100110000100111111111
10101100010100100111101001011111111
10101100011000101001001101111111111
10101100011000101010110010011111111
10101100011000101100010111011111111
10101100011100101101111011111111111
10101100011100101111100000011111111
10101100100000110001000100011111111
10101100100100110010101000111111111
10101100101000110100001100111111111
10101100101100110101110000111111111
10101100110000110111010100111111111
10101100110100111000111000111111111
10101100111100111010011100011111111
10101101000100111011111111111111111
10101101001000111101100010111111111
10101101010000111111000101111111111
10101101010000001110100111111111111
10101101001000010000001010111111111
10101101000100010001101110011111111
10101100111100010011010001111111111
10101100110100010100110101011111111
10101100110000010110011000111111111
10101100101100010111111100111111111
10101100101000011001100000111111111
10101100100100011011000101011111111
10101100100000011100101001011111111
10101100011100011110001101111111111
10101100011100011111110010011111111
10101100011000100001010110111111111
10101100011000100010111011011111111
10101100011000100100011111111111111
10101100010100100110000100111111111
10101011111100100111101001011111111
10101011111100101001001110011111111
10101011111100101010110011011111111
10101100000000101100011000011111111
10101100000000101101111101011111111
10101100000100101111100010011111111
10101100000100110001000110111111111
10101100001000110010101011111111111
10101100001100110100010000011111111
10101100010000110101110100111111111
10101100011000110111011000111111111
10101100011100111000111101011111111
10101100100000111010100001011111111
10101100101000111100000100111111111
10101100110000111101101000011111111
10101100111000111111001011111111111
10101100111000001110100001111111111
10101100110000010000000101011111111
10101100101000010001101000111111111
10101100100000010011001100111111111
10101100011100010100110000111111111
10101100011000010110010100111111111
10101100010000010111111001011111111
10101100001100011001011101011111111
10101100001000011011000010011111111
10101100000100011100100110111111111
10101100000100011110001011111111111
10101100000000011111110000011111111
10101100000000100001010101011111111
10101011111100100010111010011111111
10101011111100100100011111011111111
10101011111100100110000100011111111
10101011100000100111101001111111111
10101011100000101001001111011111111
10101011100100101010110100011111111
10101011100100101100011001111111111
10101011101000101101111111011111111
10101011101000101111100100011111111
10101011101100110001001001111111111
10101011110000110010101110111111111
10101011110100110100010011111111111
10101011111000110101111000011111111
10101011111100110111011101011111111
10101100000000111001000001111111111
10101100001000111010100110011111111
10101100001100111100001010011111111
10101100010100111101101110011111111
10101100011100111111010001111111111
10101100011100001110011011111111111
10101100010100001111111111111111111
10101100001100010001100011111111111
10101100001000010011000111111111111
10101100000000010100101100011111111
10101011111100010110010000111111111
10101011111000010111110101011111111
10101011110100011001011010011111111
10101011110000011010111111011111111
10101011101100011100100100011111111
10101011101000011110001001011111111
10101011101000011111101110111111111
10101011100100100001010011111111111
10101011100100100010111001011111111
10101011100000100100011110111111111
10101011100000100110000100011111111
10101011001000100111101001111111111
10101011001000101001001111111111111
10101011001000101010110101011111111
10101011001000101100011011011111111
10101011001100101110000000111111111
10101011010000101111100110111111111
10101011010000110001001100011111111
10101011010100110010110001111111111
10101011011000110100010111011111111
10101011011100110101111100011111111
10101011100100110111100001011111111
10101011101000111001000110011111111
10101011101100111010101011011111111
10101011110100111100001111111111111
10101011111100111101110011111111111
10101100000100111111011000011111111
10101100000100001110010101111111111
10101011111100001111111001111111111
10101011110100010001011110011111111
10101011101100010011000010111111111
10101011101000010100100111011111111
10101011100100010110001100011111111
10101011011100010111110001011111111
10101011011000011001010110111111111
10101011010100011010111100011111111
10101011010000011100100001111111111
10101011010000011110000111011111111
10101011001100011111101100111111111
10101011001000100001010010011111111
10101011001000100010111000011111111
10101011001000100100011110011111111
10101011001000100110000011111111111
10110001010000100111100110111111111
10110001010000101001000111011111111
10110001010000101010100111011111111
10110001010100101100000111011111111
10110001010100101101100111011111111
10110001011000101111000111011111111
10110001011100110000100111011111111
10110001011100110010000110111111111
10110001100000110011100110111111111
10110001100100110101000110011111111
10110001101000110110100101111111111
10110001110000111000000100111111111
10110001110100111001100100011111111
10110001111100111011000011011111111
10110010000000111100100001111111111
10110010001000111110000000111111111
10110010001000001111101101011111111
10110010000000010001001011111111111
10110001111100010010101010111111111
10110001110100010100001001111111111
10110001110000010101101000111111111
10110001101000010111001000011111111
10110001100100011000100111111111111
10110001100000011010000111011111111
10110001011100011011100110111111111
10110001011100011101000110111111111
10110001011000011110100110111111111
10110001010100100000000110111111111
10110001010100100001100110111111111
10110001010000100011000110111111111
10110001010000100100100110111111111
10110001010000100110000110111111111
10110000111000100111100111011111111
10110000111000101001000111111111111
10110000111000101010101000011111111
10110000111000101100001000011111111
10110000111100101101101000111111111
10110000111100101111001001011111111
10110001000000110000101001011111111
10110001000100110010001001111111111
10110001001000110011101001111111111
10110001001100110101001001111111111
10110001010000110110101001011111111
10110001010100111000001001011111111
10110001011100111001101000111111111
10110001100000111011000111111111111
10110001101000111100100111011111111
10110001110000111110000110011111111
10110001110000001111100111111111111
10110001101000010001000110111111111
10110001100000010010100101111111111
10110001011100010100000101011111111
10110001010100010101100100111111111
10110001010000010111000100011111111
10110001001100011000100100011111111
10110001001000011010000100011111111
10110001000100011011100100011111111
10110001000000011101000100011111111
10110000111100011110100100111111111
10110000111100100000000100111111111
10110000111000100001100101011111111
10110000111000100011000101111111111
10110000111000100100100110011111111
10110000111000100110000110111111111
10110000011100100111100111011111111
10110000011100101001001000011111111
10110000011100101010101000111111111
10110000100000101100001001111111111
10110000100000101101101010011111111
10110000100100101111001011011111111
10110000100100110000101011111111111
10110000101000110010001100011111111
10110000101100110011101100111111111
10110000110000110101001100111111111
10110000110100110110101101011111111
10110000111100111000001101011111111
10110001000000111001101101011111111
10110001001000111011001100111111111
10110001001100111100101100011111111
10110001010100111110001011111111111
10110001010100001111100001111111111
10110001001100010001000001011111111
10110001001000010010100000111111111
10110001000000010100000000111111111
10110000111100010101100000111111111
10110000110100010111000000111111111
10110000110000011000100000111111111
10110000101100011010000001011111111
10110000101000011011100001011111111
10110000100100011101000001111111111
10110000100100011110100010111111111
10110000100000100000000011011111111
10110000100000100001100100011111111
10110000011100100011000100111111111
10110000011100100100100101111111111
10110000011100100110000110011111111
10110000000000100111100111011111111
10110000000100101001001000111111111
10110000000100101010101001111111111
10110000000100101100001010111111111
10110000001000101101101100011111111
10110000001000101111001101011111111
10110000001100110000101110011111111
10110000010000110010001110111111111
10110000010100110011101111111111111
10110000011000110101010000011111111
10110000011100110110110000111111111
10110000100000111000010001011111111
10110000101000111001110001111111111
10110000101100111011010001111111111
10110000110100111100110001111111111
10110000111100111110010001011111111
10110000111100001111011100011111111
10110000110100010000111100011111111
10110000101100010010011011111111111
10110000101000010011111100011111111
10110000100000010101011100011111111
10110000011100010110111100111111111
10110000011000011000011101011111111
10110000010100011001111101111111111
10110000010000011011011110111111111
10110000001100011100111111111111111
10110000001000011110100000111111111
10110000001000100000000001111111111
10110000000100100001100010111111111
10110000000100100011000011111111111
10110000000100100100100101011111111
10110000000000100110000110011111111
10101111101000100111100111111111111
10101111101000101001001001011111111
10101111101000101010101010111111111
10101111101100101100001100011111111
10101111101100101101101101111111111
10101111110000101111001111011111111
10101111110000110000110000111111111
10101111110100110010010001111111111
10101111111000110011110010111111111
10101111111100110101010011111111111
10110000000000110110110100111111111
10110000001000111000010101111111111
10110000001100111001110110011111111
10110000010100111011010110111111111
10110000011000111100110110111111111
10110000100000111110010111011111111
10110000100000001111010110111111111
10110000011000010000110110111111111
10110000010100010010010111011111111
10110000001100010011110111011111111
10110000001000010101011000011111111
10110000000000010110111000111111111
10101111111100011000011001111111111
10101111111000011001111010111111111
10101111110100011011011011111111111
10101111110000011100111101011111111
10101111110000011110011110111111111
10101111101100011111111111111111111
10101111101100100001100001011111111
10101111101000100011000010111111111
10101111101000100100100100011111111
10101111101000100110000110011111111
10101111001100100111100111111111111
10101111001100101001001001111111111
10101111010000101010101011111111111
10101111010000101100001101111111111
10101111010000101101101111011111111
10101111010100101111010001011111111
10101111011000110000110010111111111
10101111011100110010010100111111111
10101111100000110011110110011111111
10101111100100110101010111011111111
10101111101000110110111000111111111
10101111101100111000011001111111111
10101111110100111001111010111111111
10101111111000111011011011111111111
10110000000000111100111100011111111
10110000001000111110011100111111111
10110000001000001111010000111111111
10110000000000010000110001011111111
10101111111000010010010010011111111
10101111110100010011110010111111111
10101111101100010101010011111111111
10101111101000010110110100111111111
10101111100100011000010110011111111
10101111100000011001110111111111111
10101111011100011011011001011111111
10101111011000011100111010111111111
10101111010100011110011100011111111
10101111010000011111111110011111111
10101111010000100001100000011111111
10101111010000100011000010011111111
10101111001100100100100011111111111
10101111001100100110000101111111111
10101110110100100111101000011111111
10101110110100101001001010011111111
10101110110100101010101100111111111
10101110110100101100001110111111111
10101110111000101101110001011111111
10101110111100101111010011011111111
10101110111100110000110101011111111
10101111000000110010010111011111111
10101111000100110011111001011111111
10101111001000110101011011011111111
10101111001100110110111100111111111
10101111010100111000011110011111111
10101111011000111001111111011111111
10101111100000111011100000111111111
10101111100100111101000001111111111
10101111101100111110100010011111111
10101111101100001111001011011111111
10101111100100010000101100011111111
10101111100000010010001101011111111
10101111011000010011101110011111111
10101111010100010101001111111111111
10101111001100010110110001011111111
10101111001000011000010010111111111
10101111000100011001110100011111111
10101111000000011011010110011111111
10101110111100011100111000011111111
10101110111100011110011010011111111
10101110111000011111111100111111111
10101110110100100001011110111111111
10101110110100100011000001011111111
10101110110100100100100011011111111
10101110110100100110000101111111111
10101110011000100111101000011111111
10101110011000101001001010111111111
10101110011100101010101101111111111
10101110011100101100010000011111111
10101110011100101101110010111111111
10101110100000101111010101011111111
10101110100100110000110111111111111
10101110101000110010011010011111111
10101110101000110011111100011111111
10101110110000110101011110111111111
10101110110100110111000000111111111
10101110111000111000100010011111111
10101111000000111010000100011111111
10101111000100111011100101111111111
10101111001100111101000111011111111
10101111010100111110101000011111111
10101111010100001111000101011111111
10101111001100010000100110111111111
10101111000100010010000111111111111
10101111000000010011101001111111111
10101110111000010101001011011111111
10101110110100010110101101011111111
10101110110000011000001111011111111
10101110101000011001110001011111111
10101110101000011011010011111111111
10101110100100011100110101111111111
10101110100000011110011000011111111
10101110011100011111111010111111111
10101110011100100001011101011111111
10101110011100100011000000011111111
10101110011000100100100010111111111
10101110011000100110000101111111111
