10011000010011011001111100111101111
10011000010011011101110110011101111
10011000010111100001101111011101111
10011000011111100101100111011101111
10011000101011101001011111011101111
10011000110111101101010101111101111
10011001000011110001001011011101111
10011001010111110100111111011101111
10011001010110111011000000111101111
10011001000010111110110100111101111
10011000110111000010101010011101111
10011000101011000110100000111101111
10011000011111001010011000111101111
10011000010111001110010000111101111
10011000010011010010001001111101111
10011000010011010110000011011101111
10010111110111011001111101011101111
10010111111011011101110111111101111
10010111111111100001110010011101111
10011000000111100101101011111101111
10011000001111101001100100111101111
10011000011011101101011100011101111
10011000101011110001010010111101111
10011000111011110101001000011101111
10011000111010111010110111111101111
10011000101010111110101101011101111
10011000011011000010100011111101111
10011000001111000110011011011101111
10011000000111001010010100011101111
10010111111111001110001101111101111
10010111111011010010001000011101111
10010111110111010110000010111101111
10010111011111011001111101111101111
10010111011111011101111001111101111
10010111100011100001110101011101111
10010111101011100101101111111101111
10010111110111101001101010011101111
10011000000011101101100011011101111
10011000001111110001011010111101111
10011000100011110101010001011101111
10011000100010111010101110111101111
10011000001110111110100101011101111
10011000000011000010011100111101111
10010111110111000110010101111101111
10010111101011001010010000011101111
10010111100011001110001010111101111
10010111011111010010000110011101111
10010111011111010110000010011101111
10010111000011011001111110111101111
10010111000111011101111011111101111
10010111001011100001111000011101111
10010111010011100101110100011101111
10010111011011101001101111111101111
10010111100111101101101001111101111
10010111110111110001100010111101111
10011000000111110101011010011101111
10011000000110111010100101111101111
10010111110110111110011101011101111
10010111100111000010010110011101111
10010111011011000110010000011101111
10010111010011001010001011111101111
10010111001011001110000111111101111
10010111000111010010000100011101111
10010111000011010110000001011101111
10010110100111011001111111011101111
10010110101011011101111101011101111
10010110101111100001111011011101111
10010110110111100101111000111101111
10010111000011101001110101011101111
10010111001111101101110000111101111
10010111011011110001101010111101111
10010111101111110101100011011101111
10010111101110111010011100111101111
10010111011010111110010101011101111
10010111001111000010001111011101111
10010111000011000110001010111101111
10010110110111001010000111011101111
10010110101111001110000100111101111
10010110101011010010000010111101111
10010110100111010110000000111101111
10010110001111011001111111111101111
10010110001111011101111111011101111
10010110010111100001111110111101111
10010110011111100101111101011101111
10010110100111101001111010111101111
10010110110011101101110111111101111
10010111000011110001110010111101111
10010111010011110101101100111101111
10010111010010111010010011011101111
10010111000010111110001101011101111
10010110110011000010001000011101111
10010110100111000110000101011101111
10010110011111001010000010111101111
10010110010111001110000001011101111
10010110001111010010000000111101111
10010110001111010110000000011101111
10010101110011011010000000011101111
10010101110111011110000001011101111
10010101111011100010000001111101111
10010110000011100110000001111101111
10010110001111101010000000111101111
10010110011011101101111110011101111
10010110100111110001111011011101111
10010110111011110101110110011101111
10010110111010111010001001111101111
10010110100110111110000100111101111
10010110011011000010000001111101111
10010110001111000101111111011101111
10010110000011001001111110011101111
10010101111011001101111110011101111
10010101110111010001111110111101111
10010101110011010101111111111101111
10010101011011011010000001011101111
10010101011011011110000011011101111
10010101100011100010000100111101111
10010101101011100110000110011101111
10010101110011101010000110011101111
10010101111111101110000101011101111
10010110001111110010000011011101111
10010110011111110101111111111101111
10010110011110111010000000011101111
10010110001110111101111100111101111
10010101111111000001111010111101111
10010101110011000101111001111101111
10010101101011001001111001111101111
10010101100011001101111011011101111
10010101011011010001111100111101111
10010101011011010101111110111101111
10010100111111011010000001111101111
10010101000011011110000101011101111
10010101000111100010001000011101111
10010101001111100110001010111101111
10010101011011101010001100011101111
10010101100111101110001100111101111
10010101110011110010001011111101111
10010110000111110110001001011101111
10010110000110111001110110111101111
10010101110010111101110100011101111
10010101100111000001110011011101111
10010101011011000101110011111101111
10010101001111001001110101011101111
10010101000111001101110111111101111
10010101000011010001111010111101111
10010100111111010101111110011101111
10010100100111011010000010011111111
10010100100111011110000111011111111
10010100101111100010001011111111111
10010100110011100110001111011111111
10010100111111101010010010011101111
10010101001011101110010011111101111
10010101011011110010010100011101111
10010101101011110110010010111101111
10010101101010111001101101011101111
10010101011010111101101011111101111
10010101001011000001101100011101111
10010100111111000101101101111101111
10010100110011001001110000111111111
10010100101111001101110100011111111
10010100100111010001111000111111111
10010100100111010101111101111111111
10010100001011011010000011011111111
10010100001111011110001001011111111
10010100010011100010001110111111111
10010100011011100110010011111111111
10010100100011101010011000011111111
10010100110011101110011010111111111
10010100111111110010011100111101111
10010101010011110110011100111101111
10010101010010111001100011011101111
10010100111110111101100011011101111
10010100110011000001100101011111111
10010100100011000101100111111111111
10010100011011001001101100011111111
10010100010011001101110001011111111
10010100001111010001110110111111111
10010100001011010101111100111111111
10010011110011011010000011111111111
10010011110011011110001011011111111
10010011110111100010010010011111111
10010011111111100110011000111111111
10010100001011101010011110011111111
10010100010111101110100010011111111
10010100100111110010100101011111111
10010100110111110110100110011101111
10010100110110111001011001111101111
10010100100110111101011010111111111
10010100010111000001011101111111111
10010100001011000101100001111111111
10010011111111001001100111011111111
10010011110111001101101101111111111
10010011110011010001110100111111111
10010011110011010101111100011111111
10010011010111011010000100011111111
10010011011011011110001101011111111
10010011011111100010010101111111111
10010011100111100110011101011111111
10010011101111101010100100011111111
10010011111111101110101001111111111
10010100001011110010101101111111111
10010100011111110110110000011111111
10010100011110111001001111111111111
10010100001010111101010010011111111
10010011111111000001010110011111111
10010011101111000101011011111111111
10010011100111001001100010111111111
10010011011111001101101010011111111
10010011011011010001110010111111111
10010011010111010101111011111111111
10010010111011011010000101011111111
10010010111111011110001111011111111
10010011000011100010011001011111111
10010011001011100110100010011111111
10010011010111101010101010011111111
10010011100011101110110001011111111
10010011110011110010110110111111111
10010100000011110110111010011111111
10010100000010111001000101111111111
10010011110010111101001001011111111
10010011100011000001001110111111111
10010011010111000101010101111111111
10010011001011001001011101111111111
10010011000011001101100110111111111
10010010111111010001110000111111111
10010010111011010101111010111111111
10010010100011011010000101111111111
10010010100111011110010001011111111
10010010101011100010011100111111111
10010010110011100110100110111111111
10010010111011101010110000011111111
10010011001011101110111000111111111
10010011011011110010111111011111111
10010011101011110111000100111111111
10010011101010111000111011011111111
10010011011010111101000000111111111
10010011001011000001000111011111111
10010010111011000101001111111111111
10010010110011001001011001011111111
10010010101011001101100011011111111
10010010100111010001101110111111111
10010010100011010101111010011111111
10010010000111011010000110111111111
10010010001011011110010011111111111
10010010001111100010100000011111111
10010010010111100110101011111111111
10010010100011101010110110111111111
10010010101111101111000000011111111
10010010111111110011001000011111111
10010011010011110111001110111111111
10010011010010111000110001011111111
10010010111110111100110111111111111
10010010101111000000111111111111111
10010010100011000101001001011111111
10010010010111001001010100011111111
10010010001111001101011111111111111
10010010001011010001101100011111111
10010010000111010101111001011111111
10011110110111011001110011111101111
10011110110111011101011010111101111
10011110111011100001000010011101111
10011111000011100100101000111101111
10011111001011101000001110111101111
10011111010111101011110011111101111
10011111100011101111010111111101110
10011111110011110010111011011101110
10011111110010111101000100111101110
10011111100011000000101000011101110
10011111010111000100001100011101111
10011111001011000111110001011101111
10011111000011001011010111011101111
10011110111011001110111101111101111
10011110110111010010100101011101111
10011110110111010110001100011101111
10011110011011011001110100011101111
10011110011111011101011100111101111
10011110100011100001000100111101111
10011110100111100100101100011101111
10011110110011101000010011011101111
10011110111011101011111001011101111
10011111001011101111011110111101111
10011111011011110011000010111101110
10011111011010111100111101011101110
10011111001011000000100001011101111
10011110111011000100000110111101111
10011110110011000111101100111101111
10011110100111001011010011111101111
10011110100011001110111011011101111
10011110011111010010100011011101111
10011110011011010110001011111101111
10011101111111011001110100111101111
10011110000011011101011110011101111
10011110000111100001000111011101111
10011110001111100100101111111101111
10011110010111101000011000011101111
10011110100011101011111111011101111
10011110101111101111100101011101111
10011110111111110011001010011101111
10011110111110111100110101111101111
10011110101111000000011010111101111
10011110100011000100000000111101111
10011110010111000111100111111101111
10011110001111001011010000011101111
10011110000111001110111000111101111
10011110000011010010100001111101111
10011101111111010110001011011101111
10011101100111011001110101011101111
10011101100111011101011111111101111
10011101101111100001001001111101111
10011101110011100100110011111101111
10011101111111101000011100111101111
10011110000111101100000101011101111
10011110010111101111101100011101111
10011110100111110011010010011101111
10011110100110111100101101111101111
10011110010111000000010011111101111
10011110000111000011111010111101111
10011101111111000111100011011101111
10011101110011001011001100011101111
10011101101111001110110110011101111
10011101100111010010100000011101111
10011101100111010110001010111101111
10011101001011011001110101111101111
10011101001111011101100001011101111
10011101010011100001001100111101111
10011101011011100100110111011101111
10011101100011101000100001111101111
10011101101111101100001010111101111
10011101111011101111110011011101111
10011110001011110011011010011101111
10011110001010111100100101111101111
10011101111011000000001100111101111
10011101101111000011110101011101111
10011101100011000111011110011101111
10011101011011001011001000111101111
10011101010011001110110011011101111
10011101001111010010011110111101111
10011101001011010110001010011101111
10011100110011011001110110011101111
10011100110011011101100011011101111
10011100110111100001001111011101111
10011100111111100100111011011101111
10011101001011101000100110011101111
10011101010011101100010000111101111
10011101100011101111111010011101111
10011101110011110011100010011101111
10011101110010111100011101111101111
10011101100011000000000101111101111
10011101010011000011101111011101111
10011101001011000111011001111101111
10011100111111001011000100111101111
10011100110111001110110000111101111
10011100110011010010011100111101111
10011100110011010110001001111101111
10011100010111011001110110111101111
10011100011011011101100100111101111
10011100011111100001010010011101111
10011100100111100100111111011101111
10011100101111101000101011011101111
10011100111011101100010110111101111
10011101000111110000000001011101111
10011101010111110011101010011101111
10011101010110111100010101111101111
10011101000110111111111110111101111
10011100111011000011101001011101111
10011100101111000111010100111101111
10011100100111001011000000111101111
10011100011111001110101101111101111
10011100011011010010011011011101111
10011100010111010110001001011101111
10011011111111011001110111011101111
10011011111111011101100110011101111
10011100000011100001010100111101111
10011100001011100101000010111101111
10011100010011101000110000011101111
10011100011111101100011100111101111
10011100101111110000001000011101111
10011100111111110011110010011101111
10011100111110111100001101111101111
10011100101110111111110111111101111
10011100011111000011100011011101111
10011100010011000111001111111101111
10011100001011001010111101011101111
10011100000011001110101011011101111
10011011111111010010011001111101111
10011011111111010110001000111101111
10011011100011011001111000011101111
10011011100111011101101000011101111
10011011101011100001010111111101111
10011011110011100101000110111101111
10011011111011101000110101011101111
10011100000111101100100010111101111
10011100010011110000001111011101111
10011100100011110011111010111101111
10011100100010111100000101011101111
10011100010010111111110000111101111
10011100000111000011011101011101111
10011011111011000111001010111101111
10011011110011001010111001011101111
10011011101011001110101000011101111
10011011100111010010010111111101111
10011011100011010110000111111101111
10011011001011011001111000111101111
10011011001011011101101001111101111
10011011001111100001011010111101111
10011011010111100101001010111101111
10011011011111101000111010011101111
10011011101011101100101001011101111
10011011111011110000010110111101111
10011100001011110100000010111101111
10011100001010111011111101011101111
10011011111010111111101001011101111
10011011101011000011010110111101111
10011011011111000111000101111101111
10011011010111001010110101011101111
10011011001111001110100101011101111
10011011001011010010010110011101111
10011011001011010110000111011101111
10011010101111011001111001011101111
10011010110011011101101011011101111
10011010110111100001011101011101111
10011010111111100101001110111101111
10011011000111101000111111011101111
10011011010011101100101111011101111
10011011011111110000011101111101111
10011011101111110100001011011101111
10011011101110111011110100111101111
10011011011110111111100010011101111
10011011010011000011010000111101111
10011011000111000111000000111101111
10011010111111001010110001011101111
10011010110111001110100010111101111
10011010110011010010010100111101111
10011010101111010110000110111101111
10011010010011011001111001111101111
10011010010111011101101101011101111
10011010011011100001100000011101111
10011010100011100101010010111101111
10011010101011101001000100111101111
10011010110111101100110101111101111
10011011000111110000100101011101111
10011011010111110100010011111101111
10011011010110111011101100011101111
10011011000110111111011010111101111
10011010110111000011001010011101111
10011010101011000110111011011101111
10011010100011001010101101011101111
10011010011011001110011111111101111
10011010010111010010010010111101111
10011010010011010110000110011101111
10011001111011011001111010011101111
10011001111011011101101110111101111
10011010000011100001100011011101111
10011010000111100101010110111101111
10011010010011101001001001111101111
10011010011111101100111011111101111
10011010101011110000101100111101111
10011010111011110100011100011101111
10011010111010111011100011111101111
10011010101010111111010011011101111
10011010011111000011000100011101111
10011010010011000110110110011101111
10011010000111001010101001011101111
10011010000011001110011100111101111
10011001111011010010010001011101111
10011001111011010110000101111101111
10011001011111011001111010111101111
10011001100011011101110000111101111
10011001100111100001100110011101111
10011001101111100101011010111101111
10011001110111101001001111011101111
10011010000011101101000010011101111
10011010010011110000110100011101111
10011010100011110100100100111101111
10011010100010111011011011011101111
10011010010010111111001011111101111
10011010000011000010111101111101111
10011001110111000110110000111101111
10011001101111001010100101011101111
10011001100111001110011001111101111
10011001100011010010001111011101111
10011001011111010110000101011101111
10011001000111011001111011111101111
10011001000111011101110010011101111
10011001001111100001101001011101111
10011001010011100101011111011101111
10011001011111101001010100011101111
10011001101011101101001000111101111
10011001110111110000111011111101111
10011010001011110100101101111101111
10011010001010111011010010011101111
10011001110110111111000100011101111
10011001101011000010110111011101111
10011001011111000110101011111101111
10011001010011001010100000111101111
10011001001111001110010110111101111
10011001000111010010001101111101111
10011001000111010110000100011101111
10011000101011011001111100011101111
10011000101111011101110100011101111
10011000110011100001101011111101111
10011000111011100101100011011101111
10011001000011101001011001111101111
10011001001111101101001111011101111
10011001011111110001000011011101111
10011001101111110100110110011101111
10011001101110111011001001111101111
10011001011110111110111100111101111
10011001001111000010110000111101111
10011001000011000110100110011101111
10011000111011001010011100111101111
10011000110011001110010100011101111
10011000101111010010001011111101111
10011000101011010110000011111101111
