10011011100011011000111100011101111
10011011100011011010110100011101111
10011011100011011100101100011101111
10011011100111011110100011111101111
10011011101011100000011011111101111
10011011101011100010010011111101111
10011011101111100100001011011101111
10011011110011100110000010111101111
10011011110111100111111001111101111
10011011111111101001110000111101111
10011100000011101011100111111101111
10011100001011101101011110011101111
10011100001111101111010100011101111
10011100010111110001001010011101111
10011100011111110010111111111101111
10011100100111110100110101011101111
10011100100110111011001010111101111
10011100011110111101000000011101111
10011100010110111110110101111101111
10011100001111000000101011111101111
10011100001011000010100001111101111
10011100000011000100011000011101111
10011011111111000110001111011101111
10011011110111001000000110011101111
10011011110011001001111101011101111
10011011101111001011110100111101111
10011011101011001101101100011101111
10011011101011001111100100011101111
10011011100111010001011100011101111
10011011100011010011010011111101111
10011011100011010101001011111101111
10011011100011010111000011111101111
10011011000111011000111100011101111
10011011001011011010110100111101111
10011011001011011100101101011101111
10011011001011011110100101111101111
10011011001111100000011110011101111
10011011010011100010010110111101111
10011011010111100100001110111101111
10011011011011100110000110111101111
10011011011111100111111110111101111
10011011100011101001110110011101111
10011011101011101011101101011101111
10011011101111101101100100111101111
10011011110111101111011011011101111
10011011111111110001010001111101111
10011100000111110011001000011101111
10011100001111110100111101111101111
10011100001110111011000010011101111
10011100000110111100110111111101111
10011011111110111110101110011101111
10011011110111000000100100111101111
10011011101111000010011011011101111
10011011101011000100010010111101111
10011011100011000110001001111101111
10011011011111001000000001011101111
10011011011011001001111001011101111
10011011010111001011110001011101111
10011011010011001101101001011101111
10011011001111001111100001111101111
10011011001011010001011010011101111
10011011001011010011010010111101111
10011011001011010101001011011101111
10011011000111010111000011111101111
10011010101111011000111100111101111
10011010101111011010110101111101111
10011010101111011100101110111101111
10011010110011011110100111111101111
10011010110011100000100000111101111
10011010110111100010011001111101111
10011010111011100100010010011101111
10011010111111100110001011011101111
10011011000011101000000011011101111
10011011001011101001111011111101111
10011011001111101011110011011101111
10011011010111101101101011011101111
10011011011011101111100010011101111
10011011100011110001011001011101111
10011011101011110011010000011101111
10011011110111110101000110011101111
10011011110110111010111001111101111
10011011101010111100101111111101111
10011011100010111110100110111101111
10011011011011000000011101111101111
10011011010111000010010100111101111
10011011001111000100001100111101111
10011011001011000110000100011101111
10011011000011000111111100111101111
10011010111111001001110100111101111
10011010111011001011101101111101111
10011010110111001101100110011101111
10011010110011001111011111011101111
10011010110011010001011000011101111
10011010101111010011010001011101111
10011010101111010101001010011101111
10011010101111010111000011011101111
10011010010011011000111100111101111
10011010010111011010110110111101111
10011010010111011100110000011101111
10011010010111011110101001111101111
10011010011011100000100011011101111
10011010011111100010011100111101111
10011010011111100100010110011101111
10011010100111100110001111011101111
10011010101011101000001000011101111
10011010101111101010000000111101111
10011010110111101011111001011101111
10011010111011101101110001111101111
10011011000011101111101001011101111
10011011001011110001100001011101111
10011011010011110011011000011101111
10011011011011110101001111011101111
10011011011010111010110000111101111
10011011010010111100100111111101111
10011011001010111110011110111101111
10011011000011000000010110111101111
10011010111011000010001110011101111
10011010110111000100000110111101111
10011010101111000101111111011101111
10011010101011000111110111111101111
10011010100111001001110000111101111
10011010011111001011101001111101111
10011010011111001101100011011101111
10011010011011001111011100111101111
10011010010111010001010110011101111
10011010010111010011001111111101111
10011010010111010101001001011101111
10011010010011010111000011011101111
10011001111011011000111101011101111
10011001111011011010110111011101111
10011001111011011100110001111101111
10011001111111011110101011111101111
10011001111111100000100110011101111
10011010000011100010100000011101111
10011010000111100100011001111101111
10011010001011100110010011111101111
10011010001111101000001101011101111
10011010010111101010000110011101111
10011010011011101011111111011101111
10011010100011101101111000011101111
10011010100111101111110000111101111
10011010101111110001101000111101111
10011010110111110011100000111101111
10011011000011110101010111111101111
10011011000010111010101000011101111
10011010110110111100011111011101111
10011010101110111110010111011101111
10011010100111000000001111011101111
10011010100011000010000111111101111
10011010011011000100000000111101111
10011010010111000101111001111101111
10011010001111000111110010111101111
10011010001011001001101100011101111
10011010000111001011100110011101111
10011010000011001101011111111101111
10011001111111001111011001111101111
10011001111111010001010100011101111
10011001111011010011001110011101111
10011001111011010101001000111101111
10011001111011010111000010111101111
10011001011111011000111101011101111
10011001011111011010111000011101111
10011001100011011100110011011101111
10011001100011011110101110011101111
10011001100111100000101000111101111
10011001101011100010100011011101111
10011001101011100100011101111101111
10011001101111100110011000011101111
10011001110111101000010010011101111
10011001111011101010001011111101111
10011001111111101100000101111101111
10011010000111101101111110111101111
10011010001111101111110111111101111
10011010010111110001110000111101111
10011010011111110011101000111101111
10011010100111110101100000111101111
10011010100110111010011111011101111
10011010011110111100010111011101111
10011010010110111110001111011101111
10011010001111000000001000011101111
10011010000111000010000001011101111
10011001111111000011111010011101111
10011001111011000101110100011101111
10011001110111000111101101111101111
10011001101111001001100111111101111
10011001101011001011100010011101111
10011001101011001101011100111101111
10011001100111001111010111011101111
10011001100011010001010001111101111
10011001100011010011001100111101111
10011001011111010101000111111101111
10011001011111010111000010111101111
10011001000111011000111101111101111
10011001000111011010111001011101111
10011001000111011100110100111101111
10011001001011011110110000011101111
10011001001011100000101011011101111
10011001001111100010100110111101111
10011001010011100100100001111101111
10011001010111100110011100011101111
10011001011011101000010111011101111
10011001011111101010010001111101111
10011001100111101100001011111101111
10011001101111101110000101111101111
10011001110011101111111111011101111
10011001111011110001111000011101111
10011010000011110011110001011101111
10011010001111110101101001111101111
10011010001110111010010110011101111
10011010000010111100001110111101111
10011001111010111110000111111101111
10011001110011000000000000111101111
10011001101111000001111010011101111
10011001100111000011110100011101111
10011001011111000101101110011101111
10011001011011000111101000111101111
10011001010111001001100011111101111
10011001010011001011011110011101111
10011001001111001101011001011101111
10011001001011001111010100111101111
10011001001011010001001111111101111
10011001000111010011001011011101111
10011001000111010101000110111101111
10011001000111010111000010011101111
10011000101011011000111110011101111
10011000101011011010111010011101111
10011000101111011100110110011101111
10011000101111011110110010011101111
10011000110011100000101110011101111
10011000110011100010101001111101111
10011000110111100100100101011101111
10011000111011100110100000111101111
10011001000011101000011100011101111
10011001000111101010010111011101111
10011001001011101100010001111101111
10011001010011101110001100011101111
10011001011011110000000110011101111
10011001100011110010000000011101111
10011001101011110011111001111101111
10011001110011110101110010111101111
10011001110010111010001101011101111
10011001101010111100000110011101111
10011001100010111101111111111101111
10011001011010111111111001111101111
10011001010011000001110011111101111
10011001001011000011101110011101111
10011001000111000101101000111101111
10011001000011000111100011111101111
10011000111011001001011111011101111
10011000110111001011011010111101111
10011000110011001101010110011101111
10011000110011001111010001111101111
10011000101111010001001101111101111
10011000101111010011001001111101111
10011000101011010101000101111101111
10011000101011010111000001111101111
10011110110011011000111001111101111
10011110110111011010101101111101111
10011110110111011100100001011101111
10011110110111011110010100111101111
10011110111011100000001000011101111
10011110111111100001111011111101111
10011110111111100011101111011101111
10011111000011100101100010011101111
10011111001011100111010101011101111
10011111001111101001000111111101111
10011111010011101010111010111101111
10011111011011101100101100111101110
10011111011111101110011110111101110
10011111100111110000010000111101110
10011111101111110010000010011101110
10011111110111110011110011111101110
10011111110110111100001100011101110
10011111101110111101111101111101110
10011111100110111111101111011101110
10011111011111000001100001011101110
10011111011011000011010011011101110
10011111010011000101000101011101111
10011111001111000110111000011101111
10011111001011001000101010111101111
10011111000011001010011101111101111
10011110111111001100010000111101111
10011110111111001110000100011101111
10011110111011001111110111111101111
10011110110111010001101011011101111
10011110110111010011011110111101111
10011110110111010101010010011101111
10011110110011010111000110011101111
10011110011011011000111010011101111
10011110011011011010101110011101111
10011110011011011100100010111101111
10011110011111011110010110111101111
10011110011111100000001010111101111
10011110100011100001111110111101111
10011110100111100011110010011101111
10011110101011100101100110011101111
10011110101111100111011001111101111
10011110110011101001001100111101111
10011110111011101010111111111101111
10011110111111101100110010111101111
10011111000111101110100101011101111
10011111001111110000010111111101111
10011111010111110010001001111101111
10011111011111110011111011111101110
10011111011110111100000100011101110
10011111010110111101110110011101111
10011111001110111111101000011101111
10011111000111000001011010111101111
10011110111111000011001101011101111
10011110111011000101000000011101111
10011110110011000110110011011101111
10011110101111001000100110011101111
10011110101011001010011001111101111
10011110100111001100001101111101111
10011110100011001110000001011101111
10011110011111001111110101011101111
10011110011111010001101001011101111
10011110011011010011011101011101111
10011110011011010101010001111101111
10011110011011010111000101111101111
10011101111111011000111010011101111
10011110000011011010101111011101111
10011110000011011100100011111101111
10011110000011011110011000011101111
10011110000111100000001101011101111
10011110001011100010000001111101111
10011110001011100011110101111101111
10011110001111100101101010011101111
10011110010011100111011110011101111
10011110011011101001010001111101111
10011110011111101011000101011101111
10011110100111101100111000111101111
10011110101011101110101011111101111
10011110110011110000011110111101111
10011110111011110010010001011101111
10011111000011110100000011111101111
10011111000010111011111100011101111
10011110111010111101101110111101111
10011110110010111111100001011101111
10011110101011000001010100011101111
10011110100111000011000111011101111
10011110011111000100111010111101111
10011110011011000110101110011101111
10011110010011001000100001111101111
10011110001111001010010101111101111
10011110001011001100001010011101111
10011110001011001101111110011101111
10011110000111001111110010111101111
10011110000011010001100111111101111
10011110000011010011011100011101111
10011110000011010101010000111101111
10011101111111010111000101111101111
10011101100111011000111010111101111
10011101100111011010101111111101111
10011101100111011100100101011101111
10011101101011011110011010011101111
10011101101011100000001111011101111
10011101101111100010000100011101111
10011101110011100011111001011101111
10011101110111100101101110011101111
10011101111011100111100010111101111
10011101111111101001010110111101111
10011110000111101011001011011101111
10011110001011101100111110111101111
10011110010011101110110010111101111
10011110011011110000100101111101111
10011110100011110010011000111101111
10011110101011110100001011111101111
10011110101010111011110100011101111
10011110100010111101100111011101111
10011110011010111111011010011101111
10011110010011000001001101011101111
10011110001011000011000001011101111
10011110000111000100110100111101111
10011101111111000110101001011101111
10011101111011001000011101011101111
10011101110111001010010001111101111
10011101110011001100000110111101111
10011101101111001101111011111101111
10011101101011001111110000111101111
10011101101011010001100101111101111
10011101100111010011011010111101111
10011101100111010101010000011101111
10011101100111010111000101011101111
10011101001011011000111010111101111
10011101001011011010110000111101111
10011101001111011100100110111101111
10011101001111011110011100011101111
10011101010011100000010001111101111
10011101010011100010000111011101111
10011101010111100011111100111101111
10011101011011100101110010011101111
10011101011111100111100111011101111
10011101100111101001011100011101111
10011101101011101011010000111101111
10011101110011101101000101011101111
10011101110111101110111001011101111
10011101111111110000101101011101111
10011110000111110010100000111101111
10011110001111110100010011111101111
10011110001110111011101100011101111
10011110000110111101011111011101111
10011101111110111111010010111101111
10011101110111000001000110111101111
10011101110011000010111010111101111
10011101101011000100101111011101111
10011101100111000110100011111101111
10011101011111001000011000111101111
10011101011011001010001101111101111
10011101010111001100000011011101111
10011101010011001101111000111101111
10011101010011001111101110011101111
10011101001111010001100011111101111
10011101001111010011011001011101111
10011101001011010101001111011101111
10011101001011010111000101011101111
10011100110011011000111011011101111
10011100110011011010110001111101111
10011100110011011100100111111101111
10011100110111011110011110011101111
10011100110111100000010100011101111
10011100111011100010001010011101111
10011100111111100100000000011101111
10011101000011100101110110011101111
10011101000111100111101011111101111
10011101001011101001100001011101111
10011101010011101011010110011101111
10011101010111101101001011011101111
10011101011111101110111111111101111
10011101100111110000110100011101111
10011101101111110010101000011101111
10011101110111110100011100011101111
10011101110110111011100011111101111
10011101101110111101010111111101111
10011101100110111111001011111101111
10011101011111000001000000011101111
10011101010111000010110100111101111
10011101010011000100101001111101111
10011101001011000110011110111101111
10011101000111001000010100011101111
10011101000011001010001001111101111
10011100111111001011111111111101111
10011100111011001101110101111101111
10011100110111001111101011111101111
10011100110111010001100001111101111
10011100110011010011011000011101111
10011100110011010101001110011101111
10011100110011010111000100111101111
10011100010111011000111011011101111
10011100010111011010110010011101111
10011100011011011100101001011101111
10011100011011011110100000011101111
10011100011111100000010110111101111
10011100011111100010001101011101111
10011100100011100100000011111101111
10011100100111100101111010011101111
10011100101011100111110000011101111
10011100110011101001100110011101111
10011100110111101011011100011101111
10011100111111101101010001011101111
10011101000011101111000110111101111
10011101001011110000111011111101111
10011101010011110010110000011101111
10011101011011110100100100011101111
10011101011010111011011011111101111
10011101010010111101001111111101111
10011101001010111111000100011101111
10011101000011000000111001011101111
10011100111111000010101110111101111
10011100110111000100100011111101111
10011100110011000110011001111101111
10011100101011001000001111111101111
10011100100111001010000101111101111
10011100100011001011111100011101111
10011100011111001101110010111101111
10011100011111001111101001011101111
10011100011011010001011111111101111
10011100011011010011010110111101111
10011100010111010101001101111101111
10011100010111010111000100111101111
10011011111111011000111011111101111
10011011111111011010110011011101111
10011011111111011100101010111101111
10011011111111011110100010011101111
10011100000011100000011001011101111
10011100000111100010010000011101111
10011100001011100100000111011101111
10011100001111100101111110011101111
10011100010011100111110101011101111
10011100010111101001101011111101111
10011100011111101011100001111101111
10011100100011101101010111111101111
10011100101011101111001101111101111
10011100110011110001000010111101111
10011100111011110010111000011101111
10011101000011110100101100111101111
10011101000010111011010011011101111
10011100111010111101000111111101111
10011100110010111110111101011101111
10011100101011000000110010011101111
10011100100011000010101000011101111
10011100011111000100011110011101111
10011100010111000110010100011101111
10011100010011001000001010111101111
10011100001111001010000001111101111
10011100001011001011111000111101111
10011100000111001101101111111101111
10011100000011001111100110111101111
10011011111111010001011101111101111
10011011111111010011010101011101111
10011011111111010101001100111101111
10011011111111010111000100011101111
