10010100111111011001000000111101111
10010100111111011011000010111101111
10010101000011011101000100011101111
10010101000011011111000101111101111
10010101000111100001000111111101111
10010101001011100011001000111101111
10010101001011100101001010011101111
10010101010011100111001011011101111
10010101010111101001001011111101111
10010101011011101011001100011101111
10010101100011101101001100111101111
10010101101011101111001100011101111
10010101101111110001001100011101111
10010101110111110011001011011101111
10010110000011110101001001111101111
10010110001011110111001000011101111
10010110001010111000110111111101111
10010110000010111010110110011101111
10010101110110111100110100111101111
10010101101110111110110011111101111
10010101101011000000110011111101111
10010101100011000010110011011101111
10010101011011000100110011111101111
10010101010111000110110100011101111
10010101010011001000110100111101111
10010101001011001010110101111101111
10010101001011001100110111011101111
10010101000111001110111000011101111
10010101000011010000111010011101111
10010101000011010010111011111101111
10010100111111010100111101011101111
10010100111111010110111111011101111
10010100100111011001000001011111111
10010100100111011011000011111111111
10010100100111011101000110011111111
10010100101011011111001000011111111
10010100101011100001001010011111111
10010100101111100011001100111111111
10010100110011100101001110011111111
10010100110111100111010000011111111
10010100111011101001010001011101111
10010101000011101011010010111101111
10010101000111101101010011011101111
10010101001111101111010011111101111
10010101010111110001010100011101111
10010101011111110011010011111101111
10010101100111110101010011011101111
10010101110011110111010010011101111
10010101110010111000101101111101111
10010101100110111010101100111101111
10010101011110111100101100011101111
10010101010110111110101011111101111
10010101001111000000101100011101111
10010101000111000010101100111101111
10010101000011000100101101011101111
10010100111011000110101110111101111
10010100110111001000101111111111111
10010100110011001010110001111111111
10010100101111001100110011011111111
10010100101011001110110101111111111
10010100101011010000110111111111111
10010100100111010010111001111111111
10010100100111010100111100011111111
10010100100111010110111110111111111
10010100001011011001000001111111111
10010100001011011011000100111111111
10010100001111011101000111111111111
10010100001111011111001010111111111
10010100010011100001001101011111111
10010100010011100011010000011111111
10010100010111100101010010111111111
10010100011111100111010101011111111
10010100100011101001010111011111111
10010100100111101011011000111111111
10010100101111101101011010011111111
10010100110111101111011011111111111
10010100111011110001011100011101111
10010101000011110011011100111101111
10010101001111110101011100111101111
10010101010111110111011100011101111
10010101010110111000100011111101111
10010101001110111010100011011101111
10010101000010111100100011011101111
10010100111010111110100011111101111
10010100110111000000100100011111111
10010100101111000010100101111111111
10010100100111000100100111011111111
10010100100011000110101000111111111
10010100011111001000101010111111111
10010100010111001010101101011111111
10010100010011001100101111111111111
10010100010011001110110010111111111
10010100001111010000110101011111111
10010100001111010010111000011111111
10010100001011010100111011011111111
10010100001011010110111110011111111
10010011101111011001000001111111111
10010011110011011011000101111111111
10010011110011011101001001011111111
10010011110011011111001101011111111
10010011110111100001010000111111111
10010011111011100011010011111111111
10010011111111100101010111011111111
10010100000011100111011010011111111
10010100000111101001011100111111111
10010100001111101011011111011111111
10010100010011101101100001011111111
10010100011011101111100011011111111
10010100100011110001100100111111111
10010100101011110011100101111111111
10010100110011110101100110011111111
10010100111111110111100110011101111
10010100111110111000011001111101111
10010100110010111010011001111111111
10010100101010111100011010011111111
10010100100010111110011011011111111
10010100011011000000011100111111111
10010100010011000010011110111111111
10010100001111000100100000111111111
10010100000111000110100011011111111
10010100000011001000100101111111111
10010011111111001010101000111111111
10010011111011001100101100011111111
10010011110111001110101111011111111
10010011110011010000110010111111111
10010011110011010010110110111111111
10010011110011010100111010011111111
10010011101111010110111110011111111
10010011010111011001000010011111111
10010011010111011011000110111111111
10010011010111011101001011011111111
10010011011011011111001111011111111
10010011011111100001010011111111111
10010011011111100011010111111111111
10010011100011100101011011011111111
10010011100111100111011111011111111
10010011101111101001100010111111111
10010011110011101011100101111111111
10010011111011101101101000011111111
10010100000011101111101010111111111
10010100000111110001101100111111111
10010100010011110011101110111111111
10010100011011110101101111111111111
10010100100011110111110000111111111
10010100100010111000001111011111111
10010100011010111010010000011111111
10010100010010111100010001011111111
10010100000110111110010011011111111
10010100000011000000010101011111111
10010011111011000010010111111111111
10010011110011000100011010011111111
10010011101111000110011101011111111
10010011100111001000100000111111111
10010011100011001010100100111111111
10010011011111001100101000011111111
10010011011111001110101100011111111
10010011011011010000110000111111111
10010011010111010010110100111111111
10010011010111010100111001011111111
10010011010111010110111101111111111
10010010111011011001000010111111111
10010010111111011011000111111111111
10010010111111011101001100111111111
10010010111111011111010001111111111
10010011000011100001010110111111111
10010011000111100011011011011111111
10010011001011100101011111111111111
10010011001111100111100100011111111
10010011010011101001101000011111111
10010011011011101011101100011111111
10010011011111101101101111111111111
10010011100111101111110010111111111
10010011101111110001110101011111111
10010011110111110011110111111111111
10010011111111110101111001111111111
10010100001011110111111010111111111
10010100001010111000000101011111111
10010011111110111010000110011111111
10010011110110111100001000011111111
10010011101110111110001010111111111
10010011100111000000001101011111111
10010011011111000010010000011111111
10010011011011000100010011111111111
10010011010011000110010111111111111
10010011001111001000011011111111111
10010011001011001010100000011111111
10010011000111001100100100111111111
10010011000011001110101001011111111
10010010111111010000101110011111111
10010010111111010010110011011111111
10010010111111010100111000011111111
10010010111011010110111101011111111
10010010100011011001000010111111111
10010010100011011011001000111111111
10010010100011011101001110111111111
10010010100111011111010100011111111
10010010100111100001011001111111111
10010010101011100011011111011111111
10010010101111100101100100011111111
10010010110011100111101001011111111
10010010111011101001101110011111111
10010010111111101011110010111111111
10010011000111101101110110111111111
10010011001111101111111010111111111
10010011010011110001111101111111111
10010011011111110100000000111111111
10010011100111110110000011011111111
10010011101111111000000101011111111
10010011101110110111111010111111111
10010011100110111001111100111111111
10010011011110111011111111011111111
10010011010010111110000010011111111
10010011001111000000000101011111111
10010011000111000010001001011111111
10010010111111000100001101011111111
10010010111011000110010001111111111
10010010110011001000010110111111111
10010010101111001010011011111111111
10010010101011001100100000111111111
10010010100111001110100110011111111
10010010100111010000101011111111111
10010010100011010010110001011111111
10010010100011010100110111011111111
10010010100011010110111101011111111
10010010000111011001000011011111111
10010010000111011011001001111111111
10010010001011011101010000011111111
10010010001011011111010110111111111
10010010001111100001011100111111111
10010010010011100011100011011111111
10010010010111100101101000111111111
10010010011011100111101110111111111
10010010011111101001110100011111111
10010010100111101011111001011111111
10010010101011101101111110011111111
10010010110011110000000010011111111
10010010111011110010000110111111111
10010011000011110100001010011111111
10010011001011110110001101011111111
10010011010111111000010000011111111
10010011010110110111101111111111111
10010011001010111001110010111111111
10010011000010111011110101111111111
10010010111010111101111001011111111
10010010110010111111111101111111111
10010010101011000010000001111111111
10010010100111000100000110111111111
10010010011111000110001011111111111
10010010011011001000010001011111111
10010010010111001010010111011111111
10010010010011001100011100111111111
10010010001111001110100011011111111
10010010001011010000101001011111111
10010010001011010010101111111111111
10010010000111010100110110011111111
10010010000111010110111100111111111
10011000010011011000111110011101111
10011000010011011010111011011101111
10011000010011011100110111111101111
10011000010111011110110100011101111
10011000010111100000110000111101111
10011000011011100010101101011101111
10011000011111100100101001011101111
10011000100011100110100101011101111
10011000100111101000100001011101111
10011000101011101010011100111101111
10011000110011101100011000011101111
10011000111011101110010011011101111
10011000111111110000001101111101111
10011001000111110010001000011101111
10011001001111110100000010011101111
10011001011011110101111011111101111
10011001011010111010000100011101111
10011001001110111011111101111101111
10011001000110111101110111111101111
10011000111110111111110010011101111
10011000111011000001101100111101111
10011000110011000011100111111101111
10011000101011000101100011011101111
10011000100111000111011110111101111
10011000100011001001011010111101111
10011000011111001011010110111101111
10011000011011001101010010111101111
10011000010111001111001111011101111
10011000010111010001001011111101111
10011000010011010011001000011101111
10011000010011010101000100111101111
10011000010011010111000001111101111
10010111110111011000111110111101111
10010111110111011010111011111101111
10010111110111011100111001011101111
10010111111011011110110110011101111
10010111111111100000110011111101111
10010111111111100010110000111101111
10011000000011100100101101011101111
10011000000111100110101001111101111
10011000001111101000100110011101111
10011000010011101010100010111101111
10011000010111101100011110011101111
10011000011111101110011010011101111
10011000100111110000010101011101111
10011000101111110010010000011101111
10011000110111110100001010111101111
10011000111111110110000101011101111
10011000111110111001111010111101111
10011000110110111011110101011101111
10011000101110111101101111111101111
10011000100110111111101010111101111
10011000011111000001100101111101111
10011000010111000011100001111101111
10011000010011000101011101011101111
10011000001111000111011001111101111
10011000000111001001010110011101111
10011000000011001011010010111101111
10010111111111001101001111011101111
10010111111111001111001100011101111
10010111111011010001001001111101111
10010111110111010011000110111101111
10010111110111010101000100011101111
10010111110111010111000001011101111
10010111011011011000111110111101111
10010111011111011010111100111101111
10010111011111011100111010111101111
10010111011111011110111000111101111
10010111100011100000110110011101111
10010111100111100010110011111101111
10010111101011100100110001011101111
10010111101111100110101110111101111
10010111110011101000101011111101111
10010111110111101010101000011101111
10010111111111101100100100111101111
10011000000111101110100001011101111
10011000001011110000011100111101111
10011000010011110010011000111101111
10011000011111110100010011111101111
10011000100111110110001110011101111
10011000100110111001110001111101111
10011000011110111011101100011101111
10011000010010111101100111011101111
10011000001010111111100011011101111
10011000000111000001011110111101111
10010111111111000011011011011101111
10010111110111000101010111111101111
10010111110011000111010100011101111
10010111101111001001010001011101111
10010111101011001011001110111101111
10010111100111001101001100011101111
10010111100011001111001001111101111
10010111011111010001000111011101111
10010111011111010011000101011101111
10010111011111010101000011011101111
10010111011011010111000001011101111
10010111000011011000111111011101111
10010111000011011010111101111101111
10010111000011011100111100011101111
10010111000111011110111010111101111
10010111000111100000111001011101111
10010111001011100010110111011101111
10010111001111100100110101011101111
10010111010011100110110011011101111
10010111010111101000110000111101111
10010111011111101010101110011101111
10010111100011101100101011011101111
10010111101011101110101000011101111
10010111110011110000100100111101111
10010111111011110010100000111101111
10011000000011110100011100111101111
10011000001011110110010111111101111
10011000001010111001101000011101111
10011000000010111011100011011101111
10010111111010111101011111011101111
10010111110010111111011011011101111
10010111101011000001010111111101111
10010111100011000011010100111101111
10010111011111000101010001111101111
10010111010111000111001111011101111
10010111010011001001001100111101111
10010111001111001011001010111101111
10010111001011001101001000111101111
10010111000111001111000110111101111
10010111000111010001000101011101111
10010111000011010011000011111101111
10010111000011010101000010011101111
10010111000011010111000000111101111
10010110100111011000111111111101111
10010110101011011010111110111101111
10010110101011011100111101111101111
10010110101011011110111100111101111
10010110101111100000111011111101111
10010110110011100010111010111101111
10010110110111100100111001011101111
10010110111011100110110111111101111
10010110111111101000110110011101111
10010111000011101010110100011101111
10010111001011101100110001111101111
10010111010011101110101111011101111
10010111010111110000101100011101111
10010111011111110010101001011101111
10010111101011110100100101011101111
10010111110011110110100001011101111
10010111110010111001011110111101111
10010111101010111011011010111101111
10010111011110111101010110111101111
10010111010110111111010011111101111
10010111010011000001010000111101111
10010111001011000011001110011101111
10010111000011000101001011111101111
10010110111111000111001001111101111
10010110111011001001001000011101111
10010110110111001011000110111101111
10010110110011001101000101011101111
10010110101111001111000100011101111
10010110101011010001000011011101111
10010110101011010011000010011101111
10010110101011010101000001011101111
10010110100111010111000000011101111
10010110001111011000111111111101111
10010110001111011010111111111101111
10010110001111011100111111111101111
10010110010011011110111111011101111
10010110010011100000111110111101111
10010110010111100010111110011101111
10010110011011100100111101111101111
10010110011111100110111100111101111
10010110100011101000111011111101111
10010110101011101010111010011101111
10010110101111101100111000011101111
10010110110111101110110110011101111
10010110111111110000110100011101111
10010111000111110010110001011101111
10010111001111110100101110011101111
10010111010111110110101010111101111
10010111010110111001010101011101111
10010111001110111011010001111101111
10010111000110111101001110111101111
10010110111110111111001011111101111
10010110110111000001001001111101111
10010110101111000011000111111101111
10010110101011000101000101111101111
10010110100011000111000100011101111
10010110011111001001000011011101111
10010110011011001011000010011101111
10010110010111001101000001111101111
10010110010011001111000001011101111
10010110010011010001000000111101111
10010110001111010011000000011101111
10010110001111010101000000011101111
10010110001111010111000000011101111
10010101110011011001000000011101111
10010101110011011011000000111101111
10010101110111011101000001011101111
10010101110111011111000001011101111
10010101111011100001000001111101111
10010101111111100011000001111101111
10010110000011100101000001111101111
10010110000111100111000001011101111
10010110001011101001000000111101111
10010110001111101011000000011101111
10010110010111101100111111011101111
10010110011111101110111101111101111
10010110100011110000111100011101111
10010110101011110010111001111101111
10010110110111110100110111011101111
10010110111111110110110100111101111
10010110111110111001001011011101111
10010110110110111011001000111101111
10010110101010111101000110011101111
10010110100010111111000011111101111
10010110011111000001000010011101111
10010110010111000011000000111101111
10010110001111000100111111111101111
10010110001011000110111111011101111
10010110000111001000111110111101111
10010110000011001010111110011101111
10010101111111001100111110011101111
10010101111011001110111110011101111
10010101110111010000111110111101111
10010101110111010010111110111101111
10010101110011010100111111011101111
10010101110011010110111111111101111
10010101011011011001000000111101111
10010101011011011011000001111101111
10010101011011011101000010111101111
10010101011111011111000011111101111
10010101011111100001000100111101111
10010101100011100011000101011101111
10010101100111100101000101111101111
10010101101011100111000110011101111
10010101101111101001000110011101111
10010101110111101011000110011101111
10010101111011101101000101111101111
10010110000011101111000101011101111
10010110001011110001000011111101111
10010110010011110011000010111101111
10010110011011110101000000111101111
10010110100011110110111110011101111
10010110100010111001000001111101111
10010110011010111010111111011101111
10010110010010111100111101011101111
10010110001010111110111100011101111
10010110000011000000111010111101111
10010101111011000010111010011101111
10010101110111000100111001111101111
10010101101111000110111001111101111
10010101101011001000111001111101111
10010101100111001010111010011101111
10010101100011001100111010111101111
10010101011111001110111011011101111
10010101011111010000111100011101111
10010101011011010010111101011101111
10010101011011010100111110011101111
10010101011011010110111111011101111
