10000111111100100010011010101101000
10000111111100100111010000001101000
10001000000100101100000100101101000
10001000001100110000111000001101000
10001000011000110101101010001101000
10001000101000111010011010101101000
10001000111000111111001000001101000
10001001001101000011110011101101000
10001001001111111100001100001101000
10001000111000000000110111101101000
10001000101000000101100101001101000
10001000011000001010010101101101000
10001000001100001111000111101101000
10001000000100010011111011001101000
10000111111100011000101111101101000
10000111111100011101100101001101000
10000111111100100010011010101101000
10000111111100100111010000001101000
10001000000100101100000100101101000
10001000001100110000111000001101000
10001000011000110101101010001101000
10001000101000111010011010101101000
10001000111000111111001000001101000
10001001001101000011110011101101000
10001001001111111100001100001101000
10001000111000000000110111101101000
10001000101000000101100101001101000
10001000011000001010010101101101000
10001000001100001111000111101101000
10001000000100010011111011001101000
10000111111100011000101111101101000
10000111111100011101100101001101000
10000111111100100010011010101101000
10000111111100100111010000001101000
10001000000100101100000100101101000
10001000001100110000111000001101000
10001000011000110101101010001101000
10001000101000111010011010101101000
10001000111000111111001000001101000
10001001001101000011110011101101000
10001001001111111100001100001101000
10001000111000000000110111101101000
10001000101000000101100101001101000
10001000011000001010010101101101000
10001000001100001111000111101101000
10001000000100010011111011001101000
10000111111100011000101111101101000
10000111111100011101100101001101000
10000111111100100010011010101101000
10000111111100100111010000001101000
10001000000100101100000100101101000
10001000001100110000111000001101000
10001000011000110101101010001101000
10001000101000111010011010101101000
10001000111000111111001000001101000
10001001001101000011110011101101000
10001001001111111100001100001101000
10001000111000000000110111101101000
10001000101000000101100101001101000
10001000011000001010010101101101000
10001000001100001111000111101101000
10001000000100010011111011001101000
10000111111100011000101111101101000
10000111111100011101100101001101000
10000111111100100010011010101101000
10000111111100100111010000001101000
10001000000100101100000100101101000
10001000001100110000111000001101000
10001000011000110101101010001101000
10001000101000111010011010101101000
10001000111000111111001000001101000
10001001001101000011110011101101000
10001001001111111100001100001101000
10001000111000000000110111101101000
10001000101000000101100101001101000
10001000011000001010010101101101000
10001000001100001111000111101101000
10001000000100010011111011001101000
10000111111100011000101111101101000
10000111111100011101100101001101000
10000111111100100010011010101101000
10000111111100100111010000001101000
10001000000100101100000100101101000
10001000001100110000111000001101000
10001000011000110101101010001101000
10001000101000111010011010101101000
10001000111000111111001000001101000
10001001001101000011110011101101000
10001001001111111100001100001101000
10001000111000000000110111101101000
10001000101000000101100101001101000
10001000011000001010010101101101000
10001000001100001111000111101101000
10001000000100010011111011001101000
10000111111100011000101111101101000
10000111111100011101100101001101000
10000111111100100010011010101101000
10000111111100100111010000001101000
10001000000100101100000100101101000
10001000001100110000111000001101000
10001000011000110101101010001101000
10001000101000111010011010101101000
10001000111000111111001000001101000
10001001001101000011110011101101000
10001001001111111100001100001101000
10001000111000000000110111101101000
10001000101000000101100101001101000
10001000011000001010010101101101000
10001000001100001111000111101101000
10001000000100010011111011001101000
10000111111100011000101111101101000
10000111111100011101100101001101000
10000111111100100010011010101101000
10000111111100100111010000001101000
10001000000100101100000100101101000
10001000001100110000111000001101000
10001000011000110101101010001101000
10001000101000111010011010101101000
10001000111000111111001000001101000
10001001001101000011110011101101000
10001001001111111100001100001101000
10001000111000000000110111101101000
10001000101000000101100101001101000
10001000011000001010010101101101000
10001000001100001111000111101101000
10001000000100010011111011001101000
10000111111100011000101111101101000
10000111111100011101100101001101000
10000111111100100010011010101101000
10000111111100100111010000001101000
10001000000100101100000100101101000
10001000001100110000111000001101000
10001000011000110101101010001101000
10001000101000111010011010101101000
10001000111000111111001000001101000
10001001001101000011110011101101000
10001001001111111100001100001101000
10001000111000000000110111101101000
10001000101000000101100101001101000
10001000011000001010010101101101000
10001000001100001111000111101101000
10001000000100010011111011001101000
10000111111100011000101111101101000
10000111111100011101100101001101000
10000111111100100010011010101101000
10000111111100100111010000001101000
10001000000100101100000100101101000
10001000001100110000111000001101000
10001000011000110101101010001101000
10001000101000111010011010101101000
10001000111000111111001000001101000
10001001001101000011110011101101000
10001001001111111100001100001101000
10001000111000000000110111101101000
10001000101000000101100101001101000
10001000011000001010010101101101000
10001000001100001111000111101101000
10001000000100010011111011001101000
10000111111100011000101111101101000
10000111111100011101100101001101000
10000111111100100010011010101101000
10000111111100100111010000001101000
10001000000100101100000100101101000
10001000001100110000111000001101000
10001000011000110101101010001101000
10001000101000111010011010101101000
10001000111000111111001000001101000
10001001001101000011110011101101000
10001001001111111100001100001101000
10001000111000000000110111101101000
10001000101000000101100101001101000
10001000011000001010010101101101000
10001000001100001111000111101101000
10001000000100010011111011001101000
10000111111100011000101111101101000
10000111111100011101100101001101000
10000111111100100010011010101101001
10000111111100100111010000001101000
10001000000100101100000100101101000
10001000001100110000111000001101000
10001000011000110101101010001101000
10001000101000111010011010101101000
10001000111000111111001000001101000
10001001001101000011110011101101000
10001001001111111100001100001101000
10001000111000000000110111101101000
10001000101000000101100101001101000
10001000011000001010010101101101000
10001000001100001111000111101101000
10001000000100010011111011001101000
10000111111100011000101111101101000
10000111111100011101100101001101001
10000111111100100010011010101101001
10000111111100100111010000001101001
10001000000100101100000100101101001
10001000001100110000111000001101001
10001000011000110101101010001101001
10001000101000111010011010101101001
10001000111000111111001000001101000
10001001001101000011110011101101000
10001001001111111100001100001101000
10001000111000000000110111101101000
10001000101000000101100101001101001
10001000011000001010010101101101001
10001000001100001111000111101101001
10001000000100010011111011001101001
10000111111100011000101111101101001
10000111111100011101100101001101001
10000111111100100010011010101101001
10000111111100100111010000001101001
10001000000100101100000100101101001
10001000001100110000111000001101001
10001000011000110101101010001101001
10001000101000111010011010101101001
10001000111000111111001000001101001
10001001001101000011110011101101001
10001001001111111100001100001101001
10001000111000000000110111101101001
10001000101000000101100101001101001
10001000011000001010010101101101001
10001000001100001111000111101101001
10001000000100010011111011001101001
10000111111100011000101111101101001
10000111111100011101100101001101001
10000111111100100010011010101101001
10000111111100100111010000001101001
10001000000100101100000100101101001
10001000001100110000111000001101001
10001000011000110101101010001101001
10001000101000111010011010101101001
10001000111000111111001000001101001
10001001001101000011110011101101001
10001001001111111100001100001101001
10001000111000000000110111101101001
10001000101000000101100101001101001
10001000011000001010010101101101001
10001000001100001111000111101101001
10001000000100010011111011001101001
10000111111100011000101111101101001
10000111111100011101100101001101001
10000111111100100010011010101101001
10000111111100100111010000001101001
10001000000100101100000100101101001
10001000001100110000111000001101001
10001000011000110101101010001101001
10001000101000111010011010101101001
10001000111000111111001000001101001
10001001001101000011110011101101001
10001001001111111100001100001101001
10001000111000000000110111101101001
10001000101000000101100101001101001
10001000011000001010010101101101001
10001000001100001111000111101101001
10001000000100010011111011001101001
10000111111100011000101111101101001
10000111111100011101100101001101001
10000111111100100010011010101011000
10000111111100100111010000001011000
10001000000100101100000100101011000
10001000001100110000111000001011000
10001000011000110101101010001011000
10001000101000111010011010101011000
10001000111000111111001000001011000
10001001001101000011110011101011000
10001001001111111100001100001011000
10001000111000000000110111101011000
10001000101000000101100101001011000
10001000011000001010010101101011000
10001000001100001111000111101011000
10001000000100010011111011001011000
10000111111100011000101111101011000
10000111111100011101100101001011000
10000111111100100010011010101011000
10000111111100100111010000001011000
10001000000100101100000100101011000
10001000001100110000111000001011000
10001000011000110101101010001011000
10001000101000111010011010101011000
10001000111000111111001000001011000
10001001001101000011110011101011000
10001001001111111100001100001011000
10001000111000000000110111101011000
10001000101000000101100101001011000
10001000011000001010010101101011000
10001000001100001111000111101011000
10001000000100010011111011001011000
10000111111100011000101111101011000
10000111111100011101100101001011000
10000111111100100010011010101011000
10000111111100100111010000001011000
10001000000100101100000100101011000
10001000001100110000111000001011000
10001000011000110101101010001011000
10001000101000111010011010101011000
10001000111000111111001000001011000
10001001001101000011110011101011000
10001001001111111100001100001011000
10001000111000000000110111101011000
10001000101000000101100101001011000
10001000011000001010010101101011000
10001000001100001111000111101011000
10001000000100010011111011001011000
10000111111100011000101111101011000
10000111111100011101100101001011000
10000111111100100010011010101011000
10000111111100100111010000001011000
10001000000100101100000100101011000
10001000001100110000111000001011000
10001000011000110101101010001011000
10001000101000111010011010101011000
10001000111000111111001000001011000
10001001001101000011110011101011000
10001001001111111100001100001011000
10001000111000000000110111101011000
10001000101000000101100101001011000
10001000011000001010010101101011000
10001000001100001111000111101011000
10001000000100010011111011001011000
10000111111100011000101111101011000
10000111111100011101100101001011000
10000111111100100010011010101011000
10000111111100100111010000001011000
10001000000100101100000100101011000
10001000001100110000111000001011000
10001000011000110101101010001011000
10001000101000111010011010101011000
10001000111000111111001000001011000
10001001001101000011110011101011000
10001001001111111100001100001011000
10001000111000000000110111101011000
10001000101000000101100101001011000
10001000011000001010010101101011000
10001000001100001111000111101011000
10001000000100010011111011001011000
10000111111100011000101111101011000
10000111111100011101100101001011000
10000111111100100010011010101011000
10000111111100100111010000001011000
10001000000100101100000100101011000
10001000001100110000111000001011000
10001000011000110101101010001011000
10001000101000111010011010101011000
10001000111000111111001000001011000
10001001001101000011110011101011000
10001001001111111100001100001011000
10001000111000000000110111101011000
10001000101000000101100101001011000
10001000011000001010010101101011000
10001000001100001111000111101011000
10001000000100010011111011001011000
10000111111100011000101111101011000
10000111111100011101100101001011000
10000111111100100010011010101011000
10000111111100100111010000001011000
10001000000100101100000100101011000
10001000001100110000111000001011000
10001000011000110101101010001011000
10001000101000111010011010101011000
10001000111000111111001000001011000
10001001001101000011110011101011000
10001001001111111100001100001011000
10001000111000000000110111101011000
10001000101000000101100101001011000
10001000011000001010010101101011000
10001000001100001111000111101011000
10001000000100010011111011001011000
10000111111100011000101111101011000
10000111111100011101100101001011000
10000111111100100010011010101011000
10000111111100100111010000001011000
10001000000100101100000100101011000
10001000001100110000111000001011000
10001000011000110101101010001011000
10001000101000111010011010101011000
10001000111000111111001000001011000
10001001001101000011110011101011000
10001001001111111100001100001011000
10001000111000000000110111101011000
10001000101000000101100101001011000
10001000011000001010010101101011000
10001000001100001111000111101011000
10001000000100010011111011001011000
10000111111100011000101111101011000
10000111111100011101100101001011000
10000111111100100010011010101011000
10000111111100100111010000001011000
10001000000100101100000100101011000
10001000001100110000111000001011000
10001000011000110101101010001011000
10001000101000111010011010101011000
10001000111000111111001000001011000
10001001001101000011110011101011000
10001001001111111100001100001011000
10001000111000000000110111101011000
10001000101000000101100101001011000
10001000011000001010010101101011000
10001000001100001111000111101011000
10001000000100010011111011001011000
10000111111100011000101111101011000
10000111111100011101100101001011000
10000111111100100010011010101011000
10000111111100100111010000001011000
10001000000100101100000100101011000
10001000001100110000111000001011000
10001000011000110101101010001011000
10001000101000111010011010101011000
10001000111000111111001000001011000
10001001001101000011110011101011000
10001001001111111100001100001011000
10001000111000000000110111101011000
10001000101000000101100101001011000
10001000011000001010010101101011000
10001000001100001111000111101011000
10001000000100010011111011001011000
10000111111100011000101111101011000
10000111111100011101100101001011000
10000111111100100010011010101011000
10000111111100100111010000001011000
10001000000100101100000100101011000
10001000001100110000111000001011000
10001000011000110101101010001011000
10001000101000111010011010101011000
10001000111000111111001000001011000
10001001001101000011110011101011000
10001001001111111100001100001011000
10001000111000000000110111101011000
10001000101000000101100101001011000
10001000011000001010010101101011000
10001000001100001111000111101011000
10001000000100010011111011001011000
10000111111100011000101111101011000
10000111111100011101100101001011000
10000111111100100010011010101011000
10000111111100100111010000001011000
10001000000100101100000100101011000
10001000001100110000111000001011000
10001000011000110101101010001011000
10001000101000111010011010101011000
10001000111000111111001000001011000
10001001001101000011110011101011000
10001001001111111100001100001011000
10001000111000000000110111101011000
10001000101000000101100101001011000
10001000011000001010010101101011000
10001000001100001111000111101011000
10001000000100010011111011001011000
10000111111100011000101111101011000
10000111111100011101100101001011000
10000111111100100010011010101011000
10000111111100100111010000001011000
10001000000100101100000100101011000
10001000001100110000111000001011000
10001000011000110101101010001011000
10001000101000111010011010101011000
10001000111000111111001000001011000
10001001001101000011110011101011000
10001001001111111100001100001011000
10001000111000000000110111101011000
10001000101000000101100101001011000
10001000011000001010010101101011000
10001000001100001111000111101011000
10001000000100010011111011001011000
10000111111100011000101111101011000
10000111111100011101100101001011000
10000111111100100010011010101011000
10000111111100100111010000001011000
10001000000100101100000100101011000
10001000001100110000111000001011000
10001000011000110101101010001011000
10001000101000111010011010101011000
10001000111000111111001000001011000
10001001001101000011110011101101000
10001001001111111100001100001101000
10001000111000000000110111101011000
10001000101000000101100101001011000
10001000011000001010010101101011000
10001000001100001111000111101011000
10001000000100010011111011001011000
10000111111100011000101111101011000
10000111111100011101100101001011000
10000111111100100010011010101011000
10000111111100100111010000001011000
10001000000100101100000100101011000
10001000001100110000111000001011000
10001000011000110101101010001011000
10001000101000111010011010101101000
10001000111000111111001000001101000
10001001001101000011110011101101000
10001001001111111100001100001101000
10001000111000000000110111101101000
10001000101000000101100101001101000
10001000011000001010010101101011000
10001000001100001111000111101011000
10001000000100010011111011001011000
10000111111100011000101111101011000
10000111111100011101100101001011000
10000111111100100010011010101101000
10000111111100100111010000001101000
10001000000100101100000100101101000
10001000001100110000111000001101000
10001000011000110101101010001101000
10001000101000111010011010101101000
10001000111000111111001000001101000
10001001001101000011110011101101000
10001001001111111100001100001101000
10001000111000000000110111101101000
10001000101000000101100101001101000
10001000011000001010010101101101000
10001000001100001111000111101101000
10001000000100010011111011001101000
10000111111100011000101111101101000
10000111111100011101100101001101000
