10000111111000100001001101001011000
10000111111100100011101000001011000
10000111111100100110000010101011000
10001000000000101000011101001011000
10001000000000101010110111101011000
10001000000100101101010001101011000
10001000001000101111101011001011000
10001000010000110010000100101011000
10001000010100110100011101101011000
10001000011100110110110110101011000
10001000100100111001001110101011000
10001000101100111011100110001011000
10001000110100111101111101001011000
10001000111101000000010011101011000
10001001001001000010101001001011000
10001001010101000100111110001011000
10001001010111111011000001101011000
10001001001011111101010110101011000
10001000111111111111101100001011000
10001000110100000010000010101011000
10001000101100000100011001101011000
10001000100100000110110001001011000
10001000011100001001001001001011000
10001000010100001011100010001011000
10001000010000001101111011001011000
10001000001000010000010100101011000
10001000000100010010101110001011000
10001000000000010101001000001011000
10001000000000010111100010101011000
10000111111100011001111101001011000
10000111111100011100010111101011000
10000111111000011110110010101011000
10000111111000100001001101001011000
10000111111100100011101000001011000
10000111111100100110000010101011000
10001000000000101000011101001011000
10001000000000101010110111101011000
10001000000100101101010001101011000
10001000001000101111101011001011000
10001000010000110010000100101011000
10001000010100110100011101101011000
10001000011100110110110110101011000
10001000100100111001001110101011000
10001000101100111011100110001011000
10001000110100111101111101001011000
10001000111101000000010011101011000
10001001001001000010101001001011000
10001001010101000100111110001011000
10001001010111111011000001101011000
10001001001011111101010110101011000
10001000111111111111101100001011000
10001000110100000010000010101011000
10001000101100000100011001101011000
10001000100100000110110001001011000
10001000011100001001001001001011000
10001000010100001011100010001011000
10001000010000001101111011001011000
10001000001000010000010100101011000
10001000000100010010101110001011000
10001000000000010101001000001011000
10001000000000010111100010101011000
10000111111100011001111101001011000
10000111111100011100010111101011000
10000111111000011110110010101011000
10000111111000100001001101001011000
10000111111100100011101000001011000
10000111111100100110000010101011000
10001000000000101000011101001011000
10001000000000101010110111101011000
10001000000100101101010001101011000
10001000001000101111101011001011000
10001000010000110010000100101011000
10001000010100110100011101101011000
10001000011100110110110110101011000
10001000100100111001001110101011000
10001000101100111011100110001011000
10001000110100111101111101001011000
10001000111101000000010011101011000
10001001001001000010101001001011000
10001001010101000100111110001011000
10001001010111111011000001101011000
10001001001011111101010110101011000
10001000111111111111101100001011000
10001000110100000010000010101011000
10001000101100000100011001101011000
10001000100100000110110001001011000
10001000011100001001001001001011000
10001000010100001011100010001011000
10001000010000001101111011001011000
10001000001000010000010100101011000
10001000000100010010101110001011000
10001000000000010101001000001011000
10001000000000010111100010101011000
10000111111100011001111101001011000
10000111111100011100010111101011000
10000111111000011110110010101011000
10000111111000100001001101001011000
10000111111100100011101000001011000
10000111111100100110000010101011000
10001000000000101000011101001011000
10001000000000101010110111101011000
10001000000100101101010001101011000
10001000001000101111101011001011000
10001000010000110010000100101011000
10001000010100110100011101101011000
10001000011100110110110110101011000
10001000100100111001001110101011000
10001000101100111011100110001011000
10001000110100111101111101001011000
10001000111101000000010011101011000
10001001001001000010101001001011000
10001001010101000100111110001011000
10001001010111111011000001101011000
10001001001011111101010110101011000
10001000111111111111101100001011000
10001000110100000010000010101011000
10001000101100000100011001101011000
10001000100100000110110001001011000
10001000011100001001001001001011000
10001000010100001011100010001011000
10001000010000001101111011001011000
10001000001000010000010100101011000
10001000000100010010101110001011000
10001000000000010101001000001011000
10001000000000010111100010101011000
10000111111100011001111101001011000
10000111111100011100010111101011000
10000111111000011110110010101011000
10000111111000100001001101001011000
10000111111100100011101000001011000
10000111111100100110000010101011000
10001000000000101000011101001011000
10001000000000101010110111101011000
10001000000100101101010001101011000
10001000001000101111101011001011000
10001000010000110010000100101011000
10001000010100110100011101101011000
10001000011100110110110110101011000
10001000100100111001001110101011000
10001000101100111011100110001011000
10001000110100111101111101001011000
10001000111101000000010011101011000
10001001001001000010101001001011000
10001001010101000100111110001011000
10001001010111111011000001101011000
10001001001011111101010110101011000
10001000111111111111101100001011000
10001000110100000010000010101011000
10001000101100000100011001101011000
10001000100100000110110001001011000
10001000011100001001001001001011000
10001000010100001011100010001011000
10001000010000001101111011001011000
10001000001000010000010100101011000
10001000000100010010101110001011000
10001000000000010101001000001011000
10001000000000010111100010101011000
10000111111100011001111101001011000
10000111111100011100010111101011000
10000111111000011110110010101011000
10000111111000100001001101001011000
10000111111100100011101000001011000
10000111111100100110000010101011000
10001000000000101000011101001011000
10001000000000101010110111101011000
10001000000100101101010001101011000
10001000001000101111101011001011000
10001000010000110010000100101011000
10001000010100110100011101101011000
10001000011100110110110110101011000
10001000100100111001001110101011000
10001000101100111011100110001011000
10001000110100111101111101001011000
10001000111101000000010011101101000
10001001001001000010101001001101000
10001001010101000100111110001101000
10001001010111111011000001101101000
10001001001011111101010110101101000
10001000111111111111101100001101000
10001000110100000010000010101011000
10001000101100000100011001101011000
10001000100100000110110001001011000
10001000011100001001001001001011000
10001000010100001011100010001011000
10001000010000001101111011001011000
10001000001000010000010100101011000
10001000000100010010101110001011000
10001000000000010101001000001011000
10001000000000010111100010101011000
10000111111100011001111101001011000
10000111111100011100010111101011000
10000111111000011110110010101011000
10000111111000100001001101001011000
10000111111100100011101000001011000
10000111111100100110000010101011000
10001000000000101000011101001011000
10001000000000101010110111101011000
10001000000100101101010001101011000
10001000001000101111101011001011000
10001000010000110010000100101011000
10001000010100110100011101101011000
10001000011100110110110110101101000
10001000100100111001001110101101000
10001000101100111011100110001101000
10001000110100111101111101001101000
10001000111101000000010011101101000
10001001001001000010101001001101000
10001001010101000100111110001101000
10001001010111111011000001101101000
10001001001011111101010110101101000
10001000111111111111101100001101000
10001000110100000010000010101101000
10001000101100000100011001101101000
10001000100100000110110001001101000
10001000011100001001001001001101000
10001000010100001011100010001011000
10001000010000001101111011001011000
10001000001000010000010100101011000
10001000000100010010101110001011000
10001000000000010101001000001011000
10001000000000010111100010101011000
10000111111100011001111101001011000
10000111111100011100010111101011000
10000111111000011110110010101011000
10000111111000100001001101001101000
10000111111100100011101000001101000
10000111111100100110000010101101000
10001000000000101000011101001101000
10001000000000101010110111101101000
10001000000100101101010001101101000
10001000001000101111101011001101000
10001000010000110010000100101101000
10001000010100110100011101101101000
10001000011100110110110110101101000
10001000100100111001001110101101000
10001000101100111011100110001101000
10001000110100111101111101001101000
10001000111101000000010011101101000
10001001001001000010101001001101000
10001001010101000100111110001101000
10001001010111111011000001101101000
10001001001011111101010110101101000
10001000111111111111101100001101000
10001000110100000010000010101101000
10001000101100000100011001101101000
10001000100100000110110001001101000
10001000011100001001001001001101000
10001000010100001011100010001101000
10001000010000001101111011001101000
10001000001000010000010100101101000
10001000000100010010101110001101000
10001000000000010101001000001101000
10001000000000010111100010101101000
10000111111100011001111101001101000
10000111111100011100010111101101000
10000111111000011110110010101101000
10000111111000100001001101001011000
10000111111100100011101000001011000
10000111111100100110000010101011000
10001000000000101000011101001011000
10001000000000101010110111101011000
10001000000100101101010001101011000
10001000001000101111101011001011000
10001000010000110010000100101011000
10001000010100110100011101101011000
10001000011100110110110110101011000
10001000100100111001001110101011000
10001000101100111011100110001011000
10001000110100111101111101001011000
10001000111101000000010011101011000
10001001001001000010101001001011000
10001001010101000100111110001011000
10001001010111111011000001101011000
10001001001011111101010110101011000
10001000111111111111101100001011000
10001000110100000010000010101011000
10001000101100000100011001101011000
10001000100100000110110001001011000
10001000011100001001001001001011000
10001000010100001011100010001011000
10001000010000001101111011001011000
10001000001000010000010100101011000
10001000000100010010101110001011000
10001000000000010101001000001011000
10001000000000010111100010101011000
10000111111100011001111101001011000
10000111111100011100010111101011000
10000111111000011110110010101011000
10000111111000100001001101001011000
10000111111100100011101000001011000
10000111111100100110000010101011000
10001000000000101000011101001011000
10001000000000101010110111101011000
10001000000100101101010001101011000
10001000001000101111101011001011000
10001000010000110010000100101011000
10001000010100110100011101101011000
10001000011100110110110110101011000
10001000100100111001001110101011000
10001000101100111011100110001011000
10001000110100111101111101001011000
10001000111101000000010011101011000
10001001001001000010101001001011000
10001001010101000100111110001011000
10001001010111111011000001101011000
10001001001011111101010110101011000
10001000111111111111101100001011000
10001000110100000010000010101011000
10001000101100000100011001101011000
10001000100100000110110001001011000
10001000011100001001001001001011000
10001000010100001011100010001011000
10001000010000001101111011001011000
10001000001000010000010100101011000
10001000000100010010101110001011000
10001000000000010101001000001011000
10001000000000010111100010101011000
10000111111100011001111101001011000
10000111111100011100010111101011000
10000111111000011110110010101011000
10000111111000100001001101001011000
10000111111100100011101000001011000
10000111111100100110000010101011000
10001000000000101000011101001011000
10001000000000101010110111101011000
10001000000100101101010001101011000
10001000001000101111101011001011000
10001000010000110010000100101011000
10001000010100110100011101101011000
10001000011100110110110110101011000
10001000100100111001001110101011000
10001000101100111011100110001011000
10001000110100111101111101001011000
10001000111101000000010011101011000
10001001001001000010101001001011000
10001001010101000100111110001011000
10001001010111111011000001101011000
10001001001011111101010110101011000
10001000111111111111101100001011000
10001000110100000010000010101011000
10001000101100000100011001101011000
10001000100100000110110001001011000
10001000011100001001001001001011000
10001000010100001011100010001011000
10001000010000001101111011001011000
10001000001000010000010100101011000
10001000000100010010101110001011000
10001000000000010101001000001011000
10001000000000010111100010101011000
10000111111100011001111101001011000
10000111111100011100010111101011000
10000111111000011110110010101011000
10000111111000100001001101001011000
10000111111100100011101000001011000
10000111111100100110000010101011000
10001000000000101000011101001011000
10001000000000101010110111101011000
10001000000100101101010001101011000
10001000001000101111101011001011000
10001000010000110010000100101011000
10001000010100110100011101101011000
10001000011100110110110110101011000
10001000100100111001001110101011000
10001000101100111011100110001011000
10001000110100111101111101001011000
10001000111101000000010011101011000
10001001001001000010101001001011000
10001001010101000100111110001011000
10001001010111111011000001101011000
10001001001011111101010110101011000
10001000111111111111101100001011000
10001000110100000010000010101011000
10001000101100000100011001101011000
10001000100100000110110001001011000
10001000011100001001001001001011000
10001000010100001011100010001011000
10001000010000001101111011001011000
10001000001000010000010100101011000
10001000000100010010101110001011000
10001000000000010101001000001011000
10001000000000010111100010101011000
10000111111100011001111101001011000
10000111111100011100010111101011000
10000111111000011110110010101011000
10000111111000100001001101001011000
10000111111100100011101000001011000
10000111111100100110000010101011000
10001000000000101000011101001011000
10001000000000101010110111101011000
10001000000100101101010001101011000
10001000001000101111101011001011000
10001000010000110010000100101011000
10001000010100110100011101101011000
10001000011100110110110110101011000
10001000100100111001001110101011000
10001000101100111011100110001011000
10001000110100111101111101001011000
10001000111101000000010011101011000
10001001001001000010101001001011000
10001001010101000100111110001011000
10001001010111111011000001101011000
10001001001011111101010110101011000
10001000111111111111101100001011000
10001000110100000010000010101011000
10001000101100000100011001101011000
10001000100100000110110001001011000
10001000011100001001001001001011000
10001000010100001011100010001011000
10001000010000001101111011001011000
10001000001000010000010100101011000
10001000000100010010101110001011000
10001000000000010101001000001011000
10001000000000010111100010101011000
10000111111100011001111101001011000
10000111111100011100010111101011000
10000111111000011110110010101011000
10000111111000100001001101001011000
10000111111100100011101000001011000
10000111111100100110000010101011000
10001000000000101000011101001011000
10001000000000101010110111101011000
10001000000100101101010001101011000
10001000001000101111101011001011000
10001000010000110010000100101011000
10001000010100110100011101101011000
10001000011100110110110110101011000
10001000100100111001001110101011000
10001000101100111011100110001011000
10001000110100111101111101001011000
10001000111101000000010011101011000
10001001001001000010101001001011000
10001001010101000100111110001011000
10001001010111111011000001101011000
10001001001011111101010110101011000
10001000111111111111101100001011000
10001000110100000010000010101011000
10001000101100000100011001101011000
10001000100100000110110001001011000
10001000011100001001001001001011000
10001000010100001011100010001011000
10001000010000001101111011001011000
10001000001000010000010100101011000
10001000000100010010101110001011000
10001000000000010101001000001011000
10001000000000010111100010101011000
10000111111100011001111101001011000
10000111111100011100010111101011000
10000111111000011110110010101011000
10000111111000100001001101001011000
10000111111100100011101000001011000
10000111111100100110000010101011000
10001000000000101000011101001011000
10001000000000101010110111101011000
10001000000100101101010001101011000
10001000001000101111101011001011000
10001000010000110010000100101011000
10001000010100110100011101101011000
10001000011100110110110110101011000
10001000100100111001001110101011000
10001000101100111011100110001011000
10001000110100111101111101001011000
10001000111101000000010011101011000
10001001001001000010101001001011000
10001001010101000100111110001011000
10001001010111111011000001101011000
10001001001011111101010110101011000
10001000111111111111101100001011000
10001000110100000010000010101011000
10001000101100000100011001101011000
10001000100100000110110001001011000
10001000011100001001001001001011000
10001000010100001011100010001011000
10001000010000001101111011001011000
10001000001000010000010100101011000
10001000000100010010101110001011000
10001000000000010101001000001011000
10001000000000010111100010101011000
10000111111100011001111101001011000
10000111111100011100010111101011000
10000111111000011110110010101011000
10000111111000100001001101001011000
10000111111100100011101000001011000
10000111111100100110000010101011000
10001000000000101000011101001011000
10001000000000101010110111101011000
10001000000100101101010001101011000
10001000001000101111101011001011000
10001000010000110010000100101011000
10001000010100110100011101101011000
10001000011100110110110110101011000
10001000100100111001001110101011000
10001000101100111011100110001011000
10001000110100111101111101001011000
10001000111101000000010011101011000
10001001001001000010101001001011000
10001001010101000100111110001011000
10001001010111111011000001101011000
10001001001011111101010110101011000
10001000111111111111101100001011000
10001000110100000010000010101011000
10001000101100000100011001101011000
10001000100100000110110001001011000
10001000011100001001001001001011000
10001000010100001011100010001011000
10001000010000001101111011001011000
10001000001000010000010100101011000
10001000000100010010101110001011000
10001000000000010101001000001011000
10001000000000010111100010101011000
10000111111100011001111101001011000
10000111111100011100010111101011000
10000111111000011110110010101011000
