1000011110
1000011110
1010011110
1011011110
1101011110
1111011110
0000011110
0010011110
0100011110
0101011110
0111011110
0111011110
0111011110
0111011110
0111011110
0111011110
0111011110
0111011111
0111011111
0111011111
0111011111
0111011111
0111011111
0111011111
0111011111
0111011111
0111011111
0111011111
0111011111
0111011111
0111011111
0111011111
1000100010
1000100010
1000100010
1000100010
1000100010
1000100010
1000100010
1000100010
1000100010
1000100010
1000100010
1000100010
1000100010
1000100010
1000100010
1000100010
1000100010
1000100010
1000100010
1000100010
1000100010
1000100010
1000100010
1000101010
1000101110
1000110110
1000111110
1000000010
1000001010
1000010010
1000010110
1000011110
1000011110
1000011110
1010011110
1011011110
1101011110
1111011110
0000011110
0010011110
0100011110
0101011110
0111011110
0111011110
0111011110
0111011110
0111011110
0111011110
0111011110
0111011110
0111011110
0111011111
0111011111
0111011111
0111011111
0111011111
0111011111
0111011111
0111011111
0111011111
0111011111
0111011111
0111011111
0111011111
1000100010
1000100010
1000100010
1000100010
1000100010
1000100010
1000100010
1000100010
1000100010
1000100010
1000100010
1000100010
1000100010
1000100010
1000100010
1000100010
1000100010
1000100010
1000100010
1000100010
1000100010
1000100010
1000100010
1000101010
1000101110
1000110110
1000111110
1000000010
1000001010
1000010010
1000010110
1000011110
1000011110
1000011110
1010011110
1011011110
1101011110
1111011110
0000011110
0010011110
0100011110
0101011110
0111011110
0111011110
0111011110
0111011110
0111011110
0111011110
0111011110
0111011110
0111011110
0111011110
0111011111
0111011111
0111011111
0111011111
0111011111
0111011111
0111011111
0111011111
0111011111
0111011111
0111011111
0111011111
1000100010
1000100010
1000100010
1000100010
1000100010
1000100010
1000100010
1000100010
1000100010
1000100010
1000100010
1000100010
1000100010
1000100010
1000100010
1000100010
1000100010
1000100010
1000100010
1000100010
1000100010
1000100010
1000100010
1000101010
1000101110
1000110110
1000111110
1000000010
1000001010
1000010010
1000010110
1000011110
1000011110
1000011110
1010011110
1011011110
1101011110
1111011110
0000011110
0010011110
0100011110
0101011110
0111011110
0111011110
0111011110
0111011110
0111011110
0111011110
0111011110
0111011110
0111011110
0111011110
0111011110
0111011110
0111011111
0111011111
0111011111
0111011111
0111011111
0111011111
0111011111
0111011111
0111011111
0111011111
1000100010
1000100010
1000100010
1000100010
1000100010
1000100010
1000100010
1000100010
1000100010
1000100010
1000100010
1000100010
1000100010
1000100010
1000100010
1000100010
1000100010
1000100010
1000100010
1000100010
1000100010
1000100010
1000100010
1000101010
1000101110
1000110110
1000111110
1000000010
1000001010
1000010010
1000010110
1000011110
1000011110
1000011110
1010011110
1011011110
1101011110
1111011110
0000011110
0010011110
0100011110
0101011110
0111011110
0111011110
0111011110
0111011110
0111011110
0111011110
0111011110
0111011110
0111011110
0111011110
0111011110
0111011110
0111011110
0111011111
0111011111
0111011111
0111011111
0111011111
0111011111
0111011111
0111011111
0111011111
1000100010
1000100010
1000100010
1000100010
1000100010
1000100010
1000100010
1000100010
1000100010
1000100010
1000100010
1000100010
1000100010
1000100010
1000100010
1000100010
1000100010
1000100010
1000100010
1000100010
1000100010
1000100010
1000100010
1000101010
1000101110
1000110110
1000111110
1000000010
1000001010
1000010010
1000010110
1000011110
1000011110
1000011110
1010011110
1011011110
1101011110
1111011110
0000011110
0010011110
0100011110
0101011110
0111011110
0111011110
0111011110
0111011110
0111011110
0111011110
0111011110
0111011110
0111011110
0111011110
0111011110
0111011110
0111011110
0111011110
0111011110
0111011111
0111011111
0111011111
0111011111
0111011111
0111011111
0111011111
1000100010
1000100010
1000100010
1000100010
1000100010
1000100010
1000100010
1000100010
1000100010
1000100010
1000100010
1000100010
1000100010
1000100010
1000100010
1000100010
1000100010
1000100010
1000100010
1000100010
1000100010
1000100010
1000100010
1000101010
1000101110
1000110110
1000111110
1000000010
1000001010
1000010010
1000010110
1000011110
1000011110
1000011110
1010011110
1011011110
1101011110
1111011110
0000011110
0010011110
0100011110
0101011110
0111011110
0111011110
0111011110
0111011110
0111011110
0111011110
0111011110
0111011110
0111011110
0111011110
0111011110
0111011110
0111011110
0111011110
0111011110
0111011110
0111011110
0111011111
0111011111
0111011111
0111011111
0111011111
1000100010
1000100010
1000100010
1000100010
1000100010
1000100010
1000100010
1000100010
1000100010
1000100010
1000100010
1000100010
1000100010
1000100010
1000100010
1000100010
1000100010
1000100010
1000100010
1000100010
1000100010
1000100010
1000100010
1000101010
1000101110
1000110110
1000111110
1000000010
1000001010
1000010010
1000010110
1000011110
1000011110
1000011110
1010011110
1011011110
1101011110
1111011110
0000011110
0010011110
0100011110
0101011110
0111011110
0111011110
0111011110
0111011110
0111011110
0111011110
0111011110
0111011110
0111011110
0111011110
0111011110
0111011110
0111011110
0111011110
0111011110
0111011110
0111011110
0111011110
0111011111
0111011111
0111011111
0111011111
1000100010
1000100010
1000100010
1000100010
1000100010
1000100010
1000100010
1000100010
1000100010
1000100010
1000100010
1000100010
1000100010
1000100010
1000100010
1000100010
1000100010
1000100010
1000100010
1000100010
1000100010
1000100010
1000100010
1000101010
1000101110
1000110110
1000111110
1000000010
1000001010
1000010010
1000010110
1000011110
1000011111
1000011111
1010011111
1011011111
1101011111
1111011101
0000011101
0010011101
0100011101
0101011101
0111011101
0111011101
0111011101
0111011101
0111011101
0111011101
0111011101
0111011101
0111011101
0111011101
0111011101
0111011101
0111011101
0111011101
0111011101
0111011101
0111011101
0111011101
0111011101
0111011101
0111011101
0111011101
1000100010
1000100010
1000100010
1000100010
1000100010
1000100010
1000100010
1000100010
1000100010
1000100010
1000100010
1000100010
1000100010
1000100010
1000100010
1000100010
1000100010
1000100010
1000100010
1000100010
1000100010
1000100010
1000100010
1000101010
1000101110
1000110110
1000111111
1000000011
1000001011
1000010011
1000010111
1000011111
1000011111
1000011111
1010011111
1011011111
1101011111
1111011111
0000011101
0010011101
0100011101
0101011101
0111011101
0111011101
0111011101
0111011101
0111011101
0111011101
0111011101
0111011101
0111011101
0111011101
0111011101
0111011101
0111011101
0111011101
0111011101
0111011101
0111011101
0111011101
0111011101
0111011101
0111011101
0111011101
1000100010
1000100010
1000100010
1000100010
1000100010
1000100010
1000100010
1000100010
1000100010
1000100010
1000100010
1000100010
1000100010
1000100010
1000100010
1000100010
1000100010
1000100010
1000100010
1000100010
1000100010
1000100010
1000100010
1000101010
1000101110
1000110110
1000111110
1000000011
1000001011
1000010011
1000010111
1000011111
1000011111
1000011111
1010011111
1011011111
1101011111
1111011111
0000011111
0010011111
0100011101
0101011101
0111011101
0111011101
0111011101
0111011101
0111011101
0111011101
0111011101
0111011101
0111011101
0111011101
0111011101
0111011101
0111011101
0111011101
0111011101
0111011101
0111011101
0111011101
0111011101
0111011101
0111011101
0111011101
1000100010
1000100010
1000100010
1000100010
1000100010
1000100010
1000100010
1000100010
1000100010
1000100010
1000100010
1000100010
1000100010
1000100010
1000100010
1000100010
1000100010
1000100010
1000100010
1000100010
1000100010
1000100010
1000100010
1000101010
1000101110
1000110110
1000111110
1000000010
1000001010
1000010011
1000010111
1000011111
1000011111
1000011111
1010011111
1011011111
1101011111
1111011111
0000011111
0010011111
0100011111
0101011101
0111011101
0111011101
0111011101
0111011101
0111011101
0111011101
0111011101
0111011101
0111011101
0111011101
0111011101
0111011101
0111011101
0111011101
0111011101
0111011101
0111011101
0111011101
0111011101
0111011101
0111011101
0111011101
1000100010
1000100010
1000100010
1000100010
1000100010
1000100010
1000100010
1000100010
1000100010
1000100010
1000100010
1000100010
1000100010
1000100010
1000100010
1000100010
1000100010
1000100010
1000100010
1000100010
1000100010
1000100010
1000100010
1000101010
1000101110
1000110110
1000111110
1000000010
1000001010
1000010010
1000010111
1000011111
1000011110
1000011110
1010011110
1011011110
1101011110
1111011110
0000011110
0010011110
0100011110
0101011110
0111011110
0111011111
0111011111
0111011111
0111011111
0111011111
0111011111
0111011111
0111011111
0111011111
0111011111
0111011111
0111011111
0111011111
0111011111
0111011111
0111011111
0111011111
0111011111
0111011111
0111011111
0111011111
1000100010
1000100010
1000100010
1000100010
1000100010
1000100010
1000100010
1000100010
1000100010
1000100010
1000100010
1000100010
1000100010
1000100010
1000100010
1000100010
1000100010
1000100010
1000100010
1000100010
1000100010
1000100010
1000100010
1000101010
1000101110
1000110110
1000111110
1000000010
1000001010
1000010010
1000010110
1000011110
1000011110
1000011110
1010011110
1011011110
1101011110
1111011110
0000011110
0010011110
0100011110
0101011110
0111011110
0111011110
0111011111
0111011111
0111011111
0111011111
0111011111
0111011111
0111011111
0111011111
0111011111
0111011111
0111011111
0111011111
0111011111
0111011111
0111011111
0111011111
0111011111
0111011111
0111011111
0111011111
1000100010
1000100010
1000100010
1000100010
1000100010
1000100010
1000100010
1000100010
1000100010
1000100010
1000100010
1000100010
1000100010
1000100010
1000100010
1000100010
1000100010
1000100010
1000100010
1000100010
1000100010
1000100010
1000100010
1000101010
1000101110
1000110110
1000111110
1000000010
1000001010
1000010010
1000010110
1000011110
1000011110
1000011110
1010011110
1011011110
1101011110
1111011110
0000011110
0010011110
0100011110
0101011110
0111011110
0111011110
0111011110
0111011110
0111011111
0111011111
0111011111
0111011111
0111011111
0111011111
0111011111
0111011111
0111011111
0111011111
0111011111
0111011111
0111011111
0111011111
0111011111
0111011111
0111011111
0111011111
1000100010
1000100010
1000100010
1000100010
1000100010
1000100010
1000100010
1000100010
1000100010
1000100010
1000100010
1000100010
1000100010
1000100010
1000100010
1000100010
1000100010
1000100010
1000100010
1000100010
1000100010
1000100010
1000100010
1000101010
1000101110
1000110110
1000111110
1000000010
1000001010
1000010010
1000010110
1000011110
1000011110
1000011110
1010011110
1011011110
1101011110
1111011110
0000011110
0010011110
0100011110
0101011110
0111011110
0111011110
0111011110
0111011110
0111011110
0111011111
0111011111
0111011111
0111011111
0111011111
0111011111
0111011111
0111011111
0111011111
0111011111
0111011111
0111011111
0111011111
0111011111
0111011111
0111011111
0111011111
1000100010
1000100010
1000100010
1000100010
1000100010
1000100010
1000100010
1000100010
1000100010
1000100010
1000100010
1000100010
1000100010
1000100010
1000100010
1000100010
1000100010
1000100010
1000100010
1000100010
1000100010
1000100010
1000100010
1000101010
1000101110
1000110110
1000111110
1000000010
1000001010
1000010010
1000010110
1000011110
