10111111010111110111010101011101111
10111111010111111001111111011101111
10111111011011111100101001111101111
10111111011111111111010011111101111
10111111100100000001111101011101111
10111111101100000100100110111101111
10111111110100000111001111111101111
11000000000000001001111000011101111
11000000000011100010000111111101111
10111111110111100100110000011101111
10111111101111100111011001011101111
10111111100111101010000010111101111
10111111011111101100101100011101111
10111111011011101111010110011101111
10111111010111110010000000111101111
10111111010111110100101010111101111
10111110111011110111010101011101111
10111110111111111010000000011101111
10111110111111111100101011011101111
10111111000111111111010101111101111
10111111001000000001111111111101111
10111111010000000100101001111101111
10111111011100000111010011011101111
10111111101000001001111100111101111
10111111101011100010000011011101111
10111111011111100100101100111101111
10111111010011100111010110011101111
10111111001011101010000000011101111
10111111000111101100101010011101111
10111110111111101111010100111101111
10111110111111110001111111111101111
10111110111011110100101010111101111
10111110100011110111010101111101111
10111110100011111010000001011101111
10111110100111111100101100011101111
10111110101011111111010111111101111
10111110110000000010000010011101111
10111110111000000100101101011101111
10111111000000000111010111011101111
10111111001100001010000000111101111
10111111001111100001111111011101111
10111111000011100100101000111101111
10111110111011100111010010111101111
10111110110011101001111101111101111
10111110101011101100101000011101111
10111110100111101111010011111101111
10111110100011110001111110111101111
10111110100011110100101010011101111
10111110000111110111010110011101111
10111110000111111010000010011101111
10111110001011111100101101111101111
10111110010011111111011001111101111
10111110010100000010000101011101111
10111110011100000100110000011101111
10111110101000000111011010111101111
10111110110100001010000101011101111
10111110110111100001111010111101111
10111110101011100100100101011101111
10111110011111100111001111111101111
10111110010111101001111010111101111
10111110010011101100100110011101111
10111110001011101111010010011101111
10111110000111110001111101111101111
10111110000111110100101001111101111
10111101101011110111010110011101111
10111101101111111010000010111101111
10111101110011111100101111011101111
10111101110111111111011011111101111
10111101111100000010000111111101111
10111110000100000100110011011101111
10111110001100000111011110111101111
10111110011000001010001001011101111
10111110011011100001110110111101111
10111110001111100100100001011101111
10111110000111100111001100111101111
10111101111111101001111000011101111
10111101110111101100100100011101111
10111101110011101111010000111101111
10111101101111110001111101011101111
10111101101011110100101001111101111
10111101010011110111010110111101111
10111101010011111010000011111101111
10111101010111111100110000111101111
10111101011011111111011101111101111
10111101100000000010001010011101111
10111101101000000100110110111101111
10111101110100000111100010011101111
10111110000000001010001101111101111
10111110000011100001110010011101111
10111101110111100100011101111101111
10111101101011100111001001011101111
10111101100011101001110101111101111
10111101011011101100100010011101111
10111101010111101111001111011101111
10111101010011110001111100011101111
10111101010011110100101001011101111
10111100110111110111010110111101111
10111100111011111010000100111101111
10111100111111111100110010011101111
10111101000011111111011111111101111
10111101001000000010001100111101111
10111101010000000100111001111101111
10111101011000000111100110011101111
10111101100100001010010010011101111
10111101100111100001101101111101111
10111101011011100100011001111101111
10111101010011100111000110011101111
10111101001011101001110011011101111
10111101000011101100100000011101111
10111100111111101111001101111101111
10111100111011110001111011011101111
10111100110111110100101001011101111
10111100011111110111010111011101111
10111100011111111010000101111101111
10111100100011111100110011111101111
10111100100111111111100001111101111
10111100101100000010001111111101111
10111100110100000100111100111101111
10111101000000000111101001111101111
10111101001100001010010110011101111
10111101001111100001101001111101111
10111101000011100100010110011101111
10111100110111100111000011011101111
10111100101111101001110000011101111
10111100100111101100011110011101111
10111100100011101111001100011101111
10111100011111110001111010011101111
10111100011111110100101000111101111
10111100000011110111010111011101111
10111100000111111010000110011101111
10111100001011111100110101011101111
10111100001111111111100011111101111
10111100010000000010010010011101111
10111100011100000101000000011101111
10111100100100000111101101111101111
10111100110000001010011010111101111
10111100110011100001100101011101111
10111100100111100100010010011101111
10111100011111100110111111111101111
10111100010011101001101101111101111
10111100001111101100011100011101111
10111100001011101111001010111101111
10111100000111110001111001111101111
10111100000011110100101000111101111
10111011101011110111010111111101111
10111011101011111010000111011101111
10111011101111111100110110111101111
10111011110011111111100101111101111
10111011111000000010010100111101111
10111100000000000101000011011101111
10111100001100000111110001111101111
10111100011000001010011111011101111
10111100011011100001100000111101111
10111100001111100100001110011101111
10111100000011100110111100111101111
10111011111011101001101011011101111
10111011110011101100011010011101111
10111011101111101111001001011101111
10111011101011110001111000111101111
10111011101011110100101000011101111
10111011001111110111011000011101111
10111011010011111010001000011101111
10111011010011111100111000011101111
10111011011011111111101000011101111
10111011011100000010010111111101111
10111011101000000101000110111101111
10111011110000000111110101111101111
10111011111100001010100011111101111
10111011111111100001011100011101111
10111011110011100100001010011101111
10111011101011100110111001011101111
10111011011111101001101000011101111
10111011011011101100010111111101111
10111011010011101111000111111101111
10111011010011110001110111111101111
10111011001111110100100111111101111
10111010110111110111011000011101111
10111010110111111010001001011101111
10111010111011111100111001111101111
10111010111111111111101010011101111
10111011000100000010011010011101111
10111011001100000101001010011101111
10111011011000000111111001011101111
10111011100100001010101000011101111
10111011100111100001010111111101111
10111011011011100100000110111101111
10111011001111100110110101111101111
10111011000111101001100101111101111
10111010111111101100010101111101111
10111010111011101111000110011101111
10111010110111110001110110111101111
10111010110111110100100111111101111
10111010011011110111011000111101111
10111010011011111010001010011101111
10111010011111111100111011011101111
10111010100111111111101100011101111
10111010101000000010011101011101111
10111010110000000101001101011101111
10111010111100000111111101011101111
10111011001000001010101100111101111
10111011001011100001010011011101111
10111010111111100100000010111101111
10111010110011100110110010111101111
10111010101011101001100010111101111
10111010100111101100010011111101111
10111010011111101111000100111101111
10111010011011110001110101111101111
10111010011011110100100111011101111
10111001111111110111011001011101111
10111010000011111010001010111101111
10111010000111111100111100111101111
10111010001011111111101110011101111
10111010010000000010011111111101111
10111010011000000101010000111101111
10111010100100001000000001011101111
10111010110000001010110001011101111
10111010110011100001001110111101111
10111010100111100011111110111101111
10111010011011100110101111011101111
10111010010011101001100000011101111
10111010001011101100010001111101111
10111010000111101111000011011101111
10111010000011110001110101011101111
10111001111111110100100110111101111
10111001100111110111011001011101111
10111001100111111010001011111101111
10111001101011111100111110011101111
10111001101111111111110000111101111
10111001110100000010100010111101111
10111001111100000101010100011101111
10111010001000001000000101011101111
10111010010100001010110110011101111
10111010010111100001001001111101111
10111010001011100011111010111101111
10111001111111100110101011111101111
10111001110111101001011101011101111
10111001101111101100001111011101111
10111001101011101111000001111101111
10111001100111110001110100011101111
10111001100111110100100110111101111
10111001001011110111011001111101111
10111001001111111010001100111101111
10111001010011111100111111111101111
10111001010111111111110010111101111
10111001011100000010100101011101111
10111001100100000101010111111101111
10111001101100001000001001011101111
10111001111100001010111010111101111
10111001111111100001000101011101111
10111001101111100011110110111101111
10111001100111100110101000011101111
10111001011111101001011010111101111
10111001010111101100001101011101111
10111001010011101111000000011101111
10111001001111110001110011011101111
10111001001011110100100110011101111
11000101111011110111010000111101110
11000101111011111001110010111101110
11000101111111111100010100011101110
11000110000011111110110101111101110
11000110000100000001010110111101110
11000110001100000011110111111101110
11000110011000000110011000011101110
11000110100100001000111000111101110
11000110100111100011000111011101110
11000110011011100101100111111101110
11000110001111101000001000011101110
11000110000111101010101001011101110
11000110000011101101001010011101110
11000101111111101111101011111101110
11000101111011110010001101011101110
11000101111011110100101111011101110
11000101011111110111010001011101110
11000101011111111001110011011101110
11000101100011111100010101011101110
11000101100111111110110111011101110
11000101101100000001011001011101110
11000101110100000011111010111101110
11000101111100000110011011111101110
11000110001000001000111100011101110
11000110001011100011000011111101110
11000101111111100101100100011101110
11000101110111101000000101011101110
11000101101111101010100110111101110
11000101100111101101001000111101110
11000101100011101111101010111101110
11000101011111110010001100111101110
11000101011111110100101110111101110
11000101000011110111010001011101110
11000101000111111001110100011101110
11000101001011111100010110111101110
11000101001111111110111001011101110
11000101010000000001011011011101110
11000101011000000011111101011101110
11000101100100000110011110111101110
11000101110000001001000000011101110
11000101110011100010111111111101110
11000101100111100101100001011101110
11000101011011101000000010111101110
11000101010011101010100100111101110
11000101001111101101000110111101110
11000101001011101111101001011101110
11000101000111110010001011111101110
11000101000011110100101110111101110
11000100101011110111010001111101110
11000100101011111001110100111101110
11000100101111111100010111111101110
11000100110011111110111010111101110
11000100111000000001011101111101110
11000101000000000100000000011101110
11000101001000000110100010011101110
11000101010100001001000100011101110
11000101010111100010111011111101110
11000101001011100101011101111101110
11000101000011100111111111111101110
11000100111011101010100010011101110
11000100110011101101000101011101110
11000100101111101111101000011101110
11000100101011110010001011011101110
11000100101011110100101110011101110
11000100001111110111010001111101110
11000100010011111001110101111101110
11000100010111111100011001011101110
11000100011011111110111100111101110
11000100011100000001100000011101110
11000100100100000100000011011101110
11000100110000000110100101111101110
11000100111000001001000111111101110
11000100111011100010111000011101110
11000100110011100101011010011101110
11000100100111100111111100111101110
11000100011111101010011111111101110
11000100011011101101000011011101110
11000100010111101111100110111101110
11000100010011110010001010011101110
11000100001111110100101110011101110
11000011110111110111010010011101110
11000011110111111001110110011101110
11000011111011111100011010111101110
11000011111111111110111110111101110
11000100000100000001100010011101110
11000100001100000100000101111101110
11000100010100000110101001011101110
11000100100000001001001011111101110
11000100100011100010110100011101110
11000100010111100101010110111101110
11000100001111100111111010011101110
11000100000111101010011101111101110
11000011111111101101000001011101110
11000011111011101111100101011101110
11000011110111110010001001111101110
11000011110111110100101101111101110
11000011011011110111010010011101110
11000011011111111001110111011101110
11000011011111111100011011111101110
11000011100111111111000000011101110
11000011101000000001100100111101110
11000011110000000100001000111101110
11000011111100000110101100011101110
11000100000100001001001111111101110
11000100000111100010110000011101110
11000011111111100101010011111101110
11000011110011100111110111011101110
11000011101011101010011011011101110
11000011100111101100111111111101110
11000011011111101111100100011101110
11000011011111110010001000111101110
11000011011011110100101101111101110
11000011000011110111010010111101110
11000011000011111001111000011101110
11000011000111111100011101011101110
11000011001011111111000010011101110
11000011010000000001100111011101110
11000011011000000100001011111101110
11000011100000000110101111111101110
11000011101100001001010011111101110
11000011101111100010101100011101110
11000011100011100101010000011101110
11000011011011100111110100011101110
11000011010011101010011000111101110
11000011001011101100111101111101110
11000011000111101111100010111101110
11000011000011110010000111111101110
11000011000011110100101101011101110
11000010100111110111010010111101110
11000010101011111001111000111101110
11000010101011111100011110111101110
11000010110011111111000100011101110
11000010110100000001101001111101110
11000010111100000100001110111101110
11000011001000000110110011011101110
11000011010000001001010111111101110
11000011010011100010101000011101110
11000011001011100101001100111101110
11000010111111100111110001011101110
11000010110111101010010110011101110
11000010110011101100111011111101110
11000010101011101111100001011101110
11000010101011110010000111011101110
11000010100111110100101101011101110
11000010001111110111010011011101110
11000010001111111001111001111101110
11000010010011111100011111111101110
11000010010111111111000110011101110
11000010011100000001101011111101110
11000010100100000100010001111101110
11000010101100000110110110111101110
11000010111000001001011011111101110
11000010111011100010100100011101110
11000010101111100101001001011101110
11000010100111100111101110011101110
11000010011111101010010100011101110
11000010010111101100111001111101110
11000010010011101111100000011101110
11000010001111110010000110011101110
11000010001111110100101100111101110
11000001110011110111010011011101110
11000001110011111001111010011101110
11000001110111111100100001011101110
11000001111011111111000111111101110
11000010000000000001101110011101110
11000010001000000100010100111101110
11000010010100000110111010011101110
11000010011100001001011111111101110
11000010011111100010100000011101110
11000010010111100101000101111101110
11000010001011100111101011011101110
11000010000011101010010001111101110
11000001111011101100111000011101110
11000001110111101111011110111101110
11000001110011110010000101111101110
11000001110011110100101100111101110
11000001010111110111010011111101110
11000001011011111001111011011101110
11000001011111111100100010111101110
11000001100011111111001001111101110
11000001101000000001110000111101110
11000001110000000100010111111101110
11000001111000000110111101111101110
11000010000100001001100011111101110
11000010000111100010011100011101110
11000001111011100101000010011101110
11000001110011100111101000011101110
11000001101011101010001111011101110
11000001100011101100110110011101110
11000001011111101111011101011101110
11000001011011110010000100111101110
11000001010111110100101100011101110
11000000111111110111010100011101110
11000000111111111001111100011101110
11000001000011111100100100011101110
11000001000111111111001011111101110
11000001001100000001110011011101110
11000001010100000100011010111101110
11000001011100000111000001011101110
11000001101000001001100111111101110
11000001101011100010011000011101110
11000001011111100100111110111101110
11000001010111100111100101011101110
11000001001111101010001100111101110
11000001000111101100110100011101110
11000001000011101111011011111101110
11000000111111110010000011111101110
11000000111111110100101011111101110
11000000100011110111010100011101110
11000000100111111001111100111101110
11000000101011111100100101011101110
11000000101111111111001101111101110
11000000110000000001110101111101110
11000000111000000100011101111101110
11000001000100000111000100111101110
11000001010000001001101011111101110
11000001010011100010010100011101110
11000001000111100100111011011101110
11000000111011100111100010011101110
11000000110011101010001010011101110
11000000101111101100110010011101110
11000000101011101111011010111101110
11000000100111110010000011011101110
11000000100011110100101011111101110
11000000001011110111010100111101110
11000000001011111001111101111101110
11000000001111111100100110111101110
11000000010011111111001111111101110
11000000011000000001111000011101110
11000000100000000100100000111101110
11000000101000000111001000111101110
11000000110100001001110000011101110
11000000110111100010001111111101110
11000000101011100100110111011101110
11000000100011100111011111011101110
11000000011011101010000111111101110
11000000010011101100110000011101110
11000000001111101111011001011101110
11000000001011110010000010011101110
11000000001011110100101011011101110
10111111101111110111010100111101111
10111111110011111001111110111101111
10111111110011111100101000011101111
10111111111011111111010001111101111
10111111111100000001111010111101111
11000000000100000100100011111101110
11000000010000000111001100011101110
11000000011100001001110100011101110
11000000011111100010001011111101110
11000000010011100100110011111101110
11000000000111100111011100011101110
10111111111111101010000101011101111
10111111111011101100101110011101111
10111111110011101111010111111101111
10111111110011110010000001011101111
10111111101111110100101011011101111
