11000010100111110110101001011101110
11000010100111110111111100011101110
11000010100111111001001111011101110
11000010101011111010100010011101110
11000010101011111011110101011101110
11000010101111111101001000011101110
11000010101111111110011010111101110
11000010110011111111101101111101110
11000010110100000001000000011101110
11000010111000000010010010111101110
11000010111100000011100101011101110
11000011000000000100110111111101110
11000011000100000110001010011101110
11000011001000000111011100011101110
11000011010000001000101110111101110
11000011010100001010000000111101110
11000011010111100001111111011101110
11000011010011100011010001011101110
11000011001011100100100011111101110
11000011000111100101110101111101110
11000011000011100111001000011101110
11000010111111101000011010111101110
11000010111011101001101101011101110
11000010110111101010111111111101110
11000010110011101100010010011101110
11000010101111101101100101011101110
11000010101111101110110111111101110
11000010101011110000001010111101110
11000010101011110001011101111101110
11000010100111110010110000111101110
11000010100111110100000011111101110
11000010100111110101010110111101110
11000010001111110110101001111101110
11000010001111110111111100111101110
11000010001111111001010000011101110
11000010001111111010100011011101110
11000010010011111011110110011101110
11000010010011111101001001011101110
11000010010111111110011100111101110
11000010010111111111101111111101110
11000010011000000001000010111101110
11000010011100000010010101011101110
11000010100000000011101000011101110
11000010100100000100111010111101110
11000010101000000110001101111101110
11000010110000000111100000011101110
11000010110100001000110010011101110
11000010111100001010000100111101110
11000010111111100001111011011101110
11000010110111100011001101111101110
11000010110011100100011111111101110
11000010101011100101110010011101110
11000010100111100111000101011101110
11000010100011101000010111111101110
11000010011111101001101010111101110
11000010011011101010111101011101110
11000010010111101100010000011101110
11000010010111101101100011011101110
11000010010011101110110110111101110
11000010010011110000001001111101110
11000010001111110001011100111101110
11000010001111110010101111111101110
11000010001111110100000011011101110
11000010001111110101010110011101110
11000001110011110110101001111101110
11000001110011110111111101011101110
11000001110011111001010000111101110
11000001110111111010100100011101110
11000001110111111011110111111101110
11000001110111111101001010111101110
11000001111011111110011110011101110
11000001111111111111110001111101110
11000010000000000001000100111101110
11000010000100000010010111111101110
11000010001000000011101011011101110
11000010001100000100111110011101110
11000010010000000110010000111101110
11000010010100000111100011111101110
11000010011100001000110110011101110
11000010100000001010001000111101110
11000010100011100001110111011101110
11000010011111100011001001111101110
11000010010111100100011100011101110
11000010010011100101101111011101110
11000010001111100111000001111101110
11000010001011101000010100111101110
11000010000111101001101000011101110
11000010000011101010111011011101110
11000001111111101100001110011101110
11000001111011101101100001111101110
11000001110111101110110101011101110
11000001110111110000001000011101110
11000001110111110001011011111101110
11000001110011110010101111011101110
11000001110011110100000010111101110
11000001110011110101010110011101110
11000001010111110110101001111101110
11000001011011110111111101111101110
11000001011011111001010001011101110
11000001011011111010100101011101110
11000001011011111011111000111101110
11000001011111111101001100011101110
11000001100011111110100000011101110
11000001100011111111110011111101110
11000001100100000001000111011101110
11000001101000000010011010111101110
11000001101100000011101101111101110
11000001110000000101000001011101110
11000001110100000110010100011101110
11000001111100000111100111011101110
11000010000000001000111010011101110
11000010001000001010001101011101110
11000010001011100001110010111101110
11000010000011100011000101111101110
11000001111111100100011000111101110
11000001110111100101101011111101110
11000001110011100110111110111101110
11000001101111101000010010011101110
11000001101011101001100101011101110
11000001100111101010111000111101110
11000001100011101100001100011101110
11000001100011101101011111111101110
11000001011111101110110011111101110
11000001011011110000000111011101110
11000001011011110001011010111101110
11000001011011110010101110111101110
11000001011011110100000010011101110
11000001010111110101010110011101110
11000000111111110110101010011101110
11000000111111110111111110011101110
11000000111111111001010010011101110
11000000111111111010100110011101110
11000001000011111011111010011101110
11000001000011111101001101111101110
11000001000111111110100001111101110
11000001001011111111110101111101110
11000001001100000001001001011101110
11000001001100000010011101011101110
11000001010000000011110000111101110
11000001011000000101000100011101110
11000001011100000110010111111101110
11000001100000000111101011011101110
11000001101000001000111110011101110
11000001101100001010010001011101110
11000001101111100001101110111101110
11000001101011100011000001111101110
11000001100011100100010100111101110
11000001011111100101101000011101110
11000001011011100110111011111101110
11000001010011101000001111011101110
11000001001111101001100010111101110
11000001001111101010110110111101110
11000001001011101100001010011101110
11000001000111101101011110011101110
11000001000011101110110010011101110
11000001000011110000000101111101110
11000000111111110001011001111101110
11000000111111110010101101111101110
11000000111111110100000001111101110
11000000111111110101010101111101110
11000000100011110110101010011101110
11000000100011110111111110011101110
11000000100111111001010010111101110
11000000100111111010100111011101110
11000000100111111011111011011101110
11000000101011111101001111111101110
11000000101011111110100011111101110
11000000101111111111110111111101110
11000000110000000001001011111101110
11000000110100000010011111111101110
11000000111000000011110011111101110
11000000111100000101000111011101110
11000001000000000110011011011101110
11000001001000000111101110111101110
11000001001100001001000010011101110
11000001010100001010010101111101110
11000001010111100001101010011101110
11000001001111100010111101111101110
11000001001011100100010001011101110
11000001000011100101100100111101110
11000000111111100110111000111101110
11000000111011101000001100011101110
11000000110111101001100000011101110
11000000110011101010110100011101110
11000000101111101100001000011101110
11000000101011101101011100011101110
11000000101011101110110000011101110
11000000100111110000000100111101110
11000000100111110001011000111101110
11000000100111110010101101011101110
11000000100011110100000001111101110
11000000100011110101010101111101110
11000000001011110110101010011101110
11000000001011110111111110111101110
11000000001011111001010011011101110
11000000001011111010101000011101110
11000000001111111011111100111101110
11000000001111111101010001011101110
11000000010011111110100101011101110
11000000010111111111111001111101110
11000000010100000001001110011101110
11000000011000000010100010011101110
11000000011100000011110110111101110
11000000100100000101001010111101110
11000000101000000110011110111101110
11000000101100000111110010011101110
11000000110100001001000110011101110
11000000111000001010011001111101110
11000000111011100001100110011101110
11000000110111100010111001111101110
11000000101111100100001101111101110
11000000101011100101100001011101110
11000000100111100110110101011101110
11000000011111101000001001011101110
11000000011011101001011101111101110
11000000010111101010110001111101110
11000000010111101100000110011101110
11000000010011101101011010111101110
11000000001111101110101110111101110
11000000001111110000000011011101110
11000000001011110001010111111101110
11000000001011110010101100111101110
11000000001011110100000001011101110
11000000001011110101010101111101110
10111111101111110110101010011101111
10111111101111110111111111011101111
10111111101111111001010100011101111
10111111110011111010101001011101111
10111111110011111011111101111101111
10111111110111111101010010111101111
10111111110111111110100111011101111
10111111111011111111111011111101111
10111111111100000001010000111101111
11000000000000000010100101011101111
11000000000100000011111001111101110
11000000001000000101001101111101110
11000000001100000110100010011101110
11000000010100000111110110011101110
11000000011000001001001010011101110
11000000100000001010011110011101110
11000000100011100001100001111101110
11000000011011100010110101111101110
11000000010111100100001001111101110
11000000001111100101011101111101110
11000000001011100110110010011101110
11000000000111101000000110011101110
11000000000011101001011010111101111
10111111111111101010101111011101111
10111111111011101100000100011101111
10111111110111101101011000111101111
10111111110111101110101101011101111
10111111110011110000000010011101111
10111111110011110001010110111101111
10111111101111110010101011111101111
10111111101111110100000000111101111
10111111101111110101010101111101111
11000101111011110110101000011101110
11000101111011110111111001011101110
11000101111011111001001010011101110
11000101111011111010011010111101110
11000101111111111011101011111101110
11000101111111111100111100011101110
11000110000011111110001101011101110
11000110000011111111011101111101110
11000110000100000000101110011101110
11000110001000000001111111011101110
11000110001100000011001111111101110
11000110010000000100011111111101110
11000110010100000101110000011101110
11000110011000000111000000011101110
11000110100000001000010000111101110
11000110100100001001100000111101110
11000110100111100010011111011101110
11000110100011100011101111011101110
11000110011011100100111111111101110
11000110010111100110001111111101110
11000110010011100111100000011101110
11000110001111101000110000011101110
11000110001011101010000000111101110
11000110000111101011010001111101110
11000110000011101100100010011101110
11000110000011101101110010111101110
11000101111111101111000011111101110
11000101111111110000010100011101110
11000101111011110001100101011101110
11000101111011110010110101111101110
11000101111011110100000110111101110
11000101111011110101010111111101110
11000101011111110110101000111101110
11000101011111110111111001111101110
11000101011111111001001010111101110
11000101100011111010011011111101110
11000101100011111011101100111101110
11000101100011111100111101111101110
11000101100111111110001110111101110
11000101101011111111011111111101110
11000101101100000000110000111101110
11000101101100000010000001011101110
11000101110000000011010010011101110
11000101110100000100100010111101110
11000101111100000101110011011101110
11000110000000000111000011111101110
11000110000100001000010100011101110
11000110001100001001100100011101110
11000110001111100010011011111101110
11000110000111100011101011111101110
11000110000011100100111100011101110
11000101111111100110001100111101110
11000101110111100111011101011101110
11000101110011101000101101111101110
11000101101111101001111110111101110
11000101101111101011001111011101110
11000101101011101100100000011101110
11000101100111101101110001011101110
11000101100011101111000010011101110
11000101100011110000010011011101110
11000101100011110001100100011101110
11000101011111110010110101011101110
11000101011111110100000110011101110
11000101011111110101010111011101110
11000101000011110110101000111101110
11000101000111110111111010011101110
11000101000111111001001011011101110
11000101000111111010011100111101110
11000101000111111011101110011101110
11000101001011111100111111011101110
11000101001011111110010000111101110
11000101001111111111100001111101110
11000101010000000000110010111101110
11000101010100000010000011111101110
11000101011000000011010100111101110
11000101011100000100100101111101110
11000101100000000101110110111101110
11000101100100000111000111011101110
11000101101100001000010111111101110
11000101110000001001101000011101110
11000101110011100010010111111101110
11000101101111100011101000011101110
11000101100111100100111000111101110
11000101100011100110001001011101110
11000101011111100111011010011101110
11000101011011101000101011011101110
11000101010111101001111100011101110
11000101010011101011001101011101110
11000101001111101100011110011101110
11000101001011101101101111011101110
11000101001011101111000000111101110
11000101000111110000010001111101110
11000101000111110001100011011101110
11000101000111110010110100111101110
11000101000111110100000101111101110
11000101000011110101010111011101110
11000100101011110110101000111101110
11000100101011110111111010011101110
11000100101011111001001100011101110
11000100101011111010011101111101110
11000100101111111011101111011101110
11000100101111111101000000111101110
11000100110011111110010010011101110
11000100110111111111100011111101110
11000100110100000000110101011101110
11000100111000000010000110011101110
11000100111100000011010111111101110
11000101000000000100101000111101110
11000101001000000101111001111101110
11000101001100000111001010111101110
11000101010000001000011011111101110
11000101011000001001101100011101110
11000101011011100010010011111101110
11000101010011100011100100011101110
11000101001111100100110101011101110
11000101001011100110000110011101110
11000101000011100111010111011101110
11000100111111101000101000011101110
11000100111011101001111001111101110
11000100110111101011001010111101110
11000100110111101100011100011101110
11000100110011101101101101111101110
11000100101111101110111111011101110
11000100101111110000010000111101110
11000100101011110001100010011101110
11000100101011110010110011111101110
11000100101011110100000101111101110
11000100101011110101010111011101110
11000100001111110110101000111101110
11000100001111110111111010111101110
11000100010011111001001100111101110
11000100010011111010011110111101110
11000100010011111011110000011101110
11000100010111111101000010011101110
11000100010111111110010011111101110
11000100011011111111100101111101110
11000100011100000000110111011101110
11000100100000000010001000111101110
11000100100100000011011010011101110
11000100101000000100101011111101110
11000100101100000101111101011101110
11000100110000000111001110011101110
11000100111000001000011111011101110
11000100111100001001110000011101110
11000100111111100010001111111101110
11000100111011100011100000111101110
11000100110011100100110001111101110
11000100101111100110000010111101110
11000100101011100111010100011101110
11000100100111101000100101111101110
11000100100011101001110111011101110
11000100011111101011001000111101110
11000100011011101100011010011101110
11000100010111101101101100011101110
11000100010111101110111101111101110
11000100010011110000001111111101110
11000100010011110001100001011101110
11000100010011110010110011011101110
11000100001111110100000101011101110
11000100001111110101010111011101110
11000011110111110110101001011101110
11000011110111110111111011011101110
11000011110111111001001101011101110
11000011110111111010011111011101110
11000011111011111011110001111101110
11000011111011111101000011111101110
11000011111111111110010101111101110
11000100000011111111100111111101110
11000100000000000000111001011101110
11000100000100000010001011011101110
11000100001000000011011101011101110
11000100001100000100101110111101110
11000100010100000110000000011101110
11000100011000000111010001111101110
11000100011100001000100011011101110
11000100100100001001110100011101110
11000100100111100010001011111101110
11000100011111100011011100111101110
11000100011011100100101110011101110
11000100010111100101111111111101110
11000100001111100111010001011101110
11000100001011101000100010111101110
11000100000111101001110100111101110
11000100000011101011000110111101110
11000100000011101100011000011101110
11000011111111101101101010011101110
11000011111011101110111100011101110
11000011111011110000001110011101110
11000011110111110001100000111101110
11000011110111110010110010111101110
11000011110111110100000100111101110
11000011110111110101010110111101110
11000011011011110110101001011101110
11000011011011110111111011111101110
11000011011011111001001110011101110
11000011011111111010100000011101110
11000011011111111011110010111101110
11000011100011111101000101011101110
11000011100011111110010111011101110
11000011100111111111101001111101110
11000011101000000000111011111101110
11000011101100000010001101111101110
11000011110000000011011111111101110
11000011110100000100110001111101110
11000011111000000110000011111101110
11000011111100000111010101011101110
11000100000100001000100110111101110
11000100001000001001111000011101110
11000100001011100010000111111101110
11000100000111100011011001011101110
11000011111111100100101010111101110
11000011111011100101111100011101110
11000011110111100111001110011101110
11000011110011101000100000011101110
11000011101111101001110010011101110
11000011101011101011000100011101110
11000011100111101100010110011101110
11000011100011101101101000111101110
11000011100011101110111010111101110
11000011011111110000001101011101110
11000011011111110001011111111101110
11000011011011110010110001111101110
11000011011011110100000100011101110
11000011011011110101010110111101110
11000011000011110110101001011101110
11000011000011110111111100011101110
11000011000011111001001110111101110
11000011000011111010100001011101110
11000011000111111011110011111101110
11000011000111111101000110111101110
11000011001011111110011001011101110
11000011001011111111101011111101110
11000011001100000000111101111101110
11000011010000000010010000011101110
11000011010100000011100010111101110
11000011011000000100110100111101110
11000011011100000110000110111101110
11000011100100000111011000111101110
11000011101000001000101010111101110
11000011110000001001111100111101110
11000011110011100010000011011101110
11000011101011100011010101011101110
11000011100111100100100111011101110
11000011011111100101111001011101110
11000011011011100111001011011101110
11000011010111101000011101011101110
11000011010011101001101111111101110
11000011001111101011000010011101110
11000011001011101100010100011101110
11000011001011101101100110111101110
11000011000111101110111001011101110
11000011000111110000001100011101110
11000011000011110001011110111101110
11000011000011110010110001011101110
11000011000011110100000011111101110
11000011000011110101010110111101110
