10111100000011110110101011111101111
10111100000011111000000011011101111
10111100000111111001011010111101111
10111100000111111010110010011101111
10111100000111111100001001111101111
10111100001011111101100000111101111
10111100001011111110111000011101111
10111100001100000000001111011101111
10111100010000000001100110111101111
10111100010100000010111101111101111
10111100011000000100010100111101111
10111100011100000101101011111101111
10111100100000000111000010011101111
10111100101000001000011001011101111
10111100101100001001101111111101111
10111100110100001011000110011101111
10111100110111100000111001111101111
10111100101111100010010000011101111
10111100101011100011100110111101111
10111100100011100100111101111101111
10111100011111100110010100011101111
10111100011011100111101011011101111
10111100010111101001000010011101111
10111100010011101010011001011101111
10111100001111101011110000111101111
10111100001011101101000111111101111
10111100001011101110011111011101111
10111100000111101111110110011101111
10111100000111110001001101111101111
10111100000111110010100101011101111
10111100000011110011111100111101111
10111100000011110101010100011101111
10111011101011110110101011111101111
10111011101011111000000011111101111
10111011101011111001011011011101111
10111011101011111010110011011101111
10111011101111111100001010111101111
10111011101111111101100010111101111
10111011110011111110111010011101111
10111011110100000000010001111101111
10111011110100000001101001011101111
10111011111000000011000000111101111
10111100000000000100010111111101111
10111100000100000101101111011101111
10111100001000000111000110011101111
10111100001100001000011101011101111
10111100010100001001110011111101111
10111100011000001011001010111101111
10111100011011100000110101011101111
10111100010111100010001100011101111
10111100001111100011100010111101111
10111100001011100100111001111101111
10111100000111100110010000111101111
10111100000011100111101000011101111
10111011111011101000111111011101111
10111011110111101010010110111101111
10111011110111101011101110011101111
10111011110011101101000101111101111
10111011101111101110011101011101111
10111011101111101111110101011101111
10111011101011110001001100111101111
10111011101011110010100100111101111
10111011101011110011111100011101111
10111011101011110101010100011101111
10111011001111110110101100011101111
10111011001111111000000100011101111
10111011001111111001011100011101111
10111011010011111010110100011101111
10111011010011111100001100011101111
10111011010111111101100100011101111
10111011010111111110111100011101111
10111011011000000000010011111101111
10111011011100000001101011111101111
10111011100000000011000011011101111
10111011100100000100011011011101111
10111011101000000101110010111101111
10111011101100000111001001111101111
10111011110100001000100001011101111
10111011111000001001111000011101111
10111100000000001011001111011101111
10111100000011100000110000111101111
10111011111011100010000111111101111
10111011110111100011011110111101111
10111011101111100100110110011101111
10111011101011100110001101011101111
10111011100111100111100100111101111
10111011100011101000111100111101111
10111011011111101010010100011101111
10111011011011101011101100011101111
10111011010111101101000011111101111
10111011010111101110011011111101111
10111011010011101111110011111101111
10111011010011110001001011111101111
10111011001111110010100011111101111
10111011001111110011111011111101111
10111011001111110101010011111101111
10111010110111110110101100011101111
10111010110111111000000100111101111
10111010110111111001011100111101111
10111010110111111010110101011101111
10111010111011111100001101111101111
10111010111011111101100101111101111
10111010111111111110111110011101111
10111011000000000000010110011101111
10111011000000000001101110011101111
10111011000100000011000110011101111
10111011001000000100011110011101111
10111011010000000101110110011101111
10111011010100000111001101111101111
10111011011000001000100101011101111
10111011100000001001111100111101111
10111011100100001011010011111101111
10111011100111100000101100011101111
10111011100011100010000011011101111
10111011011011100011011010111101111
10111011010111100100110010011101111
10111011010011100110001001111101111
10111011001011100111100001111101111
10111011000111101000111001111101111
10111011000011101010010001111101111
10111011000011101011101001111101111
10111010111111101101000001111101111
10111010111011101110011010011101111
10111010111011101111110010011101111
10111010110111110001001010111101111
10111010110111110010100011011101111
10111010110111110011111011011101111
10111010110111110101010011111101111
10111010011011110110101100011101111
10111010011011111000000101011101111
10111010011011111001011101111101111
10111010011111111010110110011101111
10111010011111111100001110111101111
10111010100011111101100111111101111
10111010100011111111000000011101111
10111010100100000000011000111101111
10111010101000000001110000111101111
10111010101100000011001001011101111
10111010110000000100100001011101111
10111010110100000101111001111101111
10111010111000000111010001011101111
10111011000000001000101001011101111
10111011000100001010000001011101111
10111011001100001011011000111101111
10111011001111100000100111011101111
10111011000111100001111110111101111
10111011000011100011010110111101111
10111010111011100100101110111101111
10111010110111100110000110011101111
10111010110011100111011110111101111
10111010101111101000110110111101111
10111010101011101010001111011101111
10111010100111101011100111011101111
10111010100011101100111111111101111
10111010100011101110011000011101111
10111010011111101111110001011101111
10111010011111110001001001111101111
10111010011011110010100010011101111
10111010011011110011111010111101111
10111010011011110101010011111101111
10111001111111110110101100111101111
10111010000011111000000101111101111
10111010000011111001011110011101111
10111010000011111010110111011101111
10111010000011111100010000011101111
10111010000111111101101001011101111
10111010001011111111000010011101111
10111010001000000000011010111101111
10111010001100000001110011111101111
10111010010000000011001100011101111
10111010010100000100100100111101111
10111010011100000101111101011101111
10111010100000000111010101011101111
10111010100100001000101101011101111
10111010101100001010000101011101111
10111010110000001011011101011101111
10111010110011100000100010111101111
10111010101111100001111010111101111
10111010100111100011010010111101111
10111010100011100100101010111101111
10111010011111100110000010111101111
10111010010111100111011011011101111
10111010010011101000110011111101111
10111010001111101010001100011101111
10111010001011101011100101011101111
10111010001011101100111101111101111
10111010000111101110010110111101111
10111010000011101111101111111101111
10111010000011110001001000111101111
10111010000011110010100001111101111
10111010000011110011111010011101111
10111001111111110101010011011101111
10111001100111110110101100111101111
10111001100111111000000101111101111
10111001100111111001011111011101111
10111001100111111010111000111101111
10111001101011111100010001111101111
10111001101011111101101010111101111
10111001101111111111000100011101111
10111001110000000000011101011101111
10111001110100000001110110011101111
10111001111000000011001111011101111
10111001111100000100100111111101111
10111010000000000110000000111101111
10111010000100000111011001011101111
10111010001100001000110001111101111
10111010010000001010001001111101111
10111010011000001011100010011101111
10111010011011100000011101111101111
10111010010011100001110110011101111
10111010001111100011001110011101111
10111010000111100100100110111101111
10111010000011100101111111011101111
10111001111111100111011000011101111
10111001111011101000110000111101111
10111001110111101010001001111101111
10111001110011101011100010111101111
10111001101111101100111011111101111
10111001101011101110010101011101111
10111001101011101111101110011101111
10111001100111110001000111011101111
10111001100111110010100000111101111
10111001100111110011111010011101111
10111001100111110101010011011101111
10111001001011110110101100111101111
10111001001011111000000110011101111
10111001001111111001100000011101111
10111001001111111010111001111101111
10111001001111111100010011011101111
10111001010011111101101100111101111
10111001010111111111000110011101111
10111001010100000000011111111101111
10111001011000000001111000111101111
10111001011100000011010010011101111
10111001100000000100101011011101111
10111001100100000110000100011101111
10111001101100000111011101011101111
10111001110000001000110101111101111
10111001111000001010001110011101111
10111001111100001011100110111101111
10111001111111100000011001011101111
10111001111011100001110001111101111
10111001110011100011001010011101111
10111001101111100100100010111101111
10111001100111100101111011111101111
10111001100011100111010100111101111
10111001011111101000101101111101111
10111001011011101010000111011101111
10111001010111101011100000011101111
10111001010111101100111001111101111
10111001010011101110010011011101111
10111001001111101111101100111101111
10111001001111110001000110011101111
10111001001111110010011111111101111
10111001001011110011111001111101111
10111001001011110101010011011101111
10111111010111110110101010111101111
10111111010111110111111111111101111
10111111010111111001010100111101111
10111111010111111010101001111101111
10111111011011111011111111011101111
10111111011011111101010100011101111
10111111011111111110101001011101111
10111111100011111111111110011101111
10111111100000000001010010111101111
10111111100100000010100111111101111
10111111101000000011111100011101111
10111111101100000101010001011101111
10111111110100000110100101111101111
10111111111000000111111001111101111
10111111111100001001001110011101111
11000000000100001010100010011101110
11000000000111100001011101111101110
10111111111111100010110001111101111
10111111111011100100000110011101111
10111111110111100101011010011101111
10111111101111100110101110111101111
10111111101011101000000011111101111
10111111100111101001011000011101111
10111111100011101010101101011101111
10111111100011101100000001111101111
10111111011111101101010110111101111
10111111011011101110101011111101111
10111111011011110000000000111101111
10111111010111110001010110011101111
10111111010111110010101011011101111
10111111010111110100000000011101111
10111111010111110101010101011101111
10111110111011110110101010111101111
10111110111011111000000000011101111
10111110111011111001010101111101111
10111110111111111010101010111101111
10111110111111111100000000011101111
10111111000011111101010101111101111
10111111000011111110101010111101111
10111111000100000000000000011101111
10111111001000000001010101011101111
10111111001100000010101010011101111
10111111010000000011111111011101111
10111111010100000101010100011101111
10111111011000000110101001011101111
10111111100000000111111101111101111
10111111100100001001010010011101111
10111111101100001010100110111101111
10111111101111100001011001011101111
10111111100111100010101101111101111
10111111100011100100000010011101111
10111111011011100101010110111101111
10111111010111100110101011111101111
10111111010011101000000000111101111
10111111001111101001010101111101111
10111111001011101010101010111101111
10111111000111101011111111111101111
10111111000011101101010101011101111
10111111000011101110101010011101111
10111110111111101111111111111101111
10111110111111110001010101011101111
10111110111011110010101010011101111
10111110111011110011111111111101111
10111110111011110101010101011101111
10111110100011110110101010111101111
10111110100011111000000000111101111
10111110100011111001010110011101111
10111110100011111010101011111101111
10111110100111111100000001111101111
10111110100111111101010111011101111
10111110101011111110101100111101111
10111110101000000000000010011101111
10111110101100000001010111111101111
10111110110000000010101101011101111
10111110110100000100000010011101111
10111110111000000101010111111101111
10111111000000000110101100111101111
10111111000100001000000001111101111
10111111001000001001010110011101111
10111111010000001010101011011101111
10111111010011100001010100111101111
10111111001011100010101001111101111
10111111000111100011111110011101111
10111111000011100101010011011101111
10111110111011100110101000011101111
10111110110111100111111101111101111
10111110110011101001010010111101111
10111110101111101010101000011101111
10111110101011101011111101111101111
10111110101011101101010011011101111
10111110100111101110101000111101111
10111110100111101111111110011101111
10111110100011110001010100011101111
10111110100011110010101001111101111
10111110100011110011111111011101111
10111110100011110101010101011101111
10111110000111110110101011011101111
10111110000111111000000001011101111
10111110000111111001010111011101111
10111110001011111010101100111101111
10111110001011111100000010111101111
10111110001111111101011000111101111
10111110001111111110101110111101111
10111110010000000000000100011101111
10111110010100000001011010011101111
10111110011000000010101111111101111
10111110011100000100000101011101111
10111110100000000101011010111101111
10111110100100000110110000011101111
10111110101000001000000101011101111
10111110110000001001011010111101111
10111110111000001010101111111101111
10111110111011100001010000011101111
10111110110011100010100101011101111
10111110101011100011111010111101111
10111110100111100101001111111101111
10111110100011100110100101011101111
10111110011111100111111010111101111
10111110011011101001010000011101111
10111110010111101010100101111101111
10111110010011101011111011111101111
10111110001111101101010001011101111
10111110001111101110100111011101111
10111110001011101111111101011101111
10111110001011110001010011011101111
10111110000111110010101000111101111
10111110000111110011111110111101111
10111110000111110101010100111101111
10111101101011110110101011011101111
10111101101111111000000001011101111
10111101101111111001010111111101111
10111101101111111010101110011101111
10111101101111111100000100011101111
10111101110011111101011010011101111
10111101110111111110110000111101111
10111101110100000000000110111101111
10111101111000000001011100111101111
10111101111100000010110010111101111
10111110000000000100001000011101111
10111110000100000101011110011101111
10111110001100000110110011111101111
10111110010000001000001001011101111
10111110010100001001011110111101111
10111110011100001010110100011101111
10111110011111100001001011111101111
10111110010111100010100001011101111
10111110010011100011110110111101111
10111110001111100101001100011101111
10111110000111100110100001111101111
10111110000011100111110111111101111
10111101111111101001001101011101111
10111101111011101010100011011101111
10111101110111101011111001011101111
10111101110111101101001111011101111
10111101110011101110100101111101111
10111101101111101111111011111101111
10111101101111110001010001111101111
10111101101111110010101000011101111
10111101101111110011111110111101111
10111101101011110101010100111101111
10111101010011110110101011011101111
10111101010011111000000001111101111
10111101010011111001011000011101111
10111101010011111010101111011101111
10111101010111111100000101111101111
10111101010111111101011100011101111
10111101011011111110110010011101111
10111101011100000000001000111101111
10111101100000000001011111011101111
10111101100100000010110101011101111
10111101101000000100001011011101111
10111101101100000101100001111101111
10111101110000000110110111011101111
10111101110100001000001101011101111
10111101111100001001100010111101111
10111110000000001010111000011101111
10111110000011100001000111111101111
10111101111111100010011101011101111
10111101110111100011110010111101111
10111101110011100101001000111101111
10111101101111100110011110011101111
10111101101011100111110100111101111
10111101100111101001001010111101111
10111101100011101010100000111101111
10111101011111101011110111011101111
10111101011011101101001101111101111
10111101010111101110100011111101111
10111101010111101111111010011101111
10111101010011110001010000111101111
10111101010011110010100111111101111
10111101010011110011111110011101111
10111101010011110101010100111101111
10111100110111110110101011011101111
10111100110111111000000010011101111
10111100111011111001011001011101111
10111100111011111010110000011101111
10111100111011111100000110111101111
10111100111111111101011101111101111
10111101000011111110110100011101111
10111101000000000000001011011101111
10111101000100000001100001111101111
10111101001000000010111000011101111
10111101001100000100001110111101111
10111101010000000101100100111101111
10111101011000000110111011011101111
10111101011100001000010001011101111
10111101100000001001100111011101111
10111101101000001010111100111101111
10111101101011100001000011011101111
10111101100011100010011000111101111
10111101011111100011101110111101111
10111101011011100101000100111101111
10111101010011100110011011011101111
10111101001111100111110001011101111
10111101001011101001000111111101111
10111101000111101010011110011101111
10111101000011101011110100111101111
10111101000011101101001011111101111
10111100111111101110100010011101111
10111100111011101111111001011101111
10111100111011110001001111111101111
10111100111011110010100110111101111
10111100110111110011111101111101111
10111100110111110101010100111101111
10111100011111110110101011111101111
10111100011111111000000010111101111
10111100011111111001011001111101111
10111100011111111010110001011101111
10111100100011111100001000011101111
10111100100011111101011111011101111
10111100100111111110110110011101111
10111100101000000000001101011101111
10111100101100000001100100011101111
10111100110000000010111010111101111
10111100110100000100010001111101111
10111100111000000101101000011101111
10111100111100000110111110111101111
10111101000000001000010101011101111
10111101001000001001101011011101111
10111101001100001011000001111101111
10111101001111100000111110011101111
10111101001011100010010100111101111
10111101000011100011101010111101111
10111100111111100101000001011101111
10111100111011100110010111111101111
10111100110111100111101110011101111
10111100110011101001000101011101111
10111100101111101010011011111101111
10111100101011101011110010111101111
10111100100111101101001001111101111
10111100100011101110100000111101111
10111100100011101111110111111101111
10111100011111110001001110111101111
10111100011111110010100110011101111
10111100011111110011111101011101111
10111100011111110101010100011101111
