10110011111111011001100110011000000000000000000000000000000000000000101111111111100100100001111110110110000000000000000000000000000000111111110000101100011100010000110000000000000000000000000000000011111110000100011110101110000101100000000000000000000000000000010000000011100100111001000100000000000000000000000000000000000010111111101111110100011010111000000000000000000000000000000000000100000001100011010000001111010111000000000000000000000000000000
10110011111111011001100110011100000000000000000000000000000000000000101111111111100100100001111110110110000000000000000000000000000000111111110000101100011100010000110000000000000000000000000000000011111110000100011110101110000101100000000000000000000000000000010000000011100100111001000100000000000000000000000000000000000000111111110010001001001100000010100000000000000000000000000000000100000001100011000111101000111101100000000000000000000000000000
10110011111111011001100110011000000000000000000000000000000000000000101111111111100100100001111110110110000000000000000000000000000000111111110000101100011100010000110000000000000000000000000000000011111110000100011110101110000101100000000000000000000000000000010000000011111000101110001010000010000000000000000000000000000010111111110100111000110000110100000000000000000000000000000000000100000001100011011111110000101001000000000000000000000000000000
10110011111111011001100110011100000000000000000000000000000000000000101111111111100100100001111110110110000000000000000000000000000000111111110000101100011100010000110000000000000000000000000000000011111110000100011110101110000101100000000000000000000000000000010000000011111000101110001010000010000000000000000000000000000010111111101001100101011100010000000000000000000000000000000000000100000001100011101000010111000010100000000000000000000000000000
10110011111111011001100110011000000000000000000000000000000000000000101111111111100100100001111110110110000000000000000000000000000000111111110000101100011100010000110000000000000000000000000000000011111110000100011110101110000101100000000000000000000000000000010000000011111000101110001010000010000000000000000000000000000000111111110010111110110011011110100000000000000000000000000000000100000001100011011111110000101001000000000000000000000000000000
10110011111111011001100110011100000000000000000000000000000000000000101111111111100100100001111110110110000000000000000000000000000000111111110000101100011100010000110000000000000000000000000000000011111110000100011110101110000101100000000000000000000000000000010000000100000011101000100010011010000000000000000000000000000010111111110100111000110000110100000000000000000000000000000000000100000001100011000111101000111101100000000000000000000000000000
10110011111111011001100110011000000000000000000000000000000000000000101111111111100100100001111110110110000000000000000000000000000000111111110000101100011100010000110000000000000000000000000000000011111110000100011110101110000101100000000000000000000000000000010000000100000011101000100010011010000000000000000000000000000010111111101001100101011100010000000000000000000000000000000000000100000001100011010000001111010111000000000000000000000000000000
10110011111111011001100110011100000000000000000000000000000000000000101111111111100100100001111110110110000000000000000000000000000000111111110000101100011100010000110000000000000000000000000000000011111110000100011110101110000101100000000000000000000000000000010000000100000011101000100010011010000000000000000000000000000000111111110010111110110011011110100000000000000000000000000000000100000001100011000111101000111101100000000000000000000000000000
10110011111111011001100110011000000000000000000000000000000000000000101111111111100100100001111110110110000000000000000000000000000000111111110000101100011100010000110000000000000000000000000000000011111110000100011110101110000101100000000000000000000000000000010000000100001101101001110100010100000000000000000000000000000010111111110010110010000010011100000000000000000000000000000000000100000001100011011111110000101001000000000000000000000000000000
10110011111111011001100110011100000000000000000000000000000000000000101111111111100100100001111110110110000000000000000000000000000000111111110000101100011100010000110000000000000000000000000000000011111110000100011110101110000101100000000000000000000000000000010000000100001101101001110100010100000000000000000000000000000000111111100010011000100000101000100000000000000000000000000000000100000001100011101000010111000010100000000000000000000000000000
10110011111111011001100110011000000000000000000000000000000000000000101111111111100100100001111110110110000000000000000000000000000000111111110000101100011100010000110000000000000000000000000000000011111110000100011110101110000101100000000000000000000000000000010000000100001101101001110100010110000000000000000000000000000000111111110011100101000110100010100000000000000000000000000000000100000001100011011111110000101001000000000000000000000000000000
10010011111111000100011110101110010101000000000000000000000000000000000000000000000000000000000000000000000000000000000000000000000000111111110000101100011100010000110000000000000000000000000000000011111110000100011110101110000101100000000000000000000000000000010000000100001010001011111001111000000000000000000000000000000010111111110100000101001101010110000000000000000000000000000000001100000000110110010000011011000010000000000000000000000000000000
10010011111111000100011110101101110000100000000000000000000000000000000000000000000000000000000000000000000000000000000000000000000000111111110000101100011100010000110000000000000000000000000000000011111110000100011110101110000101100000000000000000000000000000010000000100001011010000010000011000000000000000000000000000000010111111110100000101001101010110000000000000000000000000000000001100000000110010001110100011000001100000000000000000000000000000
10010011111111000100011110101110010101000000000000000000000000000000000000000000000000000000000000000000000000000000000000000000000000111111110000101100011100010000110000000000000000000000000000000011111110000100011110101110000101100000000000000000000000000000010000000100001010001011111001111000000000000000000000000000000010111111110100000101001101010110000000000000000000000000000000001100000000101010110100000100100000100000000000000000000000000000
10010011111111000100011110101101110000100000000000000000000000000000000000000000000000000000000000000000000000000000000000000000000000111111110000101100011100010000110000000000000000000000000000000011111110000100011110101110000101100000000000000000000000000000010000000100001011010000010000011000000000000000000000000000000010111111110100000101001101010110000000000000000000000000000000001100000000100010010100010100111110000000000000000000000000000000
10010011111111000100011110101110010101000000000000000000000000000000000000000000000000000000000000000000000000000000000000000000000000111111110000101100011100010000110000000000000000000000000000000011111110000100011110101110000101100000000000000000000000000000010000000100001010001011111001111000000000000000000000000000000010111111110100000101001101010110000000000000000000000000000000001100000000010001111000000011010001100000000000000000000000000000
10010011111111000100011110101101110000100000000000000000000000000000001111001000000111111111001110110010000000000000000000000000000000111111110000101100011100010000110000000000000000000000000000000011111110000100011110101110000101100000000000000000000000000000010000000100001011010000010000011000000000000000000000000000000010111111110100000101001101010110000000000000000000000000000000000011110011101100000000101101000100000000000000000000000000000000
10010011111111000100011110101110010101000000000000000000000000000000000000000000000000000000000000000000000000000000000000000000000000111111110000101100011100010000110000000000000000000000000000000011111110000100011110101110000101100000000000000000000000000000010000000100001010001011111001111000000000000000000000000000000010111111110100000101001101010110000000000000000000000000000000000100000000010001111000000011010001100000000000000000000000000000
10010011111111000100011110101101110000100000000000000000000000000000000000000000000000000000000000000000000000000000000000000000000000111111110000101100011100010000110000000000000000000000000000000011111110000100011110101110000101100000000000000000000000000000010000000100001011010000010000011000000000000000000000000000000010111111110100000101001101010110000000000000000000000000000000000100000000100010010100010100111110000000000000000000000000000000
10010011111111000100011110101110010101000000000000000000000000000000000000000000000000000000000000000000000000000000000000000000000000111111110000101100011100010000110000000000000000000000000000000011111110000100011110101110000101100000000000000000000000000000010000000100001010001011111001111000000000000000000000000000000010111111110100000101001101010110000000000000000000000000000000000100000000101010110100000100100000100000000000000000000000000000
10010011111111000100011110101101110000100000000000000000000000000000000000000000000000000000000000000000000000000000000000000000000000111111110000101100011100010000110000000000000000000000000000000011111110000100011110101110000101100000000000000000000000000000010000000100001011010000010000011000000000000000000000000000000010111111110100000101001101010110000000000000000000000000000000000100000000110010001110100011000001100000000000000000000000000000
10010011111111000100011110101110010101000000000000000000000000000000000000000000000000000000000000000000000000000000000000000000000000111111110000101100011100010000110000000000000000000000000000000011111110000100011110101110000101100000000000000000000000000000010000000100001010001011111001111000000000000000000000000000000010111111110100000101001101010110000000000000000000000000000000000100000000110110010000011011000010000000000000000000000000000000
10010011111111000100011110101111100110100000000000000000000000000000000000000000000000000000000000000000000000000000000000000000000000111111110000101100011100010000110000000000000000000000000000000011111110000100011110101110000101100000000000000000000000000000010000000100001010001011111001111000000000000000000000000000000000111111110011010011011011010010100000000000000000000000000000001100000000110110010000011011000010000000000000000000000000000000
10010011111111000100011110101101100111100000000000000000000000000000000000000000000000000000000000000000000000000000000000000000000000111111110000101100011100010000110000000000000000000000000000000011111110000100011110101110000101100000000000000000000000000000010000000100001011010000010000011010000000000000000000000000000000111111110011010011011011010010100000000000000000000000000000001100000000110010001110100011000001100000000000000000000000000000
10010011111111000100011110101111100110100000000000000000000000000000000000000000000000000000000000000000000000000000000000000000000000111111110000101100011100010000110000000000000000000000000000000011111110000100011110101110000101100000000000000000000000000000010000000100001010001011111001111000000000000000000000000000000000111111110011010011011011010010100000000000000000000000000000001100000000101010110100000100100000100000000000000000000000000000
10010011111111000100011110101101100111100000000000000000000000000000000000000000000000000000000000000000000000000000000000000000000000111111110000101100011100010000110000000000000000000000000000000011111110000100011110101110000101100000000000000000000000000000010000000100001011010000010000011010000000000000000000000000000000111111110011010011011011010010100000000000000000000000000000001100000000100010010100010100111110000000000000000000000000000000
10010011111111000100011110101111100110100000000000000000000000000000000000000000000000000000000000000000000000000000000000000000000000111111110000101100011100010000110000000000000000000000000000000011111110000100011110101110000101100000000000000000000000000000010000000100001010001011111001111000000000000000000000000000000000111111110011010011011011010010100000000000000000000000000000001100000000010001111000000011010001100000000000000000000000000000
10010011111111000100011110101101100111100000000000000000000000000000001111001001111011001001011010001010000000000000000000000000000000111111110000101100011100010000110000000000000000000000000000000011111110000100011110101110000101100000000000000000000000000000010000000100001011010000010000011010000000000000000000000000000000111111110011010011011011010010100000000000000000000000000000000011110010110011001000101010100100000000000000000000000000000000
10010011111111000100011110101111100110100000000000000000000000000000000000000000000000000000000000000000000000000000000000000000000000111111110000101100011100010000110000000000000000000000000000000011111110000100011110101110000101100000000000000000000000000000010000000100001010001011111001111000000000000000000000000000000000111111110011010011011011010010100000000000000000000000000000000100000000010001111000000011010001100000000000000000000000000000
10010011111111000100011110101101100111100000000000000000000000000000000000000000000000000000000000000000000000000000000000000000000000111111110000101100011100010000110000000000000000000000000000000011111110000100011110101110000101100000000000000000000000000000010000000100001011010000010000011010000000000000000000000000000000111111110011010011011011010010100000000000000000000000000000000100000000100010010100010100111110000000000000000000000000000000
10010011111111000100011110101111100110100000000000000000000000000000000000000000000000000000000000000000000000000000000000000000000000111111110000101100011100010000110000000000000000000000000000000011111110000100011110101110000101100000000000000000000000000000010000000100001010001011111001111000000000000000000000000000000000111111110011010011011011010010100000000000000000000000000000000100000000101010110100000100100000100000000000000000000000000000
10010011111111000100011110101101100111100000000000000000000000000000000000000000000000000000000000000000000000000000000000000000000000111111110000101100011100010000110000000000000000000000000000000011111110000100011110101110000101100000000000000000000000000000010000000100001011010000010000011010000000000000000000000000000000111111110011010011011011010010100000000000000000000000000000000100000000110010001110100011000001100000000000000000000000000000
10010011111111000100011110101111100110100000000000000000000000000000000000000000000000000000000000000000000000000000000000000000000000111111110000101100011100010000110000000000000000000000000000000011111110000100011110101110000101100000000000000000000000000000010000000100001010001011111001111000000000000000000000000000000000111111110011010011011011010010100000000000000000000000000000000100000000110110010000011011000010000000000000000000000000000000
10010011111111010000101000111101010110100000000000000000000000000000101111111110011001010111000101101010000000000000000000000000000000111111110000101100011100010000110000000000000000000000000000000011111110000100011110101110000101100000000000000000000000000000010000000100001101001100110110100110000000000000000000000000000010111111110100000101001101100000000000000000000000000000000000000100000000111011101001111110001110000000000000000000000000000000
10010011111111010000101000111101011110100000000000000000000000000000101111111110011001010111000010101110000000000000000000000000000000111111110000101100011100010000110000000000000000000000000000000011111110000100011110101110000101100000000000000000000000000000010000000100001010111111111100100110000000000000000000000000000010111111100010110111111011000000000000000000000000000000000000000100000000111011000100101000011111000000000000000000000000000000
10010011111111010000101000111101101001000000000000000000000000000000101111111110011001010111000101101010000000000000000000000000000000111111110000101100011100010000110000000000000000000000000000000011111110000100011110101110000101100000000000000000000000000000010000000100001101001100110110100110000000000000000000000000000000111111110011010011011010111010100000000000000000000000000000000100000000111011101001111110001110000000000000000000000000000000
10010011111111010000101000111101010110100000000000000000000000000000101111111110011001010111000101101010000000000000000000000000000000111111110000101100011100010000110000000000000000000000000000000011111110000100011110101110000101100000000000000000000000000000010000000100001101001100110110100110000000000000000000000000000010111111110100000101001101100000000000000000000000000000000000000100000001000000011011101011111101100000000000000000000000000000
10010011111111010000101000111101110011000000000000000000000000000000101111111110011001010111000101101010000000000000000000000000000000111111110000101100011100010000110000000000000000000000000000000011111110000100011110101110000101100000000000000000000000000000010000000100001010111111111100100110000000000000000000000000000010111111100010110111111011000000000000000000000000000000000000000100000001000000001001000001000110000000000000000000000000000000
10010011111111010000101000111101101001000000000000000000000000000000101111111110011001010111000101101010000000000000000000000000000000111111110000101100011100010000110000000000000000000000000000000011111110000100011110101110000101100000000000000000000000000000010000000100001101001100110110100110000000000000000000000000000000111111110011010011011010111010100000000000000000000000000000000100000001000000011011101011111101100000000000000000000000000000
10010011111111010000101000111101010110100000000000000000000000000000101111111110011001010111000101101010000000000000000000000000000000111111110000101100011100010000110000000000000000000000000000000011111110000100011110101110000101100000000000000000000000000000010000000100001101001100110110100110000000000000000000000000000010111111110100000101001101100000000000000000000000000000000000000100000001000011010000001111011001000000000000000000000000000000
10010011111111010000101000111101110011000000000000000000000000000000101111111110011001010111000101101010000000000000000000000000000000111111110000101100011100010000110000000000000000000000000000000011111110000100011110101110000101100000000000000000000000000000010000000100001010111111111100100110000000000000000000000000000010111111100010110111111011000000000000000000000000000000000000000100000001000010111101100100100001100000000000000000000000000000
10010011111111010000101000111101101001000000000000000000000000000000101111111110011001010111000101101010000000000000000000000000000000111111110000101100011100010000110000000000000000000000000000000011111110000100011110101110000101100000000000000000000000000000010000000100001101001100110110100110000000000000000000000000000000111111110011010011011010111010100000000000000000000000000000000100000001000011010000001111011001000000000000000000000000000000
10010011111111010000101000111100111111100000000000000000000000000000101111111110111010110111110010001010000000000000000000000000000000111111110000101100011100010000110000000000000000000000000000000011111110000100011110101110000101100000000000000000000000000000010000000100001100000011010000011000000000000000000000000000000010111111110100000101001101100000000000000000000000000000000000000100000001000101111101100110001110000000000000000000000000000000
10010011111111010000101000111101101100100000000000000000000000000000101111111110111010110111101011110110000000000000000000000000000000111111110000101100011100010000110000000000000000000000000000000011111110000100011110101110000101100000000000000000000000000000010000000100001010100011001001010000000000000000000000000000000010111111100010110111111011000000000000000000000000000000000000000100000001000101100111100111001100100000000000000000000000000000
10010011111111010000101000111101100000100000000000000000000000000000101111111110111010110111101011110110000000000000000000000000000000111111110000101100011100010000110000000000000000000000000000000011111110000100011110101110000101100000000000000000000000000000010000000100001100000011010000010110000000000000000000000000000000111111110011010011011010111010100000000000000000000000000000000100000001000101111101100110001110000000000000000000000000000000
10010011111111010000101000111100111111100000000000000000000000000000101111111110111010110111110010001010000000000000000000000000000000111111110000101100011100010000110000000000000000000000000000000011111110000100011110101110000101100000000000000000000000000000010000000100001100000011010000011000000000000000000000000000000010111111110100000101001101100000000000000000000000000000000000000100000001001001001011110001101100000000000000000000000000000000
10010011111111010000101000111101101100100000000000000000000000000000101111111110111010110111101011110110000000000000000000000000000000111111110000101100011100010000110000000000000000000000000000000011111110000100011110101110000101100000000000000000000000000000010000000100001010100011001001010000000000000000000000000000000010111111100010110111111011000000000000000000000000000000000000000100000001001000110101110010101010100000000000000000000000000000
10010011111111010000101000111101100000100000000000000000000000000000101111111110111010110111101011110110000000000000000000000000000000111111110000101100011100010000110000000000000000000000000000000011111110000100011110101110000101100000000000000000000000000000010000000100001100000011010000010110000000000000000000000000000000111111110011010011011010111010100000000000000000000000000000000100000001001001001011110001101100000000000000000000000000000000
10010011111111010000101000111100111111100000000000000000000000000000101111111110111010110111110010001010000000000000000000000000000000111111110000101100011100010000110000000000000000000000000000000011111110000100011110101110000101100000000000000000000000000000010000000100001100000011010000011000000000000000000000000000000010111111110100000101001101100000000000000000000000000000000000000100000001001100110000101000010111100000000000000000000000000000
10010011111111010000101000111110100001000000000000000000000000000000101111111110111010110111110000010010000000000000000000000000000000111111110000101100011100010000110000000000000000000000000000000011111110000100011110101110000101100000000000000000000000000000010000000100001010100011001001010000000000000000000000000000000010111111100010110111111011000000000000000000000000000000000000000100000001001100011010101001010110100000000000000000000000000000
10010011111111010000101000111101100000100000000000000000000000000000101111111110111010110111101011110110000000000000000000000000000000111111110000101100011100010000110000000000000000000000000000000011111110000100011110101110000101100000000000000000000000000000010000000100001100000011010000010110000000000000000000000000000000111111110011010011011010111010100000000000000000000000000000000100000001001100110000101000010111100000000000000000000000000000
10010011111111010000101000111100001011000000000000000000000000000000101111111110111010110111101101110000000000000000000000000000000000111111110000101100011100010000110000000000000000000000000000000011111110000100011110101110000101100000000000000000000000000000010000000100001100000011010000011000000000000000000000000000000010111111110100000101001101100000000000000000000000000000000000000100000001010000010110011110000001000000000000000000000000000000
10010011111111010000101000111110100001000000000000000000000000000000101111111110111010110111110000010010000000000000000000000000000000111111110000101100011100010000110000000000000000000000000000000011111110000100011110101110000101100000000000000000000000000000010000000100001010100011001001010000000000000000000000000000000010111111100010110111111011000000000000000000000000000000000000000100000001010000001011011110100000100000000000000000000000000000
10010011111111010000101000111100101100000000000000000000000000000000101111111110111010110111100111011100000000000000000000000000000000111111110000101100011100010000110000000000000000000000000000000011111110000100011110101110000101100000000000000000000000000000010000000100001100000011010000010110000000000000000000000000000000111111110011010011011010111010100000000000000000000000000000000100000001010000010110011110000001000000000000000000000000000000
10010011111111011001100110011001010111100000000000000000000000000000101111111111001011111101001111010100000000000000000000000000000000111111110000101100011100010000110000000000000000000000000000000011111110000100011110101110000101100000000000000000000000000000010000000100001011011100110011110110000000000000000000000000000010111111110100000101001101100000000000000000000000000000000000000100000001010010010111010101011000100000000000000000000000000000
10010011111111011001100110011001011011100000000000000000000000000000101111111111001011111101001111010100000000000000000000000000000000111111110000101100011100010000110000000000000000000000000000000011111110000100011110101110000101100000000000000000000000000000010000000100001010010110011000111100000000000000000000000000000010111111100010110111111011000000000000000000000000000000000000000100000001010010001011010110000010100000000000000000000000000000
10010011111111011001100110011001010111100000000000000000000000000000101111111111001011111101001111010100000000000000000000000000000000111111110000101100011100010000110000000000000000000000000000000011111110000100011110101110000101100000000000000000000000000000010000000100001011011100110011110110000000000000000000000000000000111111110011010011011010111010100000000000000000000000000000000100000001010010010111010101011000100000000000000000000000000000
10010011111111011001100110011001010111100000000000000000000000000000101111111111001011111101001111010100000000000000000000000000000000111111110000101100011100010000110000000000000000000000000000000011111110000100011110101110000101100000000000000000000000000000010000000100001011011100110011110110000000000000000000000000000010111111110100000101001101100000000000000000000000000000000000000100000001010100101111111110111101000000000000000000000000000000
10010011111111011001100110011001011011100000000000000000000000000000101111111111001011111101001111010100000000000000000000000000000000111111110000101100011100010000110000000000000000000000000000000011111110000100011110101110000101100000000000000000000000000000010000000100001010010110011000111100000000000000000000000000000010111111100010110111111011000000000000000000000000000000000000000100000001010100100011111111100111000000000000000000000000000000
10010011111111011001100110011001010111100000000000000000000000000000101111111111001011111101001111010100000000000000000000000000000000111111110000101100011100010000110000000000000000000000000000000011111110000100011110101110000101100000000000000000000000000000010000000100001011011100110011110110000000000000000000000000000000111111110011010011011010111010100000000000000000000000000000000100000001010100101111111110111101000000000000000000000000000000
10010011111111011001100110011001010111100000000000000000000000000000101111111111001011111101001111010100000000000000000000000000000000111111110000101100011100010000110000000000000000000000000000000011111110000100011110101110000101100000000000000000000000000000010000000100001011011100110011110110000000000000000000000000000010111111110100000101001101100000000000000000000000000000000000000100000001010111011011000111000011000000000000000000000000000000
10010011111111011001100110011011010010000000000000000000000000000000101111111111001011111101010001001100000000000000000000000000000000111111110000101100011100010000110000000000000000000000000000000011111110000100011110101110000101100000000000000000000000000000010000000100001010010110011000111100000000000000000000000000000010111111100010110111111011000000000000000000000000000000000000000100000001010111001111000111101101000000000000000000000000000000
10010011111111011001100110011001010111100000000000000000000000000000101111111111001011111101001111010100000000000000000000000000000000111111110000101100011100010000110000000000000000000000000000000011111110000100011110101110000101100000000000000000000000000000010000000100001011011100110011110110000000000000000000000000000000111111110011010011011010111010100000000000000000000000000000000100000001010111011011000111000011000000000000000000000000000000
10010011111111011001100110011001010111100000000000000000000000000000101111111111001011111101001111010100000000000000000000000000000000111111110000101100011100010000110000000000000000000000000000000011111110000100011110101110000101100000000000000000000000000000010000000100001011011100110011110110000000000000000000000000000010111111110100000101001101100000000000000000000000000000000000000100000001011010011011111110101001100000000000000000000000000000
10010011111111011001100110011001011011100000000000000000000000000000101111111111001011111101001111010100000000000000000000000000000000111111110000101100011100010000110000000000000000000000000000000011111110000100011110101110000101100000000000000000000000000000010000000100001010010110011000111100000000000000000000000000000010111111100010110111111011000000000000000000000000000000000000000100000001011010001111111111010011100000000000000000000000000000
10010011111111011001100110011001010111100000000000000000000000000000101111111111001011111101001111010100000000000000000000000000000000111111110000101100011100010000110000000000000000000000000000000011111110000100011110101110000101100000000000000000000000000000010000000100001011011100110011110110000000000000000000000000000000111111110011010011011010111010100000000000000000000000000000000100000001011010011011111110101001100000000000000000000000000000
10010011111111011001100110011011001110000000000000000000000000000000101111111111001011111101010001001100000000000000000000000000000000111111110000101100011100010000110000000000000000000000000000000011111110000100011110101110000101100000000000000000000000000000010000000100001011011100110011110110000000000000000000000000000010111111110100000101001101100000000000000000000000000000000000000100000001011101110001011010110011100000000000000000000000000000
10010011111111011001100110011001011011100000000000000000000000000000101111111111001011111101001111010100000000000000000000000000000000111111110000101100011100010000110000000000000000000000000000000011111110000100011110101110000101100000000000000000000000000000010000000100001010010110011000111100000000000000000000000000000010111111100010110111111011000000000000000000000000000000000000000100000001011101100101011011011101100000000000000000000000000000
10010011111111011001100110011011001110100000000000000000000000000000101111111111001011111101010001001100000000000000000000000000000000111111110000101100011100010000110000000000000000000000000000000011111110000100011110101110000101100000000000000000000000000000010000000100001011011100110011110110000000000000000000000000000000111111110011010011011010111010100000000000000000000000000000000100000001011101110001011010110011100000000000000000000000000000
00000000000000000000000000000000000000000000000000000000000000000000000000000000000000000000000000000000000000000000000000000000000000000000000000000000000000000000000000000000000000000000000000000000000000000000000000000000000000000000000000000000000000000000000000000000000000000000000000000000000000000000000000000000000000000000000000000000000000000000000000000000000000000000000000000000000000000000000000000000000000000000000000000000000000000000
00000000000000000000000000000000000000000000000000000000000000000000000000000000000000000000000000000000000000000000000000000000000000000000000000000000000000000000000000000000000000000000000000000000000000000000000000000000000000000000000000000000000000000000000000000000000000000000000000000000000000000000000000000000000000000000000000000000000000000000000000000000000000000000000000000000000000000000000000000000000000000000000000000000000000000000
00000000000000000000000000000000000000000000000000000000000000000000000000000000000000000000000000000000000000000000000000000000000000000000000000000000000000000000000000000000000000000000000000000000000000000000000000000000000000000000000000000000000000000000000000000000000000000000000000000000000000000000000000000000000000000000000000000000000000000000000000000000000000000000000000000000000000000000000000000000000000000000000000000000000000000000
