11000011111111011001100110011000000000000000000000000000000000000000101111111111100100100001111110110110000000000000000000000000000001000000000101000001100110011001101000000000000000000000000000000011111110000010011011101001011110000000000000000000000000000000010000000101000011101000011011011100000000000000000000000000000010111111110100100111100101000000010000000000000000000000000000000100000001100111000011111001100110100000000000000000000000000000
11000011111111011001100110011100000000000000000000000000000000000000101111111111100100100001111110110110000000000000000000000000000001000000000101000001100110011001101000000000000000000000000000000011111110000010011011101001011110000000000000000000000000000000010000000101000011101000011011011100000000000000000000000000000010111111110001010111101100100011010000000000000000000000000000000100000001100110111001011010111000100000000000000000000000000000
11000011111111011001100110011000000000000000000000000000000000000000101111111111100100100001111110110110000000000000000000000000000001000000000101000001100110011001101000000000000000000000000000000011111110000010011011101001011110000000000000000000000000000000010000000101000011101000011011011110000000000000000000000000000010111111101010000000111100000101000000000000000000000000000000000100000001100111000011111001100110100000000000000000000000000000
11000011111111011001100110011100000000000000000000000000000000000000101111111111100100100001111110110110000000000000000000000000000001000000000101000001100110011001101000000000000000000000000000000011111110000010011011101001011110000000000000000000000000000000010000000101000011101000011011011100000000000000000000000000000000111111101100101110011100110111100000000000000000000000000000000100000001100110111001011010111000100000000000000000000000000000
11000011111111011001100110011000000000000000000000000000000000000000101111111111100100100001111110110110000000000000000000000000000001000000000101000001100110011001101000000000000000000000000000000011111110000010011011101001011110000000000000000000000000000000010000000101000011101000011011011100000000000000000000000000000000111111110010001110101011111110000000000000000000000000000000000100000001100111000011111001100110100000000000000000000000000000
11000011111111011001100110011100000000000000000000000000000000000000101111111111100100100001111110110110000000000000000000000000000001000000000101000001100110011001101000000000000000000000000000000011111110000010011011101001011110000000000000000000000000000000010000000101000011101000011011011100000000000000000000000000000000111111110101000011000100101101100000000000000000000000000000000100000001100110111001011010111000100000000000000000000000000000
11000011111111000111000010100000000000000000000000000000000000000000101111111111100100100001111110110110000000000000000000000000000001000000000101000001100110011001101000000000000000000000000000000011111110000010011011101001011110000000000000000000000000000000010000000101001110001000010100100000000000000000000000000000000010111111110100101011111111110100000000000000000000000000000000000100000001100111011100000001010010000000000000000000000000000000
11000011111111000111000010101000000000000000000000000000000000000000101111111111100100100001111110110110000000000000000000000000000001000000000101000001100110011001101000000000000000000000000000000011111110000010011011101001011110000000000000000000000000000000010000000101001110001000010100011110000000000000000000000000000010111111110001110010001101011000101000000000000000000000000000000100000001100111010001100010100100000000000000000000000000000000
11000011111111000111000010100000000000000000000000000000000000000000101111111111100100100001111110110110000000000000000000000000000001000000000101000001100110011001101000000000000000000000000000000011111110000010011011101001011110000000000000000000000000000000010000000101001110001000010100011110000000000000000000000000000010111111101100011000110110010001100000000000000000000000000000000100000001100111011100000001010010000000000000000000000000000000
11000011111111000111000010101000000000000000000000000000000000000000101111111111100100100001111110110110000000000000000000000000000001000000000101000001100110011001101000000000000000000000000000000011111110000010011011101001011110000000000000000000000000000000010000000101001110001000010100011110000000000000000000000000000000111111101001100101011100011010000000000000000000000000000000000100000001100111010001100010100100000000000000000000000000000000
11000011111111000111000010100000000000000000000000000000000000000000101111111111100100100001111110110110000000000000000000000000000001000000000101000001100110011001101000000000000000000000000000000011111110000010011011101001011110000000000000000000000000000000010000000101001110001000010100011110000000000000000000000000000000111111110000111111001001010110100000000000000000000000000000000100000001100111011100000001010010000000000000000000000000000000
11000011111111000111000010101000000000000000000000000000000000000000101111111111100100100001111110110110000000000000000000000000000001000000000101000001100110011001101000000000000000000000000000000011111110000010011011101001011110000000000000000000000000000000010000000101001110001000010100011110000000000000000000000000000000111111110100010010011101110010110000000000000000000000000000000100000001100111010001100010100100000000000000000000000000000000
11000011111111000111000010100000000000000000000000000000000000000000101111111111100100100001111110110110000000000000000000000000000001000000000101000001100110011001101000000000000000000000000000000011111110000010011011101001011110000000000000000000000000000000010000000101010110011011011110011100000000000000000000000000000010111111110100110011001011011000111000000000000000000000000000000100000001100111000011111001100110100000000000000000000000000000
11000011111111000111000010101000000000000000000000000000000000000000101111111111100100100001111110110110000000000000000000000000000001000000000101000001100110011001101000000000000000000000000000000011111110000010011011101001011110000000000000000000000000000000010000000101010110011011011110011100000000000000000000000000000010111111110010011101010010110100001000000000000000000000000000000100000001100110111001011010111000100000000000000000000000000000
11000011111111000111000010100000000000000000000000000000000000000000101111111111100100100001111110110110000000000000000000000000000001000000000101000001100110011001101000000000000000000000000000000011111110000010011011101001011110000000000000000000000000000000010000000101010110011011011110011010000000000000000000000000000010111111101110101000011101101100100000000000000000000000000000000100000001100111000011111001100110100000000000000000000000000000
11000011111111000111000010101000000000000000000000000000000000000000101111111111100100100001111110110110000000000000000000000000000001000000000101000001100110011001101000000000000000000000000000000011111110000010011011101001011110000000000000000000000000000000010000000101010110011011011110011010000000000000000000000000000010111111011101100101011100010000000000000000000000000000000000000100000001100110111001011010111000100000000000000000000000000000
11000011111111000111000010100000000000000000000000000000000000000000101111111111100100100001111110110110000000000000000000000000000001000000000101000001100110011001101000000000000000000000000000000011111110000010011011101001011110000000000000000000000000000000010000000101010110011011011110011100000000000000000000000000000000111111101101111011110010001010000000000000000000000000000000000100000001100111000011111001100110100000000000000000000000000000
11000011111111000111000010101000000000000000000000000000000000000000101111111111100100100001111110110110000000000000000000000000000001000000000101000001100110011001101000000000000000000000000000000011111110000010011011101001011110000000000000000000000000000000010000000101010110011011011110011010000000000000000000000000000000111111110010000110111101000011000000000000000000000000000000000100000001100110111001011010111000100000000000000000000000000000
11000011111111000111000010100000000000000000000000000000000000000000101111111111100100100001111110110110000000000000000000000000000001000000000101000001100110011001101000000000000000000000000000000011111110000010011011101001011110000000000000000000000000000000010000000101010110011011011110011010000000000000000000000000000000111111110100101000000000100000010000000000000000000000000000000100000001100111000011111001100110100000000000000000000000000000
11000011111111000111000010100000000000000000000000000000000000000000101111111111100100100001111110110110000000000000000000000000000001000000000101000001100110011001101000000000000000000000000000000011111110000010011011101001011110000000000000000000000000000000010000000101100001001000011011000010000000000000000000000000000010111111110100111000110000110101010000000000000000000000000000000100000001100111011100000001010010000000000000000000000000000000
11000011111111000111000010101000000000000000000000000000000000000000101111111111100100100001111110110110000000000000000000000000000001000000000101000001100110011001101000000000000000000000000000000011111110000010011011101001011110000000000000000000000000000000010000000101100001001000011011000100000000000000000000000000000010111111110010111110110011011110011000000000000000000000000000000100000001100111010001100010100100000000000000000000000000000000
11000011111111000111000010100000000000000000000000000000000000000000101111111111100100100001111110110110000000000000000000000000000001000000000101000001100110011001101000000000000000000000000000000011111110000010011011101001011110000000000000000000000000000000010000000101100001001000011011000010000000000000000000000000000010111111110000001100000101010010001000000000000000000000000000000100000001100111011100000001010010000000000000000000000000000000
11000011111111000111000010101000000000000000000000000000000000000000101111111111100100100001111110110110000000000000000000000000000001000000000101000001100110011001101000000000000000000000000000000011111110000010011011101001011110000000000000000000000000000000010000000101100001001000011011000010000000000000000000000000000010111111101001100101011100011001000000000000000000000000000000000100000001100111010001100010100100000000000000000000000000000000
11000011111111000111000010100000000000000000000000000000000000000000101111111111100100100001111110110110000000000000000000000000000001000000000101000001100110011001101000000000000000000000000000000011111110000010011011101001011110000000000000000000000000000000010000000101100001001000011011000010000000000000000000000000000000111111101001100101011100011000000000000000000000000000000000000100000001100111011100000001010010000000000000000000000000000000
11000011111111000111000010101000000000000000000000000000000000000000101111111111100100100001111110110110000000000000000000000000000001000000000101000001100110011001101000000000000000000000000000000011111110000010011011101001011110000000000000000000000000000000010000000101100001001000011011000010000000000000000000000000000000111111110000001100000101010010000000000000000000000000000000000100000001100111010001100010100100000000000000000000000000000000
11000011111111000111000010100000000000000000000000000000000000000000101111111111100100100001111110110110000000000000000000000000000001000000000101000001100110011001101000000000000000000000000000000011111110000010011011101001011110000000000000000000000000000000010000000101100001001000011011000010000000000000000000000000000000111111110010111110110011011110100000000000000000000000000000000100000001100111011100000001010010000000000000000000000000000000
11000011111111000111000010101000000000000000000000000000000000000000101111111111100100100001111110110110000000000000000000000000000001000000000101000001100110011001101000000000000000000000000000000011111110000010011011101001011110000000000000000000000000000000010000000101100001001000011011000010000000000000000000000000000000111111110100111000110000110101010000000000000000000000000000000100000001100111010001100010100100000000000000000000000000000000
11000011111111000111000010100000000000000000000000000000000000000000101111111111100100100001111110110110000000000000000000000000000001000000000101000001100110011001101000000000000000000000000000000011111110000010011011101001011110000000000000000000000000000000010000000101101000111110011001100110000000000000000000000000000010111111110100111011000111010101100000000000000000000000000000000100000001100111000011111001100110100000000000000000000000000000
11000011111111000111000010101000000000000000000000000000000000000000101111111111100100100001111110110110000000000000000000000000000001000000000101000001100110011001101000000000000000000000000000000011111110000010011011101001011110000000000000000000000000000000010000000101101000111110011001100110000000000000000000000000000010111111110011001100111010011111110000000000000000000000000000000100000001100110111001011010111000100000000000000000000000000000
11000011111111000111000010100000000000000000000000000000000000000000101111111111100100100001111110110110000000000000000000000000000001000000000101000001100110011001101000000000000000000000000000000011111110000010011011101001011110000000000000000000000000000000010000000101101000111110011001100110000000000000000000000000000010111111110000100011100110010011111000000000000000000000000000000100000001100111000011111001100110100000000000000000000000000000
11000011111111000111000010101000000000000000000000000000000000000000101111111111100100100001111110110110000000000000000000000000000001000000000101000001100110011001101000000000000000000000000000000011111110000010011011101001011110000000000000000000000000000000010000000101101000111110011001100110000000000000000000000000000010111111101011101001001000100010000000000000000000000000000000000100000001100110111001011010111000100000000000000000000000000000
11000011111111000111000010100000000000000000000000000000000000000000101111111111100100100001111110110110000000000000000000000000000001000000000101000001100110011001101000000000000000000000000000000011111110000010011011101001011110000000000000000000000000000000010000000101101000111110011001100110000000000000000000000000000000111111100101111000010000011000000000000000000000000000000000000100000001100111000011111001100110100000000000000000000000000000
11000011111111000111000010101000000000000000000000000000000000000000101111111111100100100001111110110110000000000000000000000000000001000000000101000001100110011001101000000000000000000000000000000011111110000010011011101001011110000000000000000000000000000000010000000101101000111110011001100110000000000000000000000000000000111111101110110000101100011100100000000000000000000000000000000100000001100110111001011010111000100000000000000000000000000000
11000011111111000111000010100000000000000000000000000000000000000000101111111111100100100001111110110110000000000000000000000000000001000000000101000001100110011001101000000000000000000000000000000011111110000010011011101001011110000000000000000000000000000000010000000101101000111110011001100110000000000000000000000000000000111111110010000001101010011010000000000000000000000000000000000100000001100111000011111001100110100000000000000000000000000000
11000011111111000111000010101000000000000000000000000000000000000000101111111111100100100001111110110110000000000000000000000000000001000000000101000001100110011001101000000000000000000000000000000011111110000010011011101001011110000000000000000000000000000000010000000101101000111110011001100110000000000000000000000000000000111111110100010101011111010010110000000000000000000000000000000100000001100110111001011010111000100000000000000000000000000000
10100011111111000111000010100100100010100000000000000000000000000000000000000000000000000000000000000000000000000000000000000000000001000000000101000001100110011001101000000000000000000000000000000011111110000010011011101001011110000000000000000000000000000000010000000101101101010110101110000100000000000000000000000000000010111111110100111100001100110011000000000000000000000000000000000100000000010101000111010101001111000000000000000000000000000000
10100011111111000111000010100000100010100000000000000000000000000000000000000000000000000000000000000000000000000000000000000000000001000000000101000001100110011001101000000000000000000000000000000011111110000010011011101001011110000000000000000000000000000000010000000101101101000101011100001000000000000000000000000000000010111111110100111100001100110011000000000000000000000000000000000100000000101110010101011000000100000000000000000000000000000000
10100011111111000111000010100100100010100000000000000000000000000000000000000000000000000000000000000000000000000000000000000000000001000000000101000001100110011001101000000000000000000000000000000011111110000010011011101001011110000000000000000000000000000000010000000101101101010110101110000100000000000000000000000000000010111111110100111100001100110011000000000000000000000000000000000100000000111001001111111010101011000000000000000000000000000000
10100011111111000111000010100000100010100000000000000000000000000000000000000000000000000000000000000000000000000000000000000000000001000000000101000001100110011001101000000000000000000000000000000011111110000010011011101001011110000000000000000000000000000000010000000101101101000101011100001000000000000000000000000000000010111111110100111100001100110011000000000000000000000000000000000100000001000001011110011010101000000000000000000000000000000000
10100011111111000111000010100100100010100000000000000000000000000000000000000000000000000000000000000000000000000000000000000000000001000000000101000001100110011001101000000000000000000000000000000011111110000010011011101001011110000000000000000000000000000000010000000101101101010110101110000100000000000000000000000000000010111111110100111100001100110011000000000000000000000000000000000100000001000110100010100011011011100000000000000000000000000000
10100011111111000111000010100000100010100000000000000000000000000000000000000000000000000000000000000000000000000000000000000000000001000000000101000001100110011001101000000000000000000000000000000011111110000010011011101001011110000000000000000000000000000000010000000101101101000101011100001000000000000000000000000000000010111111110100111100001100110011000000000000000000000000000000000100000001001011010011000101001110000000000000000000000000000000
10100011111111000111000010100100100010100000000000000000000000000000000000000000000000000000000000000000000000000000000000000000000001000000000101000001100110011001101000000000000000000000000000000011111110000010011011101001011110000000000000000000000000000000010000000101101101010110101110000100000000000000000000000000000010111111110100111100001100110011000000000000000000000000000000000100000001010000001100010111011101000000000000000000000000000000
10100011111111000111000010100000100010100000000000000000000000000000000000000000000000000000000000000000000000000000000000000000000001000000000101000001100110011001101000000000000000000000000000000011111110000010011011101001011110000000000000000000000000000000010000000101101101000101011100001000000000000000000000000000000010111111110100111100001100110011000000000000000000000000000000000100000001010010100001001010101001100000000000000000000000000000
10100011111111000111000010100100100010100000000000000000000000000000000000000000000000000000000000000000000000000000000000000000000001000000000101000001100110011001101000000000000000000000000000000011111110000010011011101001011110000000000000000000000000000000010000000101101101010110101110000100000000000000000000000000000010111111110100111100001100110011000000000000000000000000000000000100000001010101000100101111011010100000000000000000000000000000
10100011111111000111000010100000100010100000000000000000000000000000000000000000000000000000000000000000000000000000000000000000000001000000000101000001100110011001101000000000000000000000000000000011111110000010011011101001011110000000000000000000000000000000010000000101101101000101011100001000000000000000000000000000000010111111110100111100001100110011000000000000000000000000000000000100000001010111010110010101110100000000000000000000000000000000
10100011111111000111000010100100100010100000000000000000000000000000000000000000000000000000000000000000000000000000000000000000000001000000000101000001100110011001101000000000000000000000000000000011111110000010011011101001011110000000000000000000000000000000010000000101101101010110101110000100000000000000000000000000000010111111110100111100001100110011000000000000000000000000000000000100000001011001111010101001111111000000000000000000000000000000
10100011111111000111000010100000100010100000000000000000000000000000000000000000000000000000000000000000000000000000000000000000000001000000000101000001100110011001101000000000000000000000000000000011111110000010011011101001011110000000000000000000000000000000010000000101101101000101011100001000000000000000000000000000000010111111110100111100001100110011000000000000000000000000000000000100000001011100001010001010001111100000000000000000000000000000
10100011111111000111000010100101000010100000000000000000000000000000000000000000000000000000000000000000000000000000000000000000000001000000000101000001100110011001101000000000000000000000000000000011111110000010011011101001011110000000000000000000000000000000010000000101101101010110101110000100000000000000000000000000000000111111100010110111111011100100000000000000000000000000000000000100000000010101000111010101001111000000000000000000000000000000
10100011111111000111000010100101000010100000000000000000000000000000000000000000000000000000000000000000000000000000000000000000000001000000000101000001100110011001101000000000000000000000000000000011111110000010011011101001011110000000000000000000000000000000010000000101101101000101011100001010000000000000000000000000000000111111100010110111111011100100000000000000000000000000000000000100000000101110010101011000000100000000000000000000000000000000
10100011111111000111000010100101000010100000000000000000000000000000000000000000000000000000000000000000000000000000000000000000000001000000000101000001100110011001101000000000000000000000000000000011111110000010011011101001011110000000000000000000000000000000010000000101101101010110101110000100000000000000000000000000000000111111100010110111111011100100000000000000000000000000000000000100000000111001001111111010101011000000000000000000000000000000
10100011111111000111000010100101000010100000000000000000000000000000000000000000000000000000000000000000000000000000000000000000000001000000000101000001100110011001101000000000000000000000000000000011111110000010011011101001011110000000000000000000000000000000010000000101101101000101011100001010000000000000000000000000000000111111100010110111111011100100000000000000000000000000000000000100000001000001011110011010101000000000000000000000000000000000
10100011111111000111000010100101000010100000000000000000000000000000000000000000000000000000000000000000000000000000000000000000000001000000000101000001100110011001101000000000000000000000000000000011111110000010011011101001011110000000000000000000000000000000010000000101101101010110101110000100000000000000000000000000000000111111100010110111111011100100000000000000000000000000000000000100000001000110100010100011011011100000000000000000000000000000
10100011111111000111000010100101000010100000000000000000000000000000000000000000000000000000000000000000000000000000000000000000000001000000000101000001100110011001101000000000000000000000000000000011111110000010011011101001011110000000000000000000000000000000010000000101101101000101011100001010000000000000000000000000000000111111100010110111111011100100000000000000000000000000000000000100000001001011010011000101001110000000000000000000000000000000
10100011111111000111000010100101000010100000000000000000000000000000000000000000000000000000000000000000000000000000000000000000000001000000000101000001100110011001101000000000000000000000000000000011111110000010011011101001011110000000000000000000000000000000010000000101101101010110101110000100000000000000000000000000000000111111100010110111111011100100000000000000000000000000000000000100000001010000001100010111011101000000000000000000000000000000
10100011111111000111000010100101000010100000000000000000000000000000000000000000000000000000000000000000000000000000000000000000000001000000000101000001100110011001101000000000000000000000000000000011111110000010011011101001011110000000000000000000000000000000010000000101101101000101011100001010000000000000000000000000000000111111100010110111111011100100000000000000000000000000000000000100000001010010100001001010101001100000000000000000000000000000
10100011111111000111000010100101000010100000000000000000000000000000000000000000000000000000000000000000000000000000000000000000000001000000000101000001100110011001101000000000000000000000000000000011111110000010011011101001011110000000000000000000000000000000010000000101101101010110101110000100000000000000000000000000000000111111100010110111111011100100000000000000000000000000000000000100000001010101000100101111011010100000000000000000000000000000
10100011111111000111000010100101000010100000000000000000000000000000000000000000000000000000000000000000000000000000000000000000000001000000000101000001100110011001101000000000000000000000000000000011111110000010011011101001011110000000000000000000000000000000010000000101101101000101011100001010000000000000000000000000000000111111100010110111111011100100000000000000000000000000000000000100000001010111010110010101110100000000000000000000000000000000
10100011111111000111000010100101000010100000000000000000000000000000000000000000000000000000000000000000000000000000000000000000000001000000000101000001100110011001101000000000000000000000000000000011111110000010011011101001011110000000000000000000000000000000010000000101101101010110101110000100000000000000000000000000000000111111100010110111111011100100000000000000000000000000000000000100000001011001111010101001111111000000000000000000000000000000
10100011111111000111000010100101000010100000000000000000000000000000000000000000000000000000000000000000000000000000000000000000000001000000000101000001100110011001101000000000000000000000000000000011111110000010011011101001011110000000000000000000000000000000010000000101101101000101011100001010000000000000000000000000000000111111100010110111111011100100000000000000000000000000000000000100000001011100001010001010001111100000000000000000000000000000
10100011111111000111000010100101011101100000000000000000000000000000000000000000000000000000000000000000000000000000000000000000000001000000000101000001100110011001101000000000000000000000000000000011111110000010011011101001011110000000000000000000000000000000010000000101110000100000111101011110000000000000000000000000000000111111110100000101001101010110110000000000000000000000000000000100000000010101000111010101001111000000000000000000000000000000
10100011111111000111000010100101011101100000000000000000000000000000000000000000000000000000000000000000000000000000000000000000000001000000000101000001100110011001101000000000000000000000000000000011111110000010011011101001011110000000000000000000000000000000010000000101110000001111101011100010000000000000000000000000000000111111110100000101001101010110110000000000000000000000000000000100000000101110010101011000000100000000000000000000000000000000
10100011111111000111000010100101011101100000000000000000000000000000000000000000000000000000000000000000000000000000000000000000000001000000000101000001100110011001101000000000000000000000000000000011111110000010011011101001011110000000000000000000000000000000010000000101110000100000111101011110000000000000000000000000000000111111110100000101001101010110110000000000000000000000000000000100000000111001001111111010101011000000000000000000000000000000
10100011111111000111000010100101011101100000000000000000000000000000000000000000000000000000000000000000000000000000000000000000000001000000000101000001100110011001101000000000000000000000000000000011111110000010011011101001011110000000000000000000000000000000010000000101110000001111101011100010000000000000000000000000000000111111110100000101001101010110110000000000000000000000000000000100000001000001011110011010101000000000000000000000000000000000
10100011111111000111000010100101011101100000000000000000000000000000000000000000000000000000000000000000000000000000000000000000000001000000000101000001100110011001101000000000000000000000000000000011111110000010011011101001011110000000000000000000000000000000010000000101110000100000111101011110000000000000000000000000000000111111110100000101001101010110110000000000000000000000000000000100000001000110100010100011011011100000000000000000000000000000
10100011111111000111000010100101011101100000000000000000000000000000000000000000000000000000000000000000000000000000000000000000000001000000000101000001100110011001101000000000000000000000000000000011111110000010011011101001011110000000000000000000000000000000010000000101110000001111101011100010000000000000000000000000000000111111110100000101001101010110110000000000000000000000000000000100000001001011010011000101001110000000000000000000000000000000
10100011111111000111000010100101011101100000000000000000000000000000000000000000000000000000000000000000000000000000000000000000000001000000000101000001100110011001101000000000000000000000000000000011111110000010011011101001011110000000000000000000000000000000010000000101110000100000111101011110000000000000000000000000000000111111110100000101001101010110110000000000000000000000000000000100000001010000001100010111011101000000000000000000000000000000
10100011111111000111000010100101011101100000000000000000000000000000000000000000000000000000000000000000000000000000000000000000000001000000000101000001100110011001101000000000000000000000000000000011111110000010011011101001011110000000000000000000000000000000010000000101110000001111101011100010000000000000000000000000000000111111110100000101001101010110110000000000000000000000000000000100000001010010100001001010101001100000000000000000000000000000
10100011111111000111000010100101011101100000000000000000000000000000000000000000000000000000000000000000000000000000000000000000000001000000000101000001100110011001101000000000000000000000000000000011111110000010011011101001011110000000000000000000000000000000010000000101110000100000111101011110000000000000000000000000000000111111110100000101001101010110110000000000000000000000000000000100000001010101000100101111011010100000000000000000000000000000
10100011111111000111000010100101011101100000000000000000000000000000000000000000000000000000000000000000000000000000000000000000000001000000000101000001100110011001101000000000000000000000000000000011111110000010011011101001011110000000000000000000000000000000010000000101110000001111101011100010000000000000000000000000000000111111110100000101001101010110110000000000000000000000000000000100000001010111010110010101110100000000000000000000000000000000
10100011111111000111000010100101011101100000000000000000000000000000000000000000000000000000000000000000000000000000000000000000000001000000000101000001100110011001101000000000000000000000000000000011111110000010011011101001011110000000000000000000000000000000010000000101110000100000111101011110000000000000000000000000000000111111110100000101001101010110110000000000000000000000000000000100000001011001111010101001111111000000000000000000000000000000
10100011111111000111000010100101011101100000000000000000000000000000000000000000000000000000000000000000000000000000000000000000000001000000000101000001100110011001101000000000000000000000000000000011111110000010011011101001011110000000000000000000000000000000010000000101110000001111101011100010000000000000000000000000000000111111110100000101001101010110110000000000000000000000000000000100000001011100001010001010001111100000000000000000000000000000
00000000000000000000000000000000000000000000000000000000000000000000000000000000000000000000000000000000000000000000000000000000000000000000000000000000000000000000000000000000000000000000000000000000000000000000000000000000000000000000000000000000000000000000000000000000000000000000000000000000000000000000000000000000000000000000000000000000000000000000000000000000000000000000000000000000000000000000000000000000000000000000000000000000000000000000
