10100011111111000111000010101000000000000000000000000000000000000000101111111111100100100001111110110110000000000000000000000000000001000000000101000001100110011001101000000000000000000000000000000011111110000010011011101001011110000000000000000000000000000000010000000101000101001111000000100000000000000000000000000000000010111111110101010000110100100111000000000000000000000000000000000100000001100000001000001000111101100000000000000000000000000000
10100011111111000111000010101000000000000000000000000000000000000000101111111111100100100001111110110110000000000000000000000000000001000000000101000001100110011001101000000000000000000000000000000011111110000010011011101001011110000000000000000000000000000000010000000101000101001111000000100000000000000000000000000000000010111111110010101010001011101100000000000000000000000000000000000100000001100000010010100111101011100000000000000000000000000000
10100011111111000111000010101000000000000000000000000000000000000000101111111111100100100001111110110110000000000000000000000000000001000000000101000001100110011001101000000000000000000000000000000011111110000010011011101001011110000000000000000000000000000000010000000101000101001111000000100000000000000000000000000000000010111111101101100101011100011100000000000000000000000000000000000100000001100000001000001000111101100000000000000000000000000000
10100011111111000111000010101000000000000000000000000000000000000000101111111111100100100001111110110110000000000000000000000000000001000000000101000001100110011001101000000000000000000000000000000011111110000010011011101001011110000000000000000000000000000000010000000101000101001111000000100000000000000000000000000000000000111111101000010010111101010000000000000000000000000000000000000100000001100000010010100111101011100000000000000000000000000000
10100011111111000111000010101000000000000000000000000000000000000000101111111111100100100001111110110110000000000000000000000000000001000000000101000001100110011001101000000000000000000000000000000011111110000010011011101001011110000000000000000000000000000000010000000101000101001111000000100000000000000000000000000000000000111111110000111100001100110000000000000000000000000000000000000100000001100000001000001000111101100000000000000000000000000000
10100011111111000111000010101000000000000000000000000000000000000000101111111111100100100001111110110110000000000000000000000000000001000000000101000001100110011001101000000000000000000000000000000011111110000010011011101001011110000000000000000000000000000000010000000101000101001111000000100000000000000000000000000000000000111111110100011001110101001010000000000000000000000000000000000100000001100000010010100111101011100000000000000000000000000000
10100011111111000111000010101000000000000000000000000000000000000000101111111111100100100001111110110110000000000000000000000000000001000000000101000001100110011001101000000000000000000000000000000011111110000010011011101001011110000000000000000000000000000000010000000101010000000000010110111100000000000000000000000000000010111111110100101111110100111011000000000000000000000000000000000100000001100000101010101111010111000000000000000000000000000000
10100011111111000111000010101000000000000000000000000000000000000000101111111111100100100001111110110110000000000000000000000000000001000000000101000001100110011001101000000000000000000000000000000011111110000010011011101001011110000000000000000000000000000000010000000101010000000000010110111100000000000000000000000000000010111111110010001001001100000000000000000000000000000000000000000100000001100000100000010000101001000000000000000000000000000000
10100011111111000111000010101000000000000000000000000000000000000000101111111111100100100001111110110110000000000000000000000000000001000000000101000001100110011001101000000000000000000000000000000011111110000010011011101001011110000000000000000000000000000000010000000101010000000000010110111100000000000000000000000000000010111111101101100101011100011000000000000000000000000000000000000100000001100000101010101111010111000000000000000000000000000000
10100011111111000111000010101000000000000000000000000000000000000000101111111111100100100001111110110110000000000000000000000000000001000000000101000001100110011001101000000000000000000000000000000011111110000010011011101001011110000000000000000000000000000000010000000101010000000000010110111100000000000000000000000000000000111111100100011101111101000000000000000000000000000000000000000100000001100000100000010000101001000000000000000000000000000000
10100011111111000111000010101000000000000000000000000000000000000000101111111111100100100001111110110110000000000000000000000000000001000000000101000001100110011001101000000000000000000000000000000011111110000010011011101001011110000000000000000000000000000000010000000101010000000000010110111100000000000000000000000000000000111111101111110100011010111100000000000000000000000000000000000100000001100000101010101111010111000000000000000000000000000000
10100011111111000111000010101000000000000000000000000000000000000000101111111111100100100001111110110110000000000000000000000000000001000000000101000001100110011001101000000000000000000000000000000011111110000010011011101001011110000000000000000000000000000000010000000101010000000000010110111100000000000000000000000000000000111111110011010000101011010100000000000000000000000000000000000100000001100000100000010000101001000000000000000000000000000000
10100011111111000111000010101000000000000000000000000000000000000000101111111111100100100001111110110110000000000000000000000000000001000000000101000001100110011001101000000000000000000000000000000011111110000010011011101001011110000000000000000000000000000000010000000101010000000000010110111100000000000000000000000000000000111111110101010011100100100100000000000000000000000000000000000100000001100000101010101111010111000000000000000000000000000000
10100011111111000111000010101000000000000000000000000000000000000000101111111111100100100001111110110110000000000000000000000000000001000000000101000001100110011001101000000000000000000000000000000011111110000010011011101001011110000000000000000000000000000000010000000101010111010110000010101010000000000000000000000000000010111111110101010100101100000100000000000000000000000000000000000100000001100000001000001000111101100000000000000000000000000000
10100011111111000111000010101000000000000000000000000000000000000000101111111111100100100001111110110110000000000000000000000000000001000000000101000001100110011001101000000000000000000000000000000011111110000010011011101001011110000000000000000000000000000000010000000101010111010110000010101010000000000000000000000000000010111111110011100000010100001000000000000000000000000000000000000100000001100000010010100111101011100000000000000000000000000000
10100011111111000111000010101000000000000000000000000000000000000000101111111111100100100001111110110110000000000000000000000000000001000000000101000001100110011001101000000000000000000000000000000011111110000010011011101001011110000000000000000000000000000000010000000101010111010110000010101100000000000000000000000000000010111111110000010111010000001010000000000000000000000000000000000100000001100000001000001000111101100000000000000000000000000000
10100011111111000111000010101000000000000000000000000000000000000000101111111111100100100001111110110110000000000000000000000000000001000000000101000001100110011001101000000000000000000000000000000011111110000010011011101001011110000000000000000000000000000000010000000101010111010110000010101100000000000000000000000000000010111111101000111000110000110000000000000000000000000000000000000100000001100000010010100111101011100000000000000000000000000000
10100011111111000111000010101000000000000000000000000000000000000000101111111111100100100001111110110110000000000000000000000000000001000000000101000001100110011001101000000000000000000000000000000011111110000010011011101001011110000000000000000000000000000000010000000101010111010110000010101010000000000000000000000000000000111111101011101011011111000000000000000000000000000000000000000100000001100000001000001000111101100000000000000000000000000000
10100011111111000111000010101000000000000000000000000000000000000000101111111111100100100001111110110110000000000000000000000000000001000000000101000001100110011001101000000000000000000000000000000011111110000010011011101001011110000000000000000000000000000000010000000101010111010110000010101010000000000000000000000000000000111111110001000011111011101110000000000000000000000000000000000100000001100000010010100111101011100000000000000000000000000000
10100011111111000111000010101000000000000000000000000000000000000000101111111111100100100001111110110110000000000000000000000000000001000000000101000001100110011001101000000000000000000000000000000011111110000010011011101001011110000000000000000000000000000000010000000101010111010110000010101010000000000000000000000000000000111111110100000110011111110110000000000000000000000000000000000100000001100000001000001000111101100000000000000000000000000000
10100011111111000111000010101000000000000000000000000000000000000000101111111111100100100001111110110110000000000000000000000000000001000000000101000001100110011001101000000000000000000000000000000011111110000010011011101001011110000000000000000000000000000000010000000101100010010000000110001000000000000000000000000000000010111111110100111000110000110101000000000000000000000000000000000100000001100000101010101111010111000000000000000000000000000000
10100011111111000111000010101000000000000000000000000000000000000000101111111111100100100001111110110110000000000000000000000000000001000000000101000001100110011001101000000000000000000000000000000011111110000010011011101001011110000000000000000000000000000000010000000101100010010000000110001010000000000000000000000000000010111111110010111110110011011110000000000000000000000000000000000100000001100000100000010000101001000000000000000000000000000000
10100011111111000111000010101000000000000000000000000000000000000000101111111111100100100001111110110110000000000000000000000000000001000000000101000001100110011001101000000000000000000000000000000011111110000010011011101001011110000000000000000000000000000000010000000101100010010000000110001010000000000000000000000000000010111111110000001100000101010010000000000000000000000000000000000100000001100000101010101111010111000000000000000000000000000000
10100011111111000111000010101000000000000000000000000000000000000000101111111111100100100001111110110110000000000000000000000000000001000000000101000001100110011001101000000000000000000000000000000011111110000010011011101001011110000000000000000000000000000000010000000101100010010000000110001010000000000000000000000000000010111111101001100101011100011000000000000000000000000000000000000100000001100000100000010000101001000000000000000000000000000000
10100011111111000111000010101000000000000000000000000000000000000000101111111111100100100001111110110110000000000000000000000000000001000000000101000001100110011001101000000000000000000000000000000011111110000010011011101001011110000000000000000000000000000000010000000101100010010000000110001010000000000000000000000000000000111111101001100101011100011000000000000000000000000000000000000100000001100000101010101111010111000000000000000000000000000000
10100011111111000111000010101000000000000000000000000000000000000000101111111111100100100001111110110110000000000000000000000000000001000000000101000001100110011001101000000000000000000000000000000011111110000010011011101001011110000000000000000000000000000000010000000101100010010000000110001000000000000000000000000000000000111111110000001100000101010010000000000000000000000000000000000100000001100000100000010000101001000000000000000000000000000000
10100011111111000111000010101000000000000000000000000000000000000000101111111111100100100001111110110110000000000000000000000000000001000000000101000001100110011001101000000000000000000000000000000011111110000010011011101001011110000000000000000000000000000000010000000101100010010000000110001010000000000000000000000000000000111111110010111110110011011110000000000000000000000000000000000100000001100000101010101111010111000000000000000000000000000000
10100011111111000111000010101000000000000000000000000000000000000000101111111111100100100001111110110110000000000000000000000000000001000000000101000001100110011001101000000000000000000000000000000011111110000010011011101001011110000000000000000000000000000000010000000101100010010000000110001010000000000000000000000000000000111111110100111000110000110101000000000000000000000000000000000100000001100000100000010000101001000000000000000000000000000000
10100011111111000111000010101000000000000000000000000000000000000000101111111111100100100001111110110110000000000000000000000000000001000000000101000001100110011001101000000000000000000000000000000011111110000010011011101001011110000000000000000000000000000000010000000101101000111110011001100110000000000000000000000000000010111111110100000010101011010001000000000000000000000000000000000100000001100000010010100111101011100000000000000000000000000000
10100011111111000111000010101000000000000000000000000000000000000000101111111111100100100001111110110110000000000000000000000000000001000000000101000001100110011001101000000000000000000000000000000011111110000010011011101001011110000000000000000000000000000000010000000101101000111110011001100110000000000000000000000000000010111111110001011100000010011000000000000000000000000000000000000100000001100000001000001000111101100000000000000000000000000000
10100011111111000111000010101000000000000000000000000000000000000000101111111111100100100001111110110110000000000000000000000000000001000000000101000001100110011001101000000000000000000000000000000011111110000010011011101001011110000000000000000000000000000000010000000101101000111110011001100110000000000000000000000000000010111111101101100101011100011000000000000000000000000000000000000100000001100000010010100111101011100000000000000000000000000000
10100011111111000111000010101000000000000000000000000000000000000000101111111111100100100001111110110110000000000000000000000000000001000000000101000001100110011001101000000000000000000000000000000011111110000010011011101001011110000000000000000000000000000000010000000101101000111110011001100110000000000000000000000000000010111111011100101101000000000000000000000000000000000000000000000100000001100000001000001000111101100000000000000000000000000000
10100011111111000111000010101000000000000000000000000000000000000000101111111111100100100001111110110110000000000000000000000000000001000000000101000001100110011001101000000000000000000000000000000011111110000010011011101001011110000000000000000000000000000000010000000101101000111110011001100110000000000000000000000000000000111111101100111111110100011000000000000000000000000000000000000100000001100000010010100111101011100000000000000000000000000000
10100011111111000111000010101000000000000000000000000000000000000000101111111111100100100001111110110110000000000000000000000000000001000000000101000001100110011001101000000000000000000000000000000011111110000010011011101001011110000000000000000000000000000000010000000101101000111110011001100110000000000000000000000000000000111111110001001001001110010110000000000000000000000000000000000100000001100000001000001000111101100000000000000000000000000000
10100011111111000111000010101000000000000000000000000000000000000000101111111111100100100001111110110110000000000000000000000000000001000000000101000001100110011001101000000000000000000000000000000011111110000010011011101001011110000000000000000000000000000000010000000101101000111110011001101000000000000000000000000000000000111111110011110010100010100010000000000000000000000000000000000100000001100000010010100111101011100000000000000000000000000000
10100011111111000111000010101000000000000000000000000000000000000000101111111111100100100001111110110110000000000000000000000000000001000000000101000001100110011001101000000000000000000000000000000011111110000010011011101001011110000000000000000000000000000000010000000101101000111110011001100110000000000000000000000000000000111111110101001101111011010110000000000000000000000000000000000100000001100000001000001000111101100000000000000000000000000000
11010011111111011001100110011000000000000000000000000000000000000000101111111111100100100001111110110110000000000000000000000000000001000000000101000001100110011001101000000000000000000000000000000011111110000010011011101001011110000000000000000000000000000000010000000101000011101000011011011100000000000000000000000000000010111111110101010000110100100111000000000000000000000000000000000100000001101011011011101001101110100000000000000000000000000000
11010011111111011001100110011100000000000000000000000000000000000000101111111111100100100001111110110110000000000000000000000000000001000000000101000001100110011001101000000000000000000000000000000011111110000010011011101001011110000000000000000000000000000000010000000101000011101000011011011100000000000000000000000000000010111111110010101010001011101100000000000000000000000000000000000100000001101011100110001000011100100000000000000000000000000000
11010011111111011001100110011000000000000000000000000000000000000000101111111111100100100001111110110110000000000000000000000000000001000000000101000001100110011001101000000000000000000000000000000011111110000010011011101001011110000000000000000000000000000000010000000101000011101000011011011100000000000000000000000000000010111111101101100101011100011100000000000000000000000000000000000100000001101011011011101001101110100000000000000000000000000000
11010011111111011001100110011100000000000000000000000000000000000000101111111111100100100001111110110110000000000000000000000000000001000000000101000001100110011001101000000000000000000000000000000011111110000010011011101001011110000000000000000000000000000000010000000101000011101000011011011100000000000000000000000000000000111111101000010010111101010000000000000000000000000000000000000100000001101011100110001000011100100000000000000000000000000000
11010011111111011001100110011000000000000000000000000000000000000000101111111111100100100001111110110110000000000000000000000000000001000000000101000001100110011001101000000000000000000000000000000011111110000010011011101001011110000000000000000000000000000000010000000101000011101000011011011100000000000000000000000000000000111111110000111100001100110000000000000000000000000000000000000100000001101011011011101001101110100000000000000000000000000000
11010011111111011001100110011100000000000000000000000000000000000000101111111111100100100001111110110110000000000000000000000000000001000000000101000001100110011001101000000000000000000000000000000011111110000010011011101001011110000000000000000000000000000000010000000101000011101000011011011100000000000000000000000000000000111111110100011001110101001010000000000000000000000000000000000100000001101011100110001000011100100000000000000000000000000000
11010011111111000111000010100000000000000000000000000000000000000000101111111111100100100001111110110110000000000000000000000000000001000000000101000001100110011001101000000000000000000000000000000011111110000010011011101001011110000000000000000000000000000000010000000101001110001000010100011110000000000000000000000000000010111111110100000101101100110010000000000000000000000000000000000100000001101011110011110001011010000000000000000000000000000000
11010011111111000111000010101000000000000000000000000000000000000000101111111111100100100001111110110110000000000000000000000000000001000000000101000001100110011001101000000000000000000000000000000011111110000010011011101001011110000000000000000000000000000000010000000101001110001000010100011110000000000000000000000000000010111111110000100101100111010100000000000000000000000000000000000100000001101011111110010000001000000000000000000000000000000000
11010011111111000111000010100000000000000000000000000000000000000000101111111111100100100001111110110110000000000000000000000000000001000000000101000001100110011001101000000000000000000000000000000011111110000010011011101001011110000000000000000000000000000000010000000101001110001000010100011110000000000000000000000000000010111111100111111110101000100000000000000000000000000000000000000100000001101011110011110001011010000000000000000000000000000000
11010011111111000111000010101000000000000000000000000000000000000000101111111111100100100001111110110110000000000000000000000000000001000000000101000001100110011001101000000000000000000000000000000011111110000010011011101001011110000000000000000000000000000000010000000101001110001000010100011110000000000000000000000000000000111111101101001011111010011000000000000000000000000000000000000100000001101011111110010000001000000000000000000000000000000000
11010011111111000111000010100000000000000000000000000000000000000000101111111111100100100001111110110110000000000000000000000000000001000000000101000001100110011001101000000000000000000000000000000011111110000010011011101001011110000000000000000000000000000000010000000101001110001000010100011110000000000000000000000000000000111111110010001011101111011100000000000000000000000000000000000100000001101011110011110001011010000000000000000000000000000000
11010011111111000111000010101000000000000000000000000000000000000000101111111111100100100001111110110110000000000000000000000000000001000000000101000001100110011001101000000000000000000000000000000011111110000010011011101001011110000000000000000000000000000000010000000101001110001000010100011110000000000000000000000000000000111111110100111000110000110110000000000000000000000000000000000100000001101011111110010000001000000000000000000000000000000000
11010011111111000111000010100000000000000000000000000000000000000000101111111111100100100001111110110110000000000000000000000000000001000000000101000001100110011001101000000000000000000000000000000011111110000010011011101001011110000000000000000000000000000000010000000101010110011011011110011010000000000000000000000000000010111111110101010100101100000011000000000000000000000000000000000100000001101011011011101001101110100000000000000000000000000000
11010011111111000111000010101000000000000000000000000000000000000000101111111111100100100001111110110110000000000000000000000000000001000000000101000001100110011001101000000000000000000000000000000011111110000010011011101001011110000000000000000000000000000000010000000101010110011011011110011010000000000000000000000000000010111111110011100000010100001000000000000000000000000000000000000100000001101011100110001000011100100000000000000000000000000000
11010011111111000111000010100000000000000000000000000000000000000000101111111111100100100001111110110110000000000000000000000000000001000000000101000001100110011001101000000000000000000000000000000011111110000010011011101001011110000000000000000000000000000000010000000101010110011011011110011010000000000000000000000000000010111111110000010111010000001010000000000000000000000000000000000100000001101011011011101001101110100000000000000000000000000000
11010011111111000111000010101000000000000000000000000000000000000000101111111111100100100001111110110110000000000000000000000000000001000000000101000001100110011001101000000000000000000000000000000011111110000010011011101001011110000000000000000000000000000000010000000101010110011011011110011010000000000000000000000000000010111111101000111000110000110000000000000000000000000000000000000100000001101011100110001000011100100000000000000000000000000000
11010011111111000111000010100000000000000000000000000000000000000000101111111111100100100001111110110110000000000000000000000000000001000000000101000001100110011001101000000000000000000000000000000011111110000010011011101001011110000000000000000000000000000000010000000101010110011011011110011010000000000000000000000000000000111111101011101011011111000000000000000000000000000000000000000100000001101011011011101001101110100000000000000000000000000000
11010011111111000111000010101000000000000000000000000000000000000000101111111111100100100001111110110110000000000000000000000000000001000000000101000001100110011001101000000000000000000000000000000011111110000010011011101001011110000000000000000000000000000000010000000101010110011011011110011010000000000000000000000000000000111111110001000011111011101110000000000000000000000000000000000100000001101011100110001000011100100000000000000000000000000000
11010011111111000111000010100000000000000000000000000000000000000000101111111111100100100001111110110110000000000000000000000000000001000000000101000001100110011001101000000000000000000000000000000011111110000010011011101001011110000000000000000000000000000000010000000101010110011011011110011100000000000000000000000000000000111111110100000110011111110110000000000000000000000000000000000100000001101011011011101001101110100000000000000000000000000000
11010011111111000111000010101000000000000000000000000000000000000000101111111111100100100001111110110110000000000000000000000000000001000000000101000001100110011001101000000000000000000000000000000011111110000010011011101001011110000000000000000000000000000000010000000101100001001000011011000010000000000000000000000000000010111111110100111000110000110110000000000000000000000000000000000100000001101011111110010000001000000000000000000000000000000000
11010011111111000111000010100000000000000000000000000000000000000000101111111111100100100001111110110110000000000000000000000000000001000000000101000001100110011001101000000000000000000000000000000011111110000010011011101001011110000000000000000000000000000000010000000101100001001000011011000010000000000000000000000000000010111111110010111110110011011110000000000000000000000000000000000100000001101011110011110001011010000000000000000000000000000000
11010011111111000111000010101000000000000000000000000000000000000000101111111111100100100001111110110110000000000000000000000000000001000000000101000001100110011001101000000000000000000000000000000011111110000010011011101001011110000000000000000000000000000000010000000101100001001000011011000010000000000000000000000000000010111111110000001100000101010010000000000000000000000000000000000100000001101011111110010000001000000000000000000000000000000000
11010011111111000111000010100000000000000000000000000000000000000000101111111111100100100001111110110110000000000000000000000000000001000000000101000001100110011001101000000000000000000000000000000011111110000010011011101001011110000000000000000000000000000000010000000101100001001000011011000010000000000000000000000000000010111111101001100101011100011000000000000000000000000000000000000100000001101011110011110001011010000000000000000000000000000000
11010011111111000111000010101000000000000000000000000000000000000000101111111111100100100001111110110110000000000000000000000000000001000000000101000001100110011001101000000000000000000000000000000011111110000010011011101001011110000000000000000000000000000000010000000101100001001000011011000010000000000000000000000000000000111111101001100101011100011000000000000000000000000000000000000100000001101011111110010000001000000000000000000000000000000000
11010011111111000111000010100000000000000000000000000000000000000000101111111111100100100001111110110110000000000000000000000000000001000000000101000001100110011001101000000000000000000000000000000011111110000010011011101001011110000000000000000000000000000000010000000101100001001000011011000010000000000000000000000000000000111111110000001100000101010010000000000000000000000000000000000100000001101011110011110001011010000000000000000000000000000000
11010011111111000111000010101000000000000000000000000000000000000000101111111111100100100001111110110110000000000000000000000000000001000000000101000001100110011001101000000000000000000000000000000011111110000010011011101001011110000000000000000000000000000000010000000101100001001000011011000010000000000000000000000000000000111111110010111110110011011110000000000000000000000000000000000100000001101011111110010000001000000000000000000000000000000000
11010011111111000111000010100000000000000000000000000000000000000000101111111111100100100001111110110110000000000000000000000000000001000000000101000001100110011001101000000000000000000000000000000011111110000010011011101001011110000000000000000000000000000000010000000101100001001000011011000010000000000000000000000000000000111111110100111000110000110101000000000000000000000000000000000100000001101011110011110001011010000000000000000000000000000000
11010011111111000111000010101000000000000000000000000000000000000000101111111111100100100001111110110110000000000000000000000000000001000000000101000001100110011001101000000000000000000000000000000011111110000010011011101001011110000000000000000000000000000000010000000101101000111110011001100110000000000000000000000000000010111111110100000010101011010001000000000000000000000000000000000100000001101011100110001000011100100000000000000000000000000000
11010011111111000111000010100000000000000000000000000000000000000000101111111111100100100001111110110110000000000000000000000000000001000000000101000001100110011001101000000000000000000000000000000011111110000010011011101001011110000000000000000000000000000000010000000101101000111110011001100110000000000000000000000000000010111111110001011100000010011000000000000000000000000000000000000100000001101011011011101001101110100000000000000000000000000000
11010011111111000111000010101000000000000000000000000000000000000000101111111111100100100001111110110110000000000000000000000000000001000000000101000001100110011001101000000000000000000000000000000011111110000010011011101001011110000000000000000000000000000000010000000101101000111110011001100110000000000000000000000000000010111111101101100101011100011000000000000000000000000000000000000100000001101011100110001000011100100000000000000000000000000000
11010011111111000111000010100000000000000000000000000000000000000000101111111111100100100001111110110110000000000000000000000000000001000000000101000001100110011001101000000000000000000000000000000011111110000010011011101001011110000000000000000000000000000000010000000101101000111110011001100110000000000000000000000000000010111111011100101101000000000000000000000000000000000000000000000100000001101011011011101001101110100000000000000000000000000000
11010011111111000111000010101000000000000000000000000000000000000000101111111111100100100001111110110110000000000000000000000000000001000000000101000001100110011001101000000000000000000000000000000011111110000010011011101001011110000000000000000000000000000000010000000101101000111110011001100110000000000000000000000000000000111111101100111111110100011000000000000000000000000000000000000100000001101011100110001000011100100000000000000000000000000000
11010011111111000111000010100000000000000000000000000000000000000000101111111111100100100001111110110110000000000000000000000000000001000000000101000001100110011001101000000000000000000000000000000011111110000010011011101001011110000000000000000000000000000000010000000101101000111110011001100110000000000000000000000000000000111111110001001001001110010110000000000000000000000000000000000100000001101011011011101001101110100000000000000000000000000000
11010011111111000111000010101000000000000000000000000000000000000000101111111111100100100001111110110110000000000000000000000000000001000000000101000001100110011001101000000000000000000000000000000011111110000010011011101001011110000000000000000000000000000000010000000101101000111110011001101000000000000000000000000000000000111111110011110010100010100010000000000000000000000000000000000100000001101011100110001000011100100000000000000000000000000000
11010011111111000111000010100000000000000000000000000000000000000000101111111111100100100001111110110110000000000000000000000000000001000000000101000001100110011001101000000000000000000000000000000011111110000010011011101001011110000000000000000000000000000000010000000101101000111110011001100110000000000000000000000000000000111111110101001101111011010110000000000000000000000000000000000100000001101011011011101001101110100000000000000000000000000000
00000000000000000000000000000000000000000000000000000000000000000000000000000000000000000000000000000000000000000000000000000000000000000000000000000000000000000000000000000000000000000000000000000000000000000000000000000000000000000000000000000000000000000000000000000000000000000000000000000000000000000000000000000000000000000000000000000000000000000000000000000000000000000000000000000000000000000000000000000000000000000000000000000000000000000000
