11010011111111011001100110011000000000000000000000000000000000000000101111111111100100100001111110110110000000000000000000000000000000111111110000101100011100010000110000000000000000000000000000000011111110000100011110101110000101100000000000000000000000000000010000000100011111101111010011110000000000000000000000000000000010111111110100001100000101010011000000000000000000000000000000000100000001101011100101001100010010100000000000000000000000000000
11010011111111011001100110011100000000000000000000000000000000000000101111111111100100100001111110110110000000000000000000000000000000111111110000101100011100010000110000000000000000000000000000000011111110000100011110101110000101100000000000000000000000000000010000000100011111101111010011110010000000000000000000000000000010111111101101100101011100011000000000000000000000000000000000000100000001101011011100100101111001000000000000000000000000000000
11010011111111011001100110011000000000000000000000000000000000000000101111111111100100100001111110110110000000000000000000000000000000111111110000101100011100010000110000000000000000000000000000000011111110000100011110101110000101100000000000000000000000000000010000000100011111101111010011110010000000000000000000000000000000111111101101100101011100010101001000000000000000000000000000000100000001101011100101001100010010100000000000000000000000000000
11010011111111011001100110011100000000000000000000000000000000000000101111111111100100100001111110110110000000000000000000000000000000111111110000101100011100010000110000000000000000000000000000000011111110000100011110101110000101100000000000000000000000000000010000000100011111101111010011110000000000000000000000000000000000111111110100001100000101010001010000000000000000000000000000000100000001101011011100100101111001000000000000000000000000000000
11010011111111011001100110011000000000000000000000000000000000000000101111111111100100100001111110110110000000000000000000000000000000111111110000101100011100010000110000000000000000000000000000000011111110000100011110101110000101100000000000000000000000000000010000000100101001110110100000001010000000000000000000000000000010111111110100001100000101010011000000000000000000000000000000000100000001101011111101010011111110000000000000000000000000000000
11010011111111011001100110011100000000000000000000000000000000000000101111111111100100100001111110110110000000000000000000000000000000111111110000101100011100010000110000000000000000000000000000000011111110000100011110101110000101100000000000000000000000000000010000000100101001110110100000001000000000000000000000000000000010111111101101100101011100011000000000000000000000000000000000000100000001101011110100101101100100100000000000000000000000000000
11010011111111011001100110011000000000000000000000000000000000000000101111111111100100100001111110110110000000000000000000000000000000111111110000101100011100010000110000000000000000000000000000000011111110000100011110101110000101100000000000000000000000000000010000000100101001110110100000001000000000000000000000000000000000111111101101100101011100010101001000000000000000000000000000000100000001101011111101010011111110000000000000000000000000000000
11010011111111011001100110011100000000000000000000000000000000000000101111111111100100100001111110110110000000000000000000000000000000111111110000101100011100010000110000000000000000000000000000000011111110000100011110101110000101100000000000000000000000000000010000000100101001110110100000001010000000000000000000000000000000111111110100001100000101010001010000000000000000000000000000000100000001101011110100101101100100100000000000000000000000000000
11010011111111011001100110011000000000000000000000000000000000000000101111111111100100100001111110110110000000000000000000000000000000111111110000101100011100010000110000000000000000000000000000000011111110000100011110101110000101100000000000000000000000000000010000000100110000110100010111011000000000000000000000000000000010111111110011100010100011001000000000000000000000000000000000000100000001101011100101001100010010100000000000000000000000000000
11010011111111011001100110011100000000000000000000000000000000000000101111111111100100100001111110110110000000000000000000000000000000111111110000101100011100010000110000000000000000000000000000000011111110000100011110101110000101100000000000000000000000000000010000000100110000110100010111010110000000000000000000000000000010111111101101000001101100110000000000000000000000000000000000000100000001101011011100100101111001000000000000000000000000000000
11010011111111011001100110011000000000000000000000000000000000000000101111111111100100100001111110110110000000000000000000000000000000111111110000101100011100010000110000000000000000000000000000000011111110000100011110101110000101100000000000000000000000000000010000000100110000110100010111010110000000000000000000000000000000111111101101000001101100101101001000000000000000000000000000000100000001101011100101001100010010100000000000000000000000000000
11010011111111011001100110011100000000000000000000000000000000000000101111111111100100100001111110110110000000000000000000000000000000111111110000101100011100010000110000000000000000000000000000000011111110000100011110101110000101100000000000000000000000000000010000000100110000110100010111011000000000000000000000000000000000111111110011100010100011000110100000000000000000000000000000000100000001101011011100100101111001000000000000000000000000000000
11010011111111011001100110011000000000000000000000000000000000000000101111111111100100100001111110110110000000000000000000000000000000111111110000101100011100010000110000000000000000000000000000000011111110000100011110101110000101100000000000000000000000000000010000000100111011001100010100000100000000000000000000000000000010111111110010110110101011100100000000000000000000000000000000000100000001101011111101010011111110000000000000000000000000000000
11010011111111011001100110011100000000000000000000000000000000000000101111111111100100100001111110110110000000000000000000000000000000111111110000101100011100010000110000000000000000000000000000000011111110000100011110101110000101100000000000000000000000000000010000000100111011001100010100000100000000000000000000000000000010111111101100100100011101001100000000000000000000000000000000000100000001101011110100101101100100100000000000000000000000000000
11010011111111011001100110011000000000000000000000000000000000000000101111111111100100100001111110110110000000000000000000000000000000111111110000101100011100010000110000000000000000000000000000000011111110000100011110101110000101100000000000000000000000000000010000000100111011001100010100000100000000000000000000000000000000111111101100100100011101000101001000000000000000000000000000000100000001101011111101010011111110000000000000000000000000000000
11010011111111011001100110011100000000000000000000000000000000000000101111111111100100100001111110110110000000000000000000000000000000111111110000101100011100010000110000000000000000000000000000000011111110000100011110101110000101100000000000000000000000000000010000000100111011001100010100000100000000000000000000000000000000111111110010110110101011011110100000000000000000000000000000000100000001101011110100101101100100100000000000000000000000000000
11100011111111010000101000111101101101000000000000000000000000000000101111111110100010010010111100000110000000000000000000000000000000111111110000101100011100010000110000000000000000000000000000000011111110000100011110101110000101100000000000000000000000000000010000000100101011000111001110101110000000000000000000000000000010111111110101100101011100011001000000000000000000000000000000000100000001000010100000110000101111100000000000000000000000000000
11100011111111010000101000111100111111100000000000000000000000000000101111111110100010010010111100000110000000000000000000000000000000111111110000101100011100010000110000000000000000000000000000000011111110000100011110101110000101100000000000000000000000000000010000000100101001000101100100011110000000000000000000000000000010111111110001100101011100011010000000000000000000000000000000000100000001000010001100101000111101100000000000000000000000000000
11100011111111010000101000111101110011100000000000000000000000000000101111111110100010010010111100000110000000000000000000000000000000111111110000101100011100010000110000000000000000000000000000000011111110000100011110101110000101100000000000000000000000000000010000000100101011000111001110101110000000000000000000000000000000111110100101000100010000101101001000000000000000000000000000000100000001000010100000110000101111100000000000000000000000000000
11100011111111010000101000111100111111100000000000000000000000000000101111111110100010010010111100000110000000000000000000000000000000111111110000101100011100010000110000000000000000000000000000000011111110000100011110101110000101100000000000000000000000000000010000000100101001000101100100011110000000000000000000000000000000111111110001100101011100011010100000000000000000000000000000000100000001000010001100101000111101100000000000000000000000000000
11100011111111010000101000111101101101000000000000000000000000000000101111111110100010010010111100000110000000000000000000000000000000111111110000101100011100010000110000000000000000000000000000000011111110000100011110101110000101100000000000000000000000000000010000000100101011000111001110101110000000000000000000000000000010111111110101100101011100011001000000000000000000000000000000000100000001000101001010101100101001100000000000000000000000000000
11100011111111010000101000111100111111100000000000000000000000000000101111111110100010010010111100000110000000000000000000000000000000111111110000101100011100010000110000000000000000000000000000000011111110000100011110101110000101100000000000000000000000000000010000000100101001000101100100011110000000000000000000000000000010111111110001100101011100011010000000000000000000000000000000000100000001000100110110100100110111100000000000000000000000000000
11100011111111010000101000111101110011100000000000000000000000000000101111111110100010010010111100000110000000000000000000000000000000111111110000101100011100010000110000000000000000000000000000000011111110000100011110101110000101100000000000000000000000000000010000000100101011000111001110101110000000000000000000000000000000111110100101000100010000101101001000000000000000000000000000000100000001000101001010101100101001100000000000000000000000000000
11100011111111010000101000111100111111100000000000000000000000000000101111111110100010010010111100000110000000000000000000000000000000111111110000101100011100010000110000000000000000000000000000000011111110000100011110101110000101100000000000000000000000000000010000000100101001000101100100011110000000000000000000000000000000111111110001100101011100011010100000000000000000000000000000000100000001000100110110100100110111100000000000000000000000000000
11100011111111010000101000111101101101000000000000000000000000000000101111111110100010010010111100000110000000000000000000000000000000111111110000101100011100010000110000000000000000000000000000000011111110000100011110101110000101100000000000000000000000000000010000000100101011000111001110101110000000000000000000000000000010111111110101100101011100011001000000000000000000000000000000000100000001000111111111100110011001100000000000000000000000000000
11100011111111010000101000111100111111100000000000000000000000000000101111111110100010010010111100000110000000000000000000000000000000111111110000101100011100010000110000000000000000000000000000000011111110000100011110101110000101100000000000000000000000000000010000000100101001000101100100011110000000000000000000000000000010111111110001100101011100011010000000000000000000000000000000000100000001000111101011011110100111100000000000000000000000000000
11100011111111010000101000111101110011100000000000000000000000000000101111111110100010010010111100000110000000000000000000000000000000111111110000101100011100010000110000000000000000000000000000000011111110000100011110101110000101100000000000000000000000000000010000000100101011000111001110101110000000000000000000000000000000111110100101000100010000101101001000000000000000000000000000000100000001000111111111100110011001100000000000000000000000000000
11100011111111010000101000111100111111100000000000000000000000000000101111111110100010010010111100000110000000000000000000000000000000111111110000101100011100010000110000000000000000000000000000000011111110000100011110101110000101100000000000000000000000000000010000000100101001000101100100011110000000000000000000000000000000111111110001100101011100011010100000000000000000000000000000000100000001000111101011011110100111100000000000000000000000000000
11100011111111010000101000111101101101000000000000000000000000000000101111111110100010010010111100000110000000000000000000000000000000111111110000101100011100010000110000000000000000000000000000000011111110000100011110101110000101100000000000000000000000000000010000000100101011000111001110101110000000000000000000000000000010111111110101100101011100011001000000000000000000000000000000000100000001001011000000101000111101100000000000000000000000000000
11100011111111010000101000111100111111100000000000000000000000000000101111111110100010010010111100000110000000000000000000000000000000111111110000101100011100010000110000000000000000000000000000000011111110000100011110101110000101100000000000000000000000000000010000000100101001000101100100011110000000000000000000000000000010111111110001100101011100011010000000000000000000000000000000000100000001001010101100100001001011100000000000000000000000000000
11100011111111010000101000111101110011100000000000000000000000000000101111111110100010010010111100000110000000000000000000000000000000111111110000101100011100010000110000000000000000000000000000000011111110000100011110101110000101100000000000000000000000000000010000000100101011000111001110101110000000000000000000000000000000111110100101000100010000101101001000000000000000000000000000000100000001001011000000101000111101100000000000000000000000000000
11100011111111010000101000111100111111100000000000000000000000000000101111111110100010010010111100000110000000000000000000000000000000111111110000101100011100010000110000000000000000000000000000000011111110000100011110101110000101100000000000000000000000000000010000000100101001000101100100011110000000000000000000000000000000111111110001100101011100011010100000000000000000000000000000000100000001001010101100100001001011100000000000000000000000000000
11100011111111010000101000111101101101000000000000000000000000000000101111111110100010010010111100000110000000000000000000000000000000111111110000101100011100010000110000000000000000000000000000000011111110000100011110101110000101100000000000000000000000000000010000000100101011000111001110101110000000000000000000000000000010111111110101100101011100011001000000000000000000000000000000000100000001001110001110001010101001100000000000000000000000000000
11100011111111010000101000111100111111100000000000000000000000000000101111111110100010010010111100000110000000000000000000000000000000111111110000101100011100010000110000000000000000000000000000000011111110000100011110101110000101100000000000000000000000000000010000000100101001000101100100011110000000000000000000000000000010111111110001100101011100011010000000000000000000000000000000000100000001001101111010000010110111100000000000000000000000000000
11100011111111010000101000111101110011100000000000000000000000000000101111111110100010010010111100000110000000000000000000000000000000111111110000101100011100010000110000000000000000000000000000000011111110000100011110101110000101100000000000000000000000000000010000000100101011000111001110101110000000000000000000000000000000111110100101000100010000101101001000000000000000000000000000000100000001001110001110001010101001100000000000000000000000000000
11100011111111010000101000111100111111100000000000000000000000000000101111111110100010010010111100000110000000000000000000000000000000111111110000101100011100010000110000000000000000000000000000000011111110000100011110101110000101100000000000000000000000000000010000000100101001000101100100011110000000000000000000000000000000111111110001100101011100011010100000000000000000000000000000000100000001001101111010000010110111100000000000000000000000000000
11100011111111010000101000111111000110000000000000000000000000000000101111111110100010010011000111001010000000000000000000000000000000111111110000101100011100010000110000000000000000000000000000000011111110000100011110101110000101100000000000000000000000000000010000000100101011000111001110101110000000000000000000000000000010111111110101100101011100011001000000000000000000000000000000000100000001010000110011101011100001000000000000000000000000000000
11100011111111010000101000111110011000100000000000000000000000000000101111111110100010010011000111001010000000000000000000000000000000111111110000101100011100010000110000000000000000000000000000000011111110000100011110101110000101100000000000000000000000000000010000000100101001000101100100011110000000000000000000000000000010111111110001100101011100011010000000000000000000000000000000000100000001010000101001100111101000100000000000000000000000000000
11100011111111010000101000111111001100100000000000000000000000000000101111111110100010010011000111001010000000000000000000000000000000111111110000101100011100010000110000000000000000000000000000000011111110000100011110101110000101100000000000000000000000000000010000000100101011000111001110101110000000000000000000000000000000111110100101000100010000101101001000000000000000000000000000000100000001010000110011101011100001000000000000000000000000000000
11100011111111010000101000111110011000100000000000000000000000000000101111111110100010010011000111001010000000000000000000000000000000111111110000101100011100010000110000000000000000000000000000000011111110000100011110101110000101100000000000000000000000000000010000000100101001000101100100011110000000000000000000000000000000111111110001100101011100011010100000000000000000000000000000000100000001010000101001100111101000100000000000000000000000000000
11100011111111010000101000111111010100100000000000000000000000000000101111111111000011000001010111010100000000000000000000000000000000111111110000101100011100010000110000000000000000000000000000000011111110000100011110101110000101100000000000000000000000000000010000000100101001111110000101000110000000000000000000000000000010111111110101100101011100011001000000000000000000000000000000000100000001010010011001111110010001100000000000000000000000000000
11100011111111010000101000111101010111100000000000000000000000000000101111111111000011000001010110110100000000000000000000000000000000111111110000101100011100010000110000000000000000000000000000000011111110000100011110101110000101100000000000000000000000000000010000000100101000101000010100011110000000000000000000000000000010111111110001100101011100011010000000000000000000000000000000000100000001010010001110010100100100000000000000000000000000000000
11100011111111010000101000111111010000000000000000000000000000000000101111111111000011000001010111010100000000000000000000000000000000111111110000101100011100010000110000000000000000000000000000000011111110000100011110101110000101100000000000000000000000000000010000000100101001111110000101001000000000000000000000000000000000111110100101000100010000101101001000000000000000000000000000000100000001010010011001111110010001100000000000000000000000000000
11100011111111010000101000111101010111100000000000000000000000000000101111111111000011000001010110110100000000000000000000000000000000111111110000101100011100010000110000000000000000000000000000000011111110000100011110101110000101100000000000000000000000000000010000000100101000101000010100011110000000000000000000000000000000111111110001100101011100011010100000000000000000000000000000000100000001010010001110010100100100000000000000000000000000000000
11100011111111010000101000111101100101000000000000000000000000000000101111111111000011000001010011100000000000000000000000000000000000111111110000101100011100010000110000000000000000000000000000000011111110000100011110101110000101100000000000000000000000000000010000000100101001111110000101000110000000000000000000000000000010111111110101100101011100011001000000000000000000000000000000000100000001010100010101001011111001100000000000000000000000000000
11100011111111010000101000111101010111100000000000000000000000000000101111111111000011000001010110110100000000000000000000000000000000111111110000101100011100010000110000000000000000000000000000000011111110000100011110101110000101100000000000000000000000000000010000000100101000101000010100011110000000000000000000000000000010111111110001100101011100011010000000000000000000000000000000000100000001010100001001100010001011100000000000000000000000000000
11100011111111010000101000111101100001000000000000000000000000000000101111111111000011000001010011100000000000000000000000000000000000111111110000101100011100010000110000000000000000000000000000000011111110000100011110101110000101100000000000000000000000000000010000000100101001111110000101001000000000000000000000000000000010111110100100000000000000000000000000000000000000000000000000000100000001010100010101001011111001100000000000000000000000000000
11100011111111010000101000111101010111100000000000000000000000000000101111111111000011000001010110110100000000000000000000000000000000111111110000101100011100010000110000000000000000000000000000000011111110000100011110101110000101100000000000000000000000000000010000000100101000101000010100011110000000000000000000000000000000111111110001100101011100011010100000000000000000000000000000000100000001010100001001100010001011100000000000000000000000000000
11100011111111010000101000111101100101000000000000000000000000000000101111111111000011000001010011100000000000000000000000000000000000111111110000101100011100010000110000000000000000000000000000000011111110000100011110101110000101100000000000000000000000000000010000000100101001111110000101000110000000000000000000000000000010111111110101100101011100011001000000000000000000000000000000000100000001010110011010100010100001100000000000000000000000000000
11100011111111010000101000111101010111100000000000000000000000000000101111111111000011000001010110110100000000000000000000000000000000111111110000101100011100010000110000000000000000000000000000000011111110000100011110101110000101100000000000000000000000000000010000000100101000101000010100011110000000000000000000000000000010111111110001100101011100011010000000000000000000000000000000000100000001010110001110111000110100000000000000000000000000000000
11100011111111010000101000111101100001000000000000000000000000000000101111111111000011000001010011100000000000000000000000000000000000111111110000101100011100010000110000000000000000000000000000000011111110000100011110101110000101100000000000000000000000000000010000000100101001111110000101001000000000000000000000000000000010111110100100000000000000000000000000000000000000000000000000000100000001010110011010100010100001100000000000000000000000000000
11100011111111010000101000111101010111100000000000000000000000000000101111111111000011000001010110110100000000000000000000000000000000111111110000101100011100010000110000000000000000000000000000000011111110000100011110101110000101100000000000000000000000000000010000000100101000101000010100011110000000000000000000000000000000111111110001100101011100011010100000000000000000000000000000000100000001010110001110111000110100000000000000000000000000000000
11100011111111010000101000111101100101000000000000000000000000000000101111111111000011000001010011100000000000000000000000000000000000111111110000101100011100010000110000000000000000000000000000000011111110000100011110101110000101100000000000000000000000000000010000000100101001111110000101000110000000000000000000000000000010111111110101100101011100011001000000000000000000000000000000000100000001011000101010101101011000100000000000000000000000000000
11100011111111010000101000111101010111100000000000000000000000000000101111111111000011000001010110110100000000000000000000000000000000111111110000101100011100010000110000000000000000000000000000000011111110000100011110101110000101100000000000000000000000000000010000000100101000101000010100011110000000000000000000000000000010111111110001100101011100011010000000000000000000000000000000000100000001011000011111000011101011000000000000000000000000000000
11100011111111010000101000111101100001000000000000000000000000000000101111111111000011000001010011100000000000000000000000000000000000111111110000101100011100010000110000000000000000000000000000000011111110000100011110101110000101100000000000000000000000000000010000000100101001111110000101001000000000000000000000000000000010111110100100000000000000000000000000000000000000000000000000000100000001011000101010101101011000100000000000000000000000000000
11100011111111010000101000111101010111100000000000000000000000000000101111111111000011000001010110110100000000000000000000000000000000111111110000101100011100010000110000000000000000000000000000000011111110000100011110101110000101100000000000000000000000000000010000000100101000101000010100011110000000000000000000000000000000111111110001100101011100011010100000000000000000000000000000000100000001011000011111000011101011000000000000000000000000000000
11100011111111010000101000111101100101000000000000000000000000000000101111111111000011000001010011100000000000000000000000000000000000111111110000101100011100010000110000000000000000000000000000000011111110000100011110101110000101100000000000000000000000000000010000000100101001111110000101000110000000000000000000000000000010111111110101100101011100011001000000000000000000000000000000000100000001011011000101101110101101100000000000000000000000000000
11100011111111010000101000111101010111100000000000000000000000000000101111111111000011000001010110110100000000000000000000000000000000111111110000101100011100010000110000000000000000000000000000000011111110000100011110101110000101100000000000000000000000000000010000000100101000101000010100011110000000000000000000000000000010111111110001100101011100011010000000000000000000000000000000000100000001011010111010000101000000000000000000000000000000000000
11100011111111010000101000111101100001000000000000000000000000000000101111111111000011000001010011100000000000000000000000000000000000111111110000101100011100010000110000000000000000000000000000000011111110000100011110101110000101100000000000000000000000000000010000000100101001111110000101001000000000000000000000000000000010111110100100000000000000000000000000000000000000000000000000000100000001011011000101101110101101100000000000000000000000000000
11100011111111010000101000111101010111100000000000000000000000000000101111111111000011000001010110110100000000000000000000000000000000111111110000101100011100010000110000000000000000000000000000000011111110000100011110101110000101100000000000000000000000000000010000000100101000101000010100011110000000000000000000000000000000111111110001100101011100011010100000000000000000000000000000000100000001011010111010000101000000000000000000000000000000000000
11100011111111010000101000111101100101000000000000000000000000000000101111111111000011000001010011100000000000000000000000000000000000111111110000101100011100010000110000000000000000000000000000000011111110000100011110101110000101100000000000000000000000000000010000000100101001111110000101000110000000000000000000000000000010111111110101100101011100011001000000000000000000000000000000000100000001011101101100011010101111100000000000000000000000000000
11100011111111010000101000111101010111100000000000000000000000000000101111111111000011000001010110110100000000000000000000000000000000111111110000101100011100010000110000000000000000000000000000000011111110000100011110101110000101100000000000000000000000000000010000000100101000101000010100011110000000000000000000000000000010111111110001100101011100011010000000000000000000000000000000000100000001011101100000110001000010000000000000000000000000000000
11100011111111010000101000111101100001000000000000000000000000000000101111111111000011000001010011100000000000000000000000000000000000111111110000101100011100010000110000000000000000000000000000000011111110000100011110101110000101100000000000000000000000000000010000000100101001111110000101001000000000000000000000000000000010111110100100000000000000000000000000000000000000000000000000000100000001011101101100011010101111100000000000000000000000000000
11100011111111010000101000111101010111100000000000000000000000000000101111111111000011000001010110110100000000000000000000000000000000111111110000101100011100010000110000000000000000000000000000000011111110000100011110101110000101100000000000000000000000000000010000000100101000101000010100011110000000000000000000000000000000111111110001100101011100011010100000000000000000000000000000000100000001011101100000110001000010000000000000000000000000000000
00000000000000000000000000000000000000000000000000000000000000000000000000000000000000000000000000000000000000000000000000000000000000000000000000000000000000000000000000000000000000000000000000000000000000000000000000000000000000000000000000000000000000000000000000000000000000000000000000000000000000000000000000000000000000000000000000000000000000000000000000000000000000000000000000000000000000000000000000000000000000000000000000000000000000000000
00000000000000000000000000000000000000000000000000000000000000000000000000000000000000000000000000000000000000000000000000000000000000000000000000000000000000000000000000000000000000000000000000000000000000000000000000000000000000000000000000000000000000000000000000000000000000000000000000000000000000000000000000000000000000000000000000000000000000000000000000000000000000000000000000000000000000000000000000000000000000000000000000000000000000000000
00000000000000000000000000000000000000000000000000000000000000000000000000000000000000000000000000000000000000000000000000000000000000000000000000000000000000000000000000000000000000000000000000000000000000000000000000000000000000000000000000000000000000000000000000000000000000000000000000000000000000000000000000000000000000000000000000000000000000000000000000000000000000000000000000000000000000000000000000000000000000000000000000000000000000000000
00000000000000000000000000000000000000000000000000000000000000000000000000000000000000000000000000000000000000000000000000000000000000000000000000000000000000000000000000000000000000000000000000000000000000000000000000000000000000000000000000000000000000000000000000000000000000000000000000000000000000000000000000000000000000000000000000000000000000000000000000000000000000000000000000000000000000000000000000000000000000000000000000000000000000000000
00000000000000000000000000000000000000000000000000000000000000000000000000000000000000000000000000000000000000000000000000000000000000000000000000000000000000000000000000000000000000000000000000000000000000000000000000000000000000000000000000000000000000000000000000000000000000000000000000000000000000000000000000000000000000000000000000000000000000000000000000000000000000000000000000000000000000000000000000000000000000000000000000000000000000000000
00000000000000000000000000000000000000000000000000000000000000000000000000000000000000000000000000000000000000000000000000000000000000000000000000000000000000000000000000000000000000000000000000000000000000000000000000000000000000000000000000000000000000000000000000000000000000000000000000000000000000000000000000000000000000000000000000000000000000000000000000000000000000000000000000000000000000000000000000000000000000000000000000000000000000000000
00000000000000000000000000000000000000000000000000000000000000000000000000000000000000000000000000000000000000000000000000000000000000000000000000000000000000000000000000000000000000000000000000000000000000000000000000000000000000000000000000000000000000000000000000000000000000000000000000000000000000000000000000000000000000000000000000000000000000000000000000000000000000000000000000000000000000000000000000000000000000000000000000000000000000000000
00000000000000000000000000000000000000000000000000000000000000000000000000000000000000000000000000000000000000000000000000000000000000000000000000000000000000000000000000000000000000000000000000000000000000000000000000000000000000000000000000000000000000000000000000000000000000000000000000000000000000000000000000000000000000000000000000000000000000000000000000000000000000000000000000000000000000000000000000000000000000000000000000000000000000000000
