10100011111111000111000010100011001111100000000000000000000000000000000000000000000000000000000000000000000000000000000000000000000001000000000101000001100110011001101000000000000000000000000000000011111110000010011011101001011110000000000000000000000000000000010000000101101101010110101110000100000000000000000000000000000010111111110010011100011011110110000000000000000000000000000000001100000001011100001010001011010001000000000000000000000000000000
10100011111111000111000010100011001111100000000000000000000000000000000000000000000000000000000000000000000000000000000000000000000001000000000101000001100110011001101000000000000000000000000000000011111110000010011011101001011110000000000000000000000000000000010000000101101101000101011100001010000000000000000000000000000010111111110010011100011011110110000000000000000000000000000000001100000001011001100101100000010000100000000000000000000000000000
10100011111111000111000010100011001111100000000000000000000000000000000000000000000000000000000000000000000000000000000000000000000001000000000101000001100110011001101000000000000000000000000000000011111110000010011011101001011110000000000000000000000000000000010000000101101101010110101110000100000000000000000000000000000010111111110010011100011011110110000000000000000000000000000000001100000001010111010100011100101011000000000000000000000000000000
10100011111111000111000010100011001111100000000000000000000000000000000000000000000000000000000000000000000000000000000000000000000001000000000101000001100110011001101000000000000000000000000000000011111110000010011011101001011110000000000000000000000000000000010000000101101101000101011100001010000000000000000000000000000010111111110010011100011011110110000000000000000000000000000000001100000001010100110000100001111001000000000000000000000000000000
10100011111111000111000010100011001111100000000000000000000000000000000000000000000000000000000000000000000000000000000000000000000001000000000101000001100110011001101000000000000000000000000000000011111110000010011011101001011110000000000000000000000000000000010000000101101101010110101110000100000000000000000000000000000010111111110010011100011011110110000000000000000000000000000000001100000001010010011110111011011111100000000000000000000000000000
10100011111111000111000010100011001111100000000000000000000000000000000000000000000000000000000000000000000000000000000000000000000001000000000101000001100110011001101000000000000000000000000000000011111110000010011011101001011110000000000000000000000000000000010000000101101101000101011100001010000000000000000000000000000010111111110010011100011011110110000000000000000000000000000000001100000001001111110111100000010000100000000000000000000000000000
10100011111111000111000010100011001111100000000000000000000000000000000000000000000000000000000000000000000000000000000000000000000001000000000101000001100110011001101000000000000000000000000000000011111110000010011011101001011110000000000000000000000000000000010000000101101101010110101110000100000000000000000000000000000010111111110010011100011011110110000000000000000000000000000000001100000001001011001101111001110111000000000000000000000000000000
10100011111111000111000010100011001111100000000000000000000000000000000000000000000000000000000000000000000000000000000000000000000001000000000101000001100110011001101000000000000000000000000000000011111110000010011011101001011110000000000000000000000000000000010000000101101101000101011100001010000000000000000000000000000010111111110010011100011011110110000000000000000000000000000000001100000001000110001001000010111110000000000000000000000000000000
10100011111111000111000010100011001111100000000000000000000000000000000000000000000000000000000000000000000000000000000000000000000001000000000101000001100110011001101000000000000000000000000000000011111110000010011011101001011110000000000000000000000000000000010000000101101101010110101110000100000000000000000000000000000010111111110010011100011011110110000000000000000000000000000000001100000001000001010101011010000111000000000000000000000000000000
10100011111111000111000010100011001111100000000000000000000000000000000000000000000000000000000000000000000000000000000000000000000001000000000101000001100110011001101000000000000000000000000000000011111110000010011011101001011110000000000000000000000000000000010000000101101101000101011100001010000000000000000000000000000010111111110010011100011011110110000000000000000000000000000000001100000000111000100100001000100110100000000000000000000000000000
10100011111111000111000010100011001111100000000000000000000000000000000000000000000000000000000000000000000000000000000000000000000001000000000101000001100110011001101000000000000000000000000000000011111110000010011011101001011110000000000000000000000000000000010000000101101101010110101110000100000000000000000000000000000010111111110010011100011011110110000000000000000000000000000000001100000000101101100001111010000100000000000000000000000000000000
10100011111111000111000010100011001111100000000000000000000000000000000000000000000000000000000000000000000000000000000000000000000001000000000101000001100110011001101000000000000000000000000000000011111110000010011011101001011110000000000000000000000000000000010000000101101101000101011100001010000000000000000000000000000010111111110010011100011011110110000000000000000000000000000000001100000000010010110101010101010010000000000000000000000000000000
10100011111111000111000010100100000110100000000000000000000000000000000000000000000000000000000000000000000000000000000000000000000001000000000101000001100110011001101000000000000000000000000000000011111110000010011011101001011110000000000000000000000000000000010000000101110000100000111101011100000000000000000000000000000010111111101111101110111011000000000000000000000000000000000000001100000001011100001010001011010001000000000000000000000000000000
10100011111111000111000010100100000010100000000000000000000000000000000000000000000000000000000000000000000000000000000000000000000001000000000101000001100110011001101000000000000000000000000000000011111110000010011011101001011110000000000000000000000000000000010000000101110000001111101011100000000000000000000000000000000010111111101111101110111011000000000000000000000000000000000000001100000001011001100101100000010000100000000000000000000000000000
10100011111111000111000010100100000110100000000000000000000000000000000000000000000000000000000000000000000000000000000000000000000001000000000101000001100110011001101000000000000000000000000000000011111110000010011011101001011110000000000000000000000000000000010000000101110000100000111101011100000000000000000000000000000010111111101111101110111011000000000000000000000000000000000000001100000001010111010100011100101011000000000000000000000000000000
10100011111111000111000010100100000010100000000000000000000000000000000000000000000000000000000000000000000000000000000000000000000001000000000101000001100110011001101000000000000000000000000000000011111110000010011011101001011110000000000000000000000000000000010000000101110000001111101011100000000000000000000000000000000010111111101111101110111011000000000000000000000000000000000000001100000001010100110000100001111001000000000000000000000000000000
10100011111111000111000010100100000110100000000000000000000000000000000000000000000000000000000000000000000000000000000000000000000001000000000101000001100110011001101000000000000000000000000000000011111110000010011011101001011110000000000000000000000000000000010000000101110000100000111101011100000000000000000000000000000010111111101111101110111011000000000000000000000000000000000000001100000001010010011110111011011111100000000000000000000000000000
10100011111111000111000010100100000010100000000000000000000000000000000000000000000000000000000000000000000000000000000000000000000001000000000101000001100110011001101000000000000000000000000000000011111110000010011011101001011110000000000000000000000000000000010000000101110000001111101011100000000000000000000000000000000010111111101111101110111011000000000000000000000000000000000000001100000001001111110111100000010000100000000000000000000000000000
10100011111111000111000010100100000110100000000000000000000000000000000000000000000000000000000000000000000000000000000000000000000001000000000101000001100110011001101000000000000000000000000000000011111110000010011011101001011110000000000000000000000000000000010000000101110000100000111101011100000000000000000000000000000010111111101111101110111011000000000000000000000000000000000000001100000001001011001101111001110111000000000000000000000000000000
10100011111111000111000010100100000010100000000000000000000000000000000000000000000000000000000000000000000000000000000000000000000001000000000101000001100110011001101000000000000000000000000000000011111110000010011011101001011110000000000000000000000000000000010000000101110000001111101011100000000000000000000000000000000010111111101111101110111011000000000000000000000000000000000000001100000001000110001001000010111110000000000000000000000000000000
10100011111111000111000010100100000110100000000000000000000000000000000000000000000000000000000000000000000000000000000000000000000001000000000101000001100110011001101000000000000000000000000000000011111110000010011011101001011110000000000000000000000000000000010000000101110000100000111101011100000000000000000000000000000010111111101111101110111011000000000000000000000000000000000000001100000001000001010101011010000111000000000000000000000000000000
10100011111111000111000010100100000010100000000000000000000000000000000000000000000000000000000000000000000000000000000000000000000001000000000101000001100110011001101000000000000000000000000000000011111110000010011011101001011110000000000000000000000000000000010000000101110000001111101011100000000000000000000000000000000010111111101111101110111011000000000000000000000000000000000000001100000000111000100100001000100110100000000000000000000000000000
10100011111111000111000010100100000110100000000000000000000000000000000000000000000000000000000000000000000000000000000000000000000001000000000101000001100110011001101000000000000000000000000000000011111110000010011011101001011110000000000000000000000000000000010000000101110000100000111101011100000000000000000000000000000010111111101111101110111011000000000000000000000000000000000000001100000000101101100001111010000100000000000000000000000000000000
10100011111111000111000010100100000010100000000000000000000000000000000000000000000000000000000000000000000000000000000000000000000001000000000101000001100110011001101000000000000000000000000000000011111110000010011011101001011110000000000000000000000000000000010000000101110000001111101011100000000000000000000000000000000010111111101111101110111011000000000000000000000000000000000000001100000000010010110101010101010010000000000000000000000000000000
10100011111111000111000010100100100010100000000000000000000000000000000000000000000000000000000000000000000000000000000000000000000001000000000101000001100110011001101000000000000000000000000000000011111110000010011011101001011110000000000000000000000000000000010000000101101101010110101110000100000000000000000000000000000010111111101001001001111100110000000000000000000000000000000000001100000001011100001010001011010001000000000000000000000000000000
10100011111111000111000010100000100010100000000000000000000000000000000000000000000000000000000000000000000000000000000000000000000001000000000101000001100110011001101000000000000000000000000000000011111110000010011011101001011110000000000000000000000000000000010000000101101101000101011100001000000000000000000000000000000010111111101001001001111100110000000000000000000000000000000000001100000001011001100101100000010000100000000000000000000000000000
10100011111111000111000010100100100010100000000000000000000000000000000000000000000000000000000000000000000000000000000000000000000001000000000101000001100110011001101000000000000000000000000000000011111110000010011011101001011110000000000000000000000000000000010000000101101101010110101110000100000000000000000000000000000010111111101001001001111100110000000000000000000000000000000000001100000001010111010100011100101011000000000000000000000000000000
10100011111111000111000010100000100010100000000000000000000000000000000000000000000000000000000000000000000000000000000000000000000001000000000101000001100110011001101000000000000000000000000000000011111110000010011011101001011110000000000000000000000000000000010000000101101101000101011100001000000000000000000000000000000010111111101001001001111100110000000000000000000000000000000000001100000001010100110000100001111001000000000000000000000000000000
10100011111111000111000010100100100010100000000000000000000000000000000000000000000000000000000000000000000000000000000000000000000001000000000101000001100110011001101000000000000000000000000000000011111110000010011011101001011110000000000000000000000000000000010000000101101101010110101110000100000000000000000000000000000010111111101001001001111100110000000000000000000000000000000000001100000001010010011110111011011111100000000000000000000000000000
10100011111111000111000010100000100010100000000000000000000000000000000000000000000000000000000000000000000000000000000000000000000001000000000101000001100110011001101000000000000000000000000000000011111110000010011011101001011110000000000000000000000000000000010000000101101101000101011100001000000000000000000000000000000010111111101001001001111100110000000000000000000000000000000000001100000001001111110111100000010000100000000000000000000000000000
10100011111111000111000010100100100010100000000000000000000000000000000000000000000000000000000000000000000000000000000000000000000001000000000101000001100110011001101000000000000000000000000000000011111110000010011011101001011110000000000000000000000000000000010000000101101101010110101110000100000000000000000000000000000010111111101001001001111100110000000000000000000000000000000000001100000001001011001101111001110111000000000000000000000000000000
10100011111111000111000010100000100010100000000000000000000000000000000000000000000000000000000000000000000000000000000000000000000001000000000101000001100110011001101000000000000000000000000000000011111110000010011011101001011110000000000000000000000000000000010000000101101101000101011100001000000000000000000000000000000010111111101001001001111100110000000000000000000000000000000000001100000001000110001001000010111110000000000000000000000000000000
10100011111111000111000010100100100010100000000000000000000000000000000000000000000000000000000000000000000000000000000000000000000001000000000101000001100110011001101000000000000000000000000000000011111110000010011011101001011110000000000000000000000000000000010000000101101101010110101110000100000000000000000000000000000010111111101001001001111100110000000000000000000000000000000000001100000001000001010101011010000111000000000000000000000000000000
10100011111111000111000010100000100010100000000000000000000000000000000000000000000000000000000000000000000000000000000000000000000001000000000101000001100110011001101000000000000000000000000000000011111110000010011011101001011110000000000000000000000000000000010000000101101101000101011100001000000000000000000000000000000010111111101001001001111100110000000000000000000000000000000000001100000000111000100100001000100110100000000000000000000000000000
10100011111111000111000010100100100010100000000000000000000000000000000000000000000000000000000000000000000000000000000000000000000001000000000101000001100110011001101000000000000000000000000000000011111110000010011011101001011110000000000000000000000000000000010000000101101101010110101110000100000000000000000000000000000010111111101001001001111100110000000000000000000000000000000000001100000000101101100001111010000100000000000000000000000000000000
10100011111111000111000010100000100010100000000000000000000000000000000000000000000000000000000000000000000000000000000000000000000001000000000101000001100110011001101000000000000000000000000000000011111110000010011011101001011110000000000000000000000000000000010000000101101101000101011100001000000000000000000000000000000010111111101001001001111100110000000000000000000000000000000000001100000000010010110101010101010010000000000000000000000000000000
10100011111111000111000010100100000010100000000000000000000000000000000000000000000000000000000000000000000000000000000000000000000001000000000101000001100110011001101000000000000000000000000000000011111110000010011011101001011110000000000000000000000000000000010000000101101101010110101110000100000000000000000000000000000000111111101111101110111010111101001000000000000000000000000000001100000001011100001010001011010001000000000000000000000000000000
10100011111111000111000010100100000010100000000000000000000000000000000000000000000000000000000000000000000000000000000000000000000001000000000101000001100110011001101000000000000000000000000000000011111110000010011011101001011110000000000000000000000000000000010000000101101101000101011100001100000000000000000000000000000000111111101111101110111010111101001000000000000000000000000000001100000001011001100101100000010000100000000000000000000000000000
10100011111111000111000010100100000010100000000000000000000000000000000000000000000000000000000000000000000000000000000000000000000001000000000101000001100110011001101000000000000000000000000000000011111110000010011011101001011110000000000000000000000000000000010000000101101101010110101110000100000000000000000000000000000000111111101111101110111010111101001000000000000000000000000000001100000001010111010100011100101011000000000000000000000000000000
10100011111111000111000010100100000010100000000000000000000000000000000000000000000000000000000000000000000000000000000000000000000001000000000101000001100110011001101000000000000000000000000000000011111110000010011011101001011110000000000000000000000000000000010000000101101101000101011100001100000000000000000000000000000000111111101111101110111010111101001000000000000000000000000000001100000001010100110000100001111001000000000000000000000000000000
10100011111111000111000010100100000010100000000000000000000000000000000000000000000000000000000000000000000000000000000000000000000001000000000101000001100110011001101000000000000000000000000000000011111110000010011011101001011110000000000000000000000000000000010000000101101101010110101110000100000000000000000000000000000000111111101111101110111010111101001000000000000000000000000000001100000001010010011110111011011111100000000000000000000000000000
10100011111111000111000010100100000010100000000000000000000000000000000000000000000000000000000000000000000000000000000000000000000001000000000101000001100110011001101000000000000000000000000000000011111110000010011011101001011110000000000000000000000000000000010000000101101101000101011100001100000000000000000000000000000000111111101111101110111010111101001000000000000000000000000000001100000001001111110111100000010000100000000000000000000000000000
10100011111111000111000010100100000010100000000000000000000000000000000000000000000000000000000000000000000000000000000000000000000001000000000101000001100110011001101000000000000000000000000000000011111110000010011011101001011110000000000000000000000000000000010000000101101101010110101110000100000000000000000000000000000000111111101111101110111010111101001000000000000000000000000000001100000001001011001101111001110111000000000000000000000000000000
10100011111111000111000010100100000010100000000000000000000000000000000000000000000000000000000000000000000000000000000000000000000001000000000101000001100110011001101000000000000000000000000000000011111110000010011011101001011110000000000000000000000000000000010000000101101101000101011100001100000000000000000000000000000000111111101111101110111010111101001000000000000000000000000000001100000001000110001001000010111110000000000000000000000000000000
10100011111111000111000010100100000010100000000000000000000000000000000000000000000000000000000000000000000000000000000000000000000001000000000101000001100110011001101000000000000000000000000000000011111110000010011011101001011110000000000000000000000000000000010000000101101101010110101110000100000000000000000000000000000000111111101111101110111010111101001000000000000000000000000000001100000001000001010101011010000111000000000000000000000000000000
10100011111111000111000010100100000010100000000000000000000000000000000000000000000000000000000000000000000000000000000000000000000001000000000101000001100110011001101000000000000000000000000000000011111110000010011011101001011110000000000000000000000000000000010000000101101101000101011100001100000000000000000000000000000000111111101111101110111010111101001000000000000000000000000000001100000000111000100100001000100110100000000000000000000000000000
10100011111111000111000010100100000010100000000000000000000000000000000000000000000000000000000000000000000000000000000000000000000001000000000101000001100110011001101000000000000000000000000000000011111110000010011011101001011110000000000000000000000000000000010000000101101101010110101110000100000000000000000000000000000000111111101111101110111010111101001000000000000000000000000000001100000000101101100001111010000100000000000000000000000000000000
10100011111111000111000010100100000010100000000000000000000000000000000000000000000000000000000000000000000000000000000000000000000001000000000101000001100110011001101000000000000000000000000000000011111110000010011011101001011110000000000000000000000000000000010000000101101101000101011100001100000000000000000000000000000000111111101111101110111010111101001000000000000000000000000000001100000000010010110101010101010010000000000000000000000000000000
10100011111111000111000010100110111110000000000000000000000000000000000000000000000000000000000000000000000000000000000000000000000001000000000101000001100110011001101000000000000000000000000000000011111110000010011011101001011110000000000000000000000000000000010000000101110000100000111101011100000000000000000000000000000000111111110010011100011011110010100000000000000000000000000000001100000001011100001010001011010001000000000000000000000000000000
10100011111111000111000010100011000011000000000000000000000000000000000000000000000000000000000000000000000000000000000000000000000001000000000101000001100110011001101000000000000000000000000000000011111110000010011011101001011110000000000000000000000000000000010000000101110000001111101011100000000000000000000000000000000000111111110010011100011011110010100000000000000000000000000000001100000001011001100101100000010000100000000000000000000000000000
10100011111111000111000010100110111110000000000000000000000000000000000000000000000000000000000000000000000000000000000000000000000001000000000101000001100110011001101000000000000000000000000000000011111110000010011011101001011110000000000000000000000000000000010000000101110000100000111101011100000000000000000000000000000000111111110010011100011011110010100000000000000000000000000000001100000001010111010100011100101011000000000000000000000000000000
10100011111111000111000010100011000011000000000000000000000000000000000000000000000000000000000000000000000000000000000000000000000001000000000101000001100110011001101000000000000000000000000000000011111110000010011011101001011110000000000000000000000000000000010000000101110000001111101011100000000000000000000000000000000000111111110010011100011011110010100000000000000000000000000000001100000001010100110000100001111001000000000000000000000000000000
10100011111111000111000010100110111110000000000000000000000000000000000000000000000000000000000000000000000000000000000000000000000001000000000101000001100110011001101000000000000000000000000000000011111110000010011011101001011110000000000000000000000000000000010000000101110000100000111101011100000000000000000000000000000000111111110010011100011011110010100000000000000000000000000000001100000001010010011110111011011111100000000000000000000000000000
10100011111111000111000010100011000011000000000000000000000000000000000000000000000000000000000000000000000000000000000000000000000001000000000101000001100110011001101000000000000000000000000000000011111110000010011011101001011110000000000000000000000000000000010000000101110000001111101011100000000000000000000000000000000000111111110010011100011011110010100000000000000000000000000000001100000001001111110111100000010000100000000000000000000000000000
10100011111111000111000010100110111110000000000000000000000000000000000000000000000000000000000000000000000000000000000000000000000001000000000101000001100110011001101000000000000000000000000000000011111110000010011011101001011110000000000000000000000000000000010000000101110000100000111101011100000000000000000000000000000000111111110010011100011011110010100000000000000000000000000000001100000001001011001101111001110111000000000000000000000000000000
10100011111111000111000010100011000011000000000000000000000000000000000000000000000000000000000000000000000000000000000000000000000001000000000101000001100110011001101000000000000000000000000000000011111110000010011011101001011110000000000000000000000000000000010000000101110000001111101011100000000000000000000000000000000000111111110010011100011011110010100000000000000000000000000000001100000001000110001001000010111110000000000000000000000000000000
10100011111111000111000010100110111110000000000000000000000000000000000000000000000000000000000000000000000000000000000000000000000001000000000101000001100110011001101000000000000000000000000000000011111110000010011011101001011110000000000000000000000000000000010000000101110000100000111101011100000000000000000000000000000000111111110010011100011011110010100000000000000000000000000000001100000001000001010101011010000111000000000000000000000000000000
10100011111111000111000010100011000011000000000000000000000000000000000000000000000000000000000000000000000000000000000000000000000001000000000101000001100110011001101000000000000000000000000000000011111110000010011011101001011110000000000000000000000000000000010000000101110000001111101011100000000000000000000000000000000000111111110010011100011011110010100000000000000000000000000000001100000000111000100100001000100110100000000000000000000000000000
10100011111111000111000010100110111110000000000000000000000000000000000000000000000000000000000000000000000000000000000000000000000001000000000101000001100110011001101000000000000000000000000000000011111110000010011011101001011110000000000000000000000000000000010000000101110000100000111101011100000000000000000000000000000000111111110010011100011011110010100000000000000000000000000000001100000000101101100001111010000100000000000000000000000000000000
10100011111111000111000010100011000011000000000000000000000000000000000000000000000000000000000000000000000000000000000000000000000001000000000101000001100110011001101000000000000000000000000000000011111110000010011011101001011110000000000000000000000000000000010000000101110000001111101011100000000000000000000000000000000000111111110010011100011011110010100000000000000000000000000000001100000000010010110101010101010010000000000000000000000000000000
00000000000000000000000000000000000000000000000000000000000000000000000000000000000000000000000000000000000000000000000000000000000000000000000000000000000000000000000000000000000000000000000000000000000000000000000000000000000000000000000000000000000000000000000000000000000000000000000000000000000000000000000000000000000000000000000000000000000000000000000000000000000000000000000000000000000000000000000000000000000000000000000000000000000000000000
00000000000000000000000000000000000000000000000000000000000000000000000000000000000000000000000000000000000000000000000000000000000000000000000000000000000000000000000000000000000000000000000000000000000000000000000000000000000000000000000000000000000000000000000000000000000000000000000000000000000000000000000000000000000000000000000000000000000000000000000000000000000000000000000000000000000000000000000000000000000000000000000000000000000000000000
00000000000000000000000000000000000000000000000000000000000000000000000000000000000000000000000000000000000000000000000000000000000000000000000000000000000000000000000000000000000000000000000000000000000000000000000000000000000000000000000000000000000000000000000000000000000000000000000000000000000000000000000000000000000000000000000000000000000000000000000000000000000000000000000000000000000000000000000000000000000000000000000000000000000000000000
00000000000000000000000000000000000000000000000000000000000000000000000000000000000000000000000000000000000000000000000000000000000000000000000000000000000000000000000000000000000000000000000000000000000000000000000000000000000000000000000000000000000000000000000000000000000000000000000000000000000000000000000000000000000000000000000000000000000000000000000000000000000000000000000000000000000000000000000000000000000000000000000000000000000000000000
00000000000000000000000000000000000000000000000000000000000000000000000000000000000000000000000000000000000000000000000000000000000000000000000000000000000000000000000000000000000000000000000000000000000000000000000000000000000000000000000000000000000000000000000000000000000000000000000000000000000000000000000000000000000000000000000000000000000000000000000000000000000000000000000000000000000000000000000000000000000000000000000000000000000000000000
00000000000000000000000000000000000000000000000000000000000000000000000000000000000000000000000000000000000000000000000000000000000000000000000000000000000000000000000000000000000000000000000000000000000000000000000000000000000000000000000000000000000000000000000000000000000000000000000000000000000000000000000000000000000000000000000000000000000000000000000000000000000000000000000000000000000000000000000000000000000000000000000000000000000000000000
00000000000000000000000000000000000000000000000000000000000000000000000000000000000000000000000000000000000000000000000000000000000000000000000000000000000000000000000000000000000000000000000000000000000000000000000000000000000000000000000000000000000000000000000000000000000000000000000000000000000000000000000000000000000000000000000000000000000000000000000000000000000000000000000000000000000000000000000000000000000000000000000000000000000000000000
00000000000000000000000000000000000000000000000000000000000000000000000000000000000000000000000000000000000000000000000000000000000000000000000000000000000000000000000000000000000000000000000000000000000000000000000000000000000000000000000000000000000000000000000000000000000000000000000000000000000000000000000000000000000000000000000000000000000000000000000000000000000000000000000000000000000000000000000000000000000000000000000000000000000000000000
00000000000000000000000000000000000000000000000000000000000000000000000000000000000000000000000000000000000000000000000000000000000000000000000000000000000000000000000000000000000000000000000000000000000000000000000000000000000000000000000000000000000000000000000000000000000000000000000000000000000000000000000000000000000000000000000000000000000000000000000000000000000000000000000000000000000000000000000000000000000000000000000000000000000000000000
00000000000000000000000000000000000000000000000000000000000000000000000000000000000000000000000000000000000000000000000000000000000000000000000000000000000000000000000000000000000000000000000000000000000000000000000000000000000000000000000000000000000000000000000000000000000000000000000000000000000000000000000000000000000000000000000000000000000000000000000000000000000000000000000000000000000000000000000000000000000000000000000000000000000000000000
00000000000000000000000000000000000000000000000000000000000000000000000000000000000000000000000000000000000000000000000000000000000000000000000000000000000000000000000000000000000000000000000000000000000000000000000000000000000000000000000000000000000000000000000000000000000000000000000000000000000000000000000000000000000000000000000000000000000000000000000000000000000000000000000000000000000000000000000000000000000000000000000000000000000000000000
00000000000000000000000000000000000000000000000000000000000000000000000000000000000000000000000000000000000000000000000000000000000000000000000000000000000000000000000000000000000000000000000000000000000000000000000000000000000000000000000000000000000000000000000000000000000000000000000000000000000000000000000000000000000000000000000000000000000000000000000000000000000000000000000000000000000000000000000000000000000000000000000000000000000000000000
