10110011111111000111000010100000000000000000000000000000000000000000001111111111100100100001111110110110000000000000000000000000000001000000000101000001100110011001101000000000000000000000000000000011111110000010011011101001011110000000000000000000000000000000010000000101000101001111000000100000000000000000000000000000000010111111110101011110100100011010000000000000000000000000000000001100000001100011000110101100110011000000000000000000000000000000
10110011111111000111000010100000000000000000000000000000000000000000001111111111100100100001111110110110000000000000000000000000000001000000000101000001100110011001101000000000000000000000000000000011111110000010011011101001011110000000000000000000000000000000010000000101000101001111000000100000000000000000000000000000000010111111110011000101101011011000000000000000000000000000000000001100000001100011010001001011100001100000000000000000000000000000
10110011111111000111000010100000000000000000000000000000000000000000001111111111100100100001111110110110000000000000000000000000000001000000000101000001100110011001101000000000000000000000000000000011111110000010011011101001011110000000000000000000000000000000010000000101000101001111000000100000000000000000000000000000000010111111101110011100011011101000000000000000000000000000000000001100000001100011000110101100110011000000000000000000000000000000
10110011111111000111000010100000000000000000000000000000000000000000001111111111100100100001111110110110000000000000000000000000000001000000000101000001100110011001101000000000000000000000000000000011111110000010011011101001011110000000000000000000000000000000010000000101000101001111000000100000000000000000000000000000000000111111100101001001111100110100010000000000000000000000000000001100000001100011010001001011100001100000000000000000000000000000
10110011111111000111000010100000000000000000000000000000000000000000001111111111100100100001111110110110000000000000000000000000000001000000000101000001100110011001101000000000000000000000000000000011111110000010011011101001011110000000000000000000000000000000010000000101000101001111000000100000000000000000000000000000000000111111110000100000101101000110100000000000000000000000000000001100000001100011000110101100110011000000000000000000000000000000
10110011111111000111000010100000000000000000000000000000000000000000001111111111100100100001111110110110000000000000000000000000000001000000000101000001100110011001101000000000000000000000000000000011111110000010011011101001011110000000000000000000000000000000010000000101000101001111000000100000000000000000000000000000000000111111110100001100000101010011010000000000000000000000000000001100000001100011010001001011100001100000000000000000000000000000
10110011111111000111000010100000000000000000000000000000000000000000001111111111100100100001111110110110000000000000000000000000000001000000000101000001100110011001101000000000000000000000000000000011111110000010011011101001011110000000000000000000000000000000010000000101010000000000010110111100000000000000000000000000000010111111110100001100000101010010000000000000000000000000000000001100000001100011101001010011001101000000000000000000000000000000
10110011111111000111000010100000000000000000000000000000000000000000001111111111100100100001111110110110000000000000000000000000000001000000000101000001100110011001101000000000000000000000000000000011111110000010011011101001011110000000000000000000000000000000010000000101010000000000010110111100000000000000000000000000000010111111110001000001101100101100000000000000000000000000000000001100000001100011011110110100011110100000000000000000000000000000
10110011111111000111000010100000000000000000000000000000000000000000001111111111100100100001111110110110000000000000000000000000000001000000000101000001100110011001101000000000000000000000000000000011111110000010011011101001011110000000000000000000000000000000010000000101010000000000010110111100000000000000000000000000000010111111101010101100111011100000000000000000000000000000000000001100000001100011101001010011001101000000000000000000000000000000
10110011111111000111000010100000000000000000000000000000000000000000001111111111100100100001111110110110000000000000000000000000000001000000000101000001100110011001101000000000000000000000000000000011111110000010011011101001011110000000000000000000000000000000010000000101010000000000010110111100000000000000000000000000000000111111101010101100111011101010001000000000000000000000000000001100000001100011011110110100011110100000000000000000000000000000
10110011111111000111000010100000000000000000000000000000000000000000001111111111100100100001111110110110000000000000000000000000000001000000000101000001100110011001101000000000000000000000000000000011111110000010011011101001011110000000000000000000000000000000010000000101010000000000010110111100000000000000000000000000000000111111110001000001101100110010100000000000000000000000000000001100000001100011101001010011001101000000000000000000000000000000
10110011111111000111000010100000000000000000000000000000000000000000001111111111100100100001111110110110000000000000000000000000000001000000000101000001100110011001101000000000000000000000000000000011111110000010011011101001011110000000000000000000000000000000010000000101010000000000010110111100000000000000000000000000000000111111110100001100000101010011010000000000000000000000000000001100000001100011011110110100011110100000000000000000000000000000
10110011111111000111000010100000000000000000000000000000000000000000001111111111100100100001111110110110000000000000000000000000000001000000000101000001100110011001101000000000000000000000000000000011111110000010011011101001011110000000000000000000000000000000010000000101010111010110000010101010000000000000000000000000000010111111110100011100110101100110000000000000000000000000000000001100000001100011000110101100110011000000000000000000000000000000
10110011111111000111000010100000000000000000000000000000000000000000001111111111100100100001111110110110000000000000000000000000000001000000000101000001100110011001101000000000000000000000000000000011111110000010011011101001011110000000000000000000000000000000010000000101010111010110000010101010000000000000000000000000000010111111110001110000100111010000000000000000000000000000000000001100000001100011010001001011100001100000000000000000000000000000
10110011111111000111000010100000000000000000000000000000000000000000001111111111100100100001111110110110000000000000000000000000000001000000000101000001100110011001101000000000000000000000000000000011111110000010011011101001011110000000000000000000000000000000010000000101010111010110000010101010000000000000000000000000000010111111101101001111000110100000000000000000000000000000000000001100000001100011000110101100110011000000000000000000000000000000
10110011111111000111000010100000000000000000000000000000000000000000001111111111100100100001111110110110000000000000000000000000000001000000000101000001100110011001101000000000000000000000000000000011111110000010011011101001011110000000000000000000000000000000010000000101010111010110000010101010000000000000000000000000000000111111100100001100000101010100010000000000000000000000000000001100000001100011010001001011100001100000000000000000000000000000
10110011111111000111000010100000000000000000000000000000000000000000001111111111100100100001111110110110000000000000000000000000000001000000000101000001100110011001101000000000000000000000000000000011111110000010011011101001011110000000000000000000000000000000010000000101010111010110000010101010000000000000000000000000000000111111101111010101001001010101001000000000000000000000000000001100000001100011000110101100110011000000000000000000000000000000
10110011111111000111000010100000000000000000000000000000000000000000001111111111100100100001111110110110000000000000000000000000000001000000000101000001100110011001101000000000000000000000000000000011111110000010011011101001011110000000000000000000000000000000010000000101010111010110000010101100000000000000000000000000000000111111110010110011101000100110100000000000000000000000000000001100000001100011010001001011100001100000000000000000000000000000
10110011111111000111000010100000000000000000000000000000000000000000001111111111100100100001111110110110000000000000000000000000000001000000000101000001100110011001101000000000000000000000000000000011111110000010011011101001011110000000000000000000000000000000010000000101010111010110000010101100000000000000000000000000000000111111110100111110010110010001010000000000000000000000000000001100000001100011000110101100110011000000000000000000000000000000
10110011111111000111000010100000000000000000000000000000000000000000001111111111100100100001111110110110000000000000000000000000000001000000000101000001100110011001101000000000000000000000000000000011111110000010011011101001011110000000000000000000000000000000010000000101100010010000000110001010000000000000000000000000000010111111110100111000110000110100000000000000000000000000000000001100000001100011011110110100011110100000000000000000000000000000
10110011111111000111000010100000000000000000000000000000000000000000001111111111100100100001111110110110000000000000000000000000000001000000000101000001100110011001101000000000000000000000000000000011111110000010011011101001011110000000000000000000000000000000010000000101100010010000000110001010000000000000000000000000000010111111110010111110110011011100000000000000000000000000000000001100000001100011101001010011001101000000000000000000000000000000
10110011111111000111000010100000000000000000000000000000000000000000001111111111100100100001111110110110000000000000000000000000000001000000000101000001100110011001101000000000000000000000000000000011111110000010011011101001011110000000000000000000000000000000010000000101100010010000000110001010000000000000000000000000000010111111110000001100000101010000000000000000000000000000000000001100000001100011011110110100011110100000000000000000000000000000
10110011111111000111000010100000000000000000000000000000000000000000001111111111100100100001111110110110000000000000000000000000000001000000000101000001100110011001101000000000000000000000000000000011111110000010011011101001011110000000000000000000000000000000010000000101100010010000000110001010000000000000000000000000000010111111101001100101011100010000000000000000000000000000000000001100000001100011101001010011001101000000000000000000000000000000
10110011111111000111000010100000000000000000000000000000000000000000001111111111100100100001111110110110000000000000000000000000000001000000000101000001100110011001101000000000000000000000000000000011111110000010011011101001011110000000000000000000000000000000010000000101100010010000000110001000000000000000000000000000000000111111101001100101011100011010001000000000000000000000000000001100000001100011011110110100011110100000000000000000000000000000
10110011111111000111000010100000000000000000000000000000000000000000001111111111100100100001111110110110000000000000000000000000000001000000000101000001100110011001101000000000000000000000000000000011111110000010011011101001011110000000000000000000000000000000010000000101100010010000000110001010000000000000000000000000000000111111110000001100000101010010100000000000000000000000000000001100000001100011101001010011001101000000000000000000000000000000
10110011111111000111000010100000000000000000000000000000000000000000001111111111100100100001111110110110000000000000000000000000000001000000000101000001100110011001101000000000000000000000000000000011111110000010011011101001011110000000000000000000000000000000010000000101100010010000000110001010000000000000000000000000000000111111110010111110110011011110100000000000000000000000000000001100000001100011011110110100011110100000000000000000000000000000
10110011111111000111000010100000000000000000000000000000000000000000001111111111100100100001111110110110000000000000000000000000000001000000000101000001100110011001101000000000000000000000000000000011111110000010011011101001011110000000000000000000000000000000010000000101100010010000000110001010000000000000000000000000000000111111110100111000110000110101010000000000000000000000000000001100000001100011101001010011001101000000000000000000000000000000
10110011111111000111000010100000000000000000000000000000000000000000001111111111100100100001111110110110000000000000000000000000000001000000000101000001100110011001101000000000000000000000000000000011111110000010011011101001011110000000000000000000000000000000010000000101101000111110011001100110000000000000000000000000000010111111110101000100100001010110000000000000000000000000000000001100000001100011010001001011100001100000000000000000000000000000
10110011111111000111000010100000000000000000000000000000000000000000001111111111100100100001111110110110000000000000000000000000000001000000000101000001100110011001101000000000000000000000000000000011111110000010011011101001011110000000000000000000000000000000010000000101101000111110011001100110000000000000000000000000000010111111110011011111101110011100000000000000000000000000000000001100000001100011000110101100110011000000000000000000000000000000
10110011111111000111000010100000000000000000000000000000000000000000001111111111100100100001111110110110000000000000000000000000000001000000000101000001100110011001101000000000000000000000000000000011111110000010011011101001011110000000000000000000000000000000010000000101101000111110011001101000000000000000000000000000000010111111110000110110011010010100000000000000000000000000000000001100000001100011010001001011100001100000000000000000000000000000
10110011111111000111000010100000000000000000000000000000000000000000001111111111100100100001111110110110000000000000000000000000000001000000000101000001100110011001101000000000000000000000000000000011111110000010011011101001011110000000000000000000000000000000010000000101101000111110011001101000000000000000000000000000000010111111101100011010001100010000000000000000000000000000000000001100000001100011000110101100110011000000000000000000000000000000
10110011111111000111000010100000000000000000000000000000000000000000001111111111100100100001111110110110000000000000000000000000000001000000000101000001100110011001101000000000000000000000000000000011111110000010011011101001011110000000000000000000000000000000010000000101101000111110011001100110000000000000000000000000000000111111100011000011100000101000100000000000000000000000000000001100000001100011010001001011100001100000000000000000000000000000
10110011111111000111000010100000000000000000000000000000000000000000001111111111100100100001111110110110000000000000000000000000000001000000000101000001100110011001101000000000000000000000000000000011111110000010011011101001011110000000000000000000000000000000010000000101101000111110011001100110000000000000000000000000000000111111101110001011000100011101001000000000000000000000000000001100000001100011000110101100110011000000000000000000000000000000
10110011111111000111000010100000000000000000000000000000000000000000001111111111100100100001111110110110000000000000000000000000000001000000000101000001100110011001101000000000000000000000000000000011111110000010011011101001011110000000000000000000000000000000010000000101101000111110011001100110000000000000000000000000000000111111110001101110110110011010100000000000000000000000000000001100000001100011010001001011100001100000000000000000000000000000
10110011111111000111000010100000000000000000000000000000000000000000001111111111100100100001111110110110000000000000000000000000000001000000000101000001100110011001101000000000000000000000000000000011111110000010011011101001011110000000000000000000000000000000010000000101101000111110011001100110000000000000000000000000000000111111110100001100000101010011010000000000000000000000000000001100000001100011000110101100110011000000000000000000000000000000
10110011111111000111000010100000000000000000000000000000000000000000001111111111100100100001111110110110000000000000000000000000000001000000000101000001100110011001101000000000000000000000000000000011111110000010011011101001011110000000000000000000000000000000010000000101101000111110011001100110000000000000000000000000000000111111110101100000101111011001010000000000000000000000000000001100000001100011010001001011100001100000000000000000000000000000
11100011111111011001100110011000000000000000000000000000000000000000001111111111100100100001111110110110000000000000000000000000000001000000000101000001100110011001101000000000000000000000000000000011111110000010011011101001011110000000000000000000000000000000010000000101000011101000011011011100000000000000000000000000000010111111110101011110100100011010000000000000000000000000000000001100000001110000011011010110011001100000000000000000000000000000
11100011111111011001100110011000000000000000000000000000000000000000001111111111100100100001111110110110000000000000000000000000000001000000000101000001100110011001101000000000000000000000000000000011111110000010011011101001011110000000000000000000000000000000010000000101000011101000011011011100000000000000000000000000000010111111110011000101101011011000000000000000000000000000000000001100000001110000100000100101110000100000000000000000000000000000
11100011111111011001100110011000000000000000000000000000000000000000001111111111100100100001111110110110000000000000000000000000000001000000000101000001100110011001101000000000000000000000000000000011111110000010011011101001011110000000000000000000000000000000010000000101000011101000011011011100000000000000000000000000000010111111101110011100011011101000000000000000000000000000000000001100000001110000011011010110011001100000000000000000000000000000
11100011111111011001100110011000000000000000000000000000000000000000001111111111100100100001111110110110000000000000000000000000000001000000000101000001100110011001101000000000000000000000000000000011111110000010011011101001011110000000000000000000000000000000010000000101000011101000011011011100000000000000000000000000000000111111100101001001111100110100010000000000000000000000000000001100000001110000100000100101110000100000000000000000000000000000
11100011111111011001100110011000000000000000000000000000000000000000001111111111100100100001111110110110000000000000000000000000000001000000000101000001100110011001101000000000000000000000000000000011111110000010011011101001011110000000000000000000000000000000010000000101000011101000011011011100000000000000000000000000000000111111110000100000101101000110100000000000000000000000000000001100000001110000011011010110011001100000000000000000000000000000
11100011111111011001100110011000000000000000000000000000000000000000001111111111100100100001111110110110000000000000000000000000000001000000000101000001100110011001101000000000000000000000000000000011111110000010011011101001011110000000000000000000000000000000010000000101000011101000011011011100000000000000000000000000000000111111110100001100000101010011010000000000000000000000000000001100000001110000100000100101110000100000000000000000000000000000
11100011111111011001100110011000000000000000000000000000000000000000001111111111100100100001111110110110000000000000000000000000000001000000000101000001100110011001101000000000000000000000000000000011111110000010011011101001011110000000000000000000000000000000010000000101001110001000010100011110000000000000000000000000000010111111110011110001110111100000000000000000000000000000000000001100000001110000100111011010001111100000000000000000000000000000
11100011111111011001100110011000000000000000000000000000000000000000001111111111100100100001111110110110000000000000000000000000000001000000000101000001100110011001101000000000000000000000000000000011111110000010011011101001011110000000000000000000000000000000010000000101001110001000010100011110000000000000000000000000000010111111110000001100000101010000000000000000000000000000000000001100000001110000101100101001100110100000000000000000000000000000
11100011111111011001100110011000000000000000000000000000000000000000001111111111100100100001111110110110000000000000000000000000000001000000000101000001100110011001101000000000000000000000000000000011111110000010011011101001011110000000000000000000000000000000010000000101001110001000010100011110000000000000000000000000000010111111100100110010011000000000000000000000000000000000000000001100000001110000100111011010001111100000000000000000000000000000
11100011111111011001100110011000000000000000000000000000000000000000001111111111100100100001111110110110000000000000000000000000000001000000000101000001100110011001101000000000000000000000000000000011111110000010011011101001011110000000000000000000000000000000010000000101001110001000010100011110000000000000000000000000000000111111101101111110111110011101001000000000000000000000000000001100000001110000101100101001100110100000000000000000000000000000
11100011111111011001100110011000000000000000000000000000000000000000001111111111100100100001111110110110000000000000000000000000000001000000000101000001100110011001101000000000000000000000000000000011111110000010011011101001011110000000000000000000000000000000010000000101001110001000010100011110000000000000000000000000000000111111110010100101010001011110100000000000000000000000000000001100000001110000100111011010001111100000000000000000000000000000
11100011111111011001100110011000000000000000000000000000000000000000001111111111100100100001111110110110000000000000000000000000000001000000000101000001100110011001101000000000000000000000000000000011111110000010011011101001011110000000000000000000000000000000010000000101001110001000010100011110000000000000000000000000000000111111110101000101100001110101010000000000000000000000000000001100000001110000101100101001100110100000000000000000000000000000
11100011111111000111000010100000000000000000000000000000000000000000001111111111100100100001111110110110000000000000000000000000000001000000000101000001100110011001101000000000000000000000000000000011111110000010011011101001011110000000000000000000000000000000010000000101010110011011011110011010000000000000000000000000000010111111110100011100110101100110000000000000000000000000000000001100000001110000011011010110011001100000000000000000000000000000
11100011111111000111000010110000000000000000000000000000000000000000001111111111100100100001111110110110000000000000000000000000000001000000000101000001100110011001101000000000000000000000000000000011111110000010011011101001011110000000000000000000000000000000010000000101010110011011011110011010000000000000000000000000000010111111110001110000100111010000000000000000000000000000000000001100000001110000100000100101110000100000000000000000000000000000
11100011111111000111000010100000000000000000000000000000000000000000001111111111100100100001111110110110000000000000000000000000000001000000000101000001100110011001101000000000000000000000000000000011111110000010011011101001011110000000000000000000000000000000010000000101010110011011011110011100000000000000000000000000000010111111101101001111000110100000000000000000000000000000000000001100000001110000011011010110011001100000000000000000000000000000
11100011111111000111000010110000000000000000000000000000000000000000001111111111100100100001111110110110000000000000000000000000000001000000000101000001100110011001101000000000000000000000000000000011111110000010011011101001011110000000000000000000000000000000010000000101010110011011011110011010000000000000000000000000000000111111100100001100000101010100010000000000000000000000000000001100000001110000100000100101110000100000000000000000000000000000
11100011111111000111000010100000000000000000000000000000000000000000001111111111100100100001111110110110000000000000000000000000000001000000000101000001100110011001101000000000000000000000000000000011111110000010011011101001011110000000000000000000000000000000010000000101010110011011011110011010000000000000000000000000000000111111101111010101001001010101001000000000000000000000000000001100000001110000011011010110011001100000000000000000000000000000
11100011111111000111000010110000000000000000000000000000000000000000001111111111100100100001111110110110000000000000000000000000000001000000000101000001100110011001101000000000000000000000000000000011111110000010011011101001011110000000000000000000000000000000010000000101010110011011011110011010000000000000000000000000000000111111110010110011101000100110100000000000000000000000000000001100000001110000100000100101110000100000000000000000000000000000
11100011111111000111000010100000000000000000000000000000000000000000001111111111100100100001111110110110000000000000000000000000000001000000000101000001100110011001101000000000000000000000000000000011111110000010011011101001011110000000000000000000000000000000010000000101010110011011011110011010000000000000000000000000000000111111110100111110010110010001010000000000000000000000000000001100000001110000011011010110011001100000000000000000000000000000
11100011111111000111000010110000000000000000000000000000000000000000001111111111100100100001111110110110000000000000000000000000000001000000000101000001100110011001101000000000000000000000000000000011111110000010011011101001011110000000000000000000000000000000010000000101100001001000011011000010000000000000000000000000000010111111110100111000110000110100000000000000000000000000000000001100000001110000100111011010001111100000000000000000000000000000
11100011111111000111000010100000000000000000000000000000000000000000001111111111100100100001111110110110000000000000000000000000000001000000000101000001100110011001101000000000000000000000000000000011111110000010011011101001011110000000000000000000000000000000010000000101100001001000011011000010000000000000000000000000000010111111110010111110110011011100000000000000000000000000000000001100000001110000101100101001100110100000000000000000000000000000
11100011111111000111000010110000000000000000000000000000000000000000001111111111100100100001111110110110000000000000000000000000000001000000000101000001100110011001101000000000000000000000000000000011111110000010011011101001011110000000000000000000000000000000010000000101100001001000011011000010000000000000000000000000000010111111110000001100000101010000000000000000000000000000000000001100000001110000100111011010001111100000000000000000000000000000
11100011111111000111000010100000000000000000000000000000000000000000001111111111100100100001111110110110000000000000000000000000000001000000000101000001100110011001101000000000000000000000000000000011111110000010011011101001011110000000000000000000000000000000010000000101100001001000011011000010000000000000000000000000000010111111101001100101011100010000000000000000000000000000000000001100000001110000101100101001100110100000000000000000000000000000
11100011111111000111000010110000000000000000000000000000000000000000001111111111100100100001111110110110000000000000000000000000000001000000000101000001100110011001101000000000000000000000000000000011111110000010011011101001011110000000000000000000000000000000010000000101100001001000011011000010000000000000000000000000000000111111101001100101011100011010001000000000000000000000000000001100000001110000100111011010001111100000000000000000000000000000
11100011111111000111000010100000000000000000000000000000000000000000001111111111100100100001111110110110000000000000000000000000000001000000000101000001100110011001101000000000000000000000000000000011111110000010011011101001011110000000000000000000000000000000010000000101100001001000011011000010000000000000000000000000000000111111110000001100000101010010100000000000000000000000000000001100000001110000101100101001100110100000000000000000000000000000
11100011111111000111000010110000000000000000000000000000000000000000001111111111100100100001111110110110000000000000000000000000000001000000000101000001100110011001101000000000000000000000000000000011111110000010011011101001011110000000000000000000000000000000010000000101100001001000011011000010000000000000000000000000000000111111110010111110110011011110100000000000000000000000000000001100000001110000100111011010001111100000000000000000000000000000
11100011111111000111000010100000000000000000000000000000000000000000001111111111100100100001111110110110000000000000000000000000000001000000000101000001100110011001101000000000000000000000000000000011111110000010011011101001011110000000000000000000000000000000010000000101100001001000011011000010000000000000000000000000000000111111110100111000110000110101010000000000000000000000000000001100000001110000101100101001100110100000000000000000000000000000
11100011111111000111000010110000000000000000000000000000000000000000001111111111100100100001111110110110000000000000000000000000000001000000000101000001100110011001101000000000000000000000000000000011111110000010011011101001011110000000000000000000000000000000010000000101101000111110011001100110000000000000000000000000000010111111110101000100100001010110000000000000000000000000000000001100000001110000100000100101110000100000000000000000000000000000
11100011111111000111000010100000000000000000000000000000000000000000001111111111100100100001111110110110000000000000000000000000000001000000000101000001100110011001101000000000000000000000000000000011111110000010011011101001011110000000000000000000000000000000010000000101101000111110011001100110000000000000000000000000000010111111110011011111101110011100000000000000000000000000000000001100000001110000011011010110011001100000000000000000000000000000
11100011111111000111000010110000000000000000000000000000000000000000001111111111100100100001111110110110000000000000000000000000000001000000000101000001100110011001101000000000000000000000000000000011111110000010011011101001011110000000000000000000000000000000010000000101101000111110011001101000000000000000000000000000000010111111110000110110011010010100000000000000000000000000000000001100000001110000100000100101110000100000000000000000000000000000
11100011111111000111000010100000000000000000000000000000000000000000001111111111100100100001111110110110000000000000000000000000000001000000000101000001100110011001101000000000000000000000000000000011111110000010011011101001011110000000000000000000000000000000010000000101101000111110011001101000000000000000000000000000000010111111101100011010001100010000000000000000000000000000000000001100000001110000011011010110011001100000000000000000000000000000
11100011111111000111000010110000000000000000000000000000000000000000001111111111100100100001111110110110000000000000000000000000000001000000000101000001100110011001101000000000000000000000000000000011111110000010011011101001011110000000000000000000000000000000010000000101101000111110011001100110000000000000000000000000000000111111100011000011100000101000100000000000000000000000000000001100000001110000100000100101110000100000000000000000000000000000
11100011111111000111000010100000000000000000000000000000000000000000001111111111100100100001111110110110000000000000000000000000000001000000000101000001100110011001101000000000000000000000000000000011111110000010011011101001011110000000000000000000000000000000010000000101101000111110011001100110000000000000000000000000000000111111101110001011000100011101001000000000000000000000000000001100000001110000011011010110011001100000000000000000000000000000
11100011111111000111000010110000000000000000000000000000000000000000001111111111100100100001111110110110000000000000000000000000000001000000000101000001100110011001101000000000000000000000000000000011111110000010011011101001011110000000000000000000000000000000010000000101101000111110011001100110000000000000000000000000000000111111110001101110110110011010100000000000000000000000000000001100000001110000100000100101110000100000000000000000000000000000
11100011111111000111000010100000000000000000000000000000000000000000001111111111100100100001111110110110000000000000000000000000000001000000000101000001100110011001101000000000000000000000000000000011111110000010011011101001011110000000000000000000000000000000010000000101101000111110011001100110000000000000000000000000000000111111110100001100000101010011010000000000000000000000000000001100000001110000011011010110011001100000000000000000000000000000
11100011111111000111000010110000000000000000000000000000000000000000001111111111100100100001111110110110000000000000000000000000000001000000000101000001100110011001101000000000000000000000000000000011111110000010011011101001011110000000000000000000000000000000010000000101101000111110011001100110000000000000000000000000000000111111110101100000101111011001010000000000000000000000000000001100000001110000100000100101110000100000000000000000000000000000
