10110011111111011001100110011000000000000000000000000000000000000000001111111111100100100001111110110110000000000000000000000000000000111111110000101100011100010000110000000000000000000000000000000011111110000100011110101110000101100000000000000000000000000000010000000100101110101110101010000000000000000000000000000000000010111111110010011011000011110100000000000000000000000000000000001100000001100011011111110000101001000000000000000000000000000000
10110011111111011001100110011100000000000000000000000000000000000000001111111111100100100001111110110110000000000000000000000000000000111111110000101100011100010000110000000000000000000000000000000011111110000100011110101110000101100000000000000000000000000000010000000100101110101110101001111110000000000000000000000000000010111111101001100101011100010000000000000000000000000000000000001100000001100011101000010111000010100000000000000000000000000000
10110011111111011001100110011000000000000000000000000000000000000000001111111111100100100001111110110110000000000000000000000000000000111111110000101100011100010000110000000000000000000000000000000011111110000100011110101110000101100000000000000000000000000000010000000100101110101110101001111110000000000000000000000000000000111111101111010000101011010101001000000000000000000000000000001100000001100011011111110000101001000000000000000000000000000000
10110011111111011001100110011100000000000000000000000000000000000000001111111111100100100001111110110110000000000000000000000000000000111111110000101100011100010000110000000000000000000000000000000011111110000100011110101110000101100000000000000000000000000000010000000100101110101110101001111110000000000000000000000000000000111111110100010101000001001101010000000000000000000000000000001100000001100011101000010111000010100000000000000000000000000000
10110011111111011001100110011100000000000000000000000000000000000000001111111111100100100001111110110110000000000000000000000000000000111111110000101100011100010000110000000000000000000000000000000011111110000100011110101110000101100000000000000000000000000000010000000100110100001110010100101010000000000000000000000000000010111111110010011011000011110100000000000000000000000000000000001100000001100011000111101000111101100000000000000000000000000000
10110011111111011001100110011000000000000000000000000000000000000000001111111111100100100001111110110110000000000000000000000000000000111111110000101100011100010000110000000000000000000000000000000011111110000100011110101110000101100000000000000000000000000000010000000100110100001110010100101100000000000000000000000000000010111111101001100101011100010000000000000000000000000000000000001100000001100011010000001111010111000000000000000000000000000000
10110011111111011001100110011100000000000000000000000000000000000000001111111111100100100001111110110110000000000000000000000000000000111111110000101100011100010000110000000000000000000000000000000011111110000100011110101110000101100000000000000000000000000000010000000100110100001110010100101100000000000000000000000000000000111111101111010000101011010101001000000000000000000000000000001100000001100011000111101000111101100000000000000000000000000000
10110011111111011001100110011000000000000000000000000000000000000000001111111111100100100001111110110110000000000000000000000000000000111111110000101100011100010000110000000000000000000000000000000011111110000100011110101110000101100000000000000000000000000000010000000100110100001110010100101100000000000000000000000000000000111111110100010101000001001101010000000000000000000000000000001100000001100011010000001111010111000000000000000000000000000000
10110011111111011001100110011100000000000000000000000000000000000000001111111111100100100001111110110110000000000000000000000000000000111111110000101100011100010000110000000000000000000000000000000011111110000100011110101110000101100000000000000000000000000000010000000100111111010011010100001010000000000000000000000000000010111111110100101100100100111100000000000000000000000000000000001100000001100011101000010111000010100000000000000000000000000000
10110011111111011001100110011000000000000000000000000000000000000000001111111111100100100001111110110110000000000000000000000000000000111111110000101100011100010000110000000000000000000000000000000011111110000100011110101110000101100000000000000000000000000000010000000100111111010011010100001010000000000000000000000000000010111111110000110100101100110000000000000000000000000000000000001100000001100011011111110000101001000000000000000000000000000000
10110011111111011001100110011100000000000000000000000000000000000000001111111111100100100001111110110110000000000000000000000000000000111111110000101100011100010000110000000000000000000000000000000011111110000100011110101110000101100000000000000000000000000000010000000100111111010011010100001010000000000000000000000000000010111111100000000011111101000000000000000000000000000000000000001100000001100011101000010111000010100000000000000000000000000000
10110011111111011001100110011000000000000000000000000000000000000000001111111111100100100001111110110110000000000000000000000000000000111111110000101100011100010000110000000000000000000000000000000011111110000100011110101110000101100000000000000000000000000000010000000100111111010011010100001100000000000000000000000000000000111111110000010100001101010010100000000000000000000000000000001100000001100011011111110000101001000000000000000000000000000000
10110011111111011001100110011100000000000000000000000000000000000000001111111111100100100001111110110110000000000000000000000000000000111111110000101100011100010000110000000000000000000000000000000011111110000100011110101110000101100000000000000000000000000000010000000100111111010011010100001010000000000000000000000000000000111111110100011100010101001001010000000000000000000000000000001100000001100011101000010111000010100000000000000000000000000000
11100011111111000100011110101110101010000000000000000000000000000000000000000000000000000000000000000000000000000000000000000000000000111111110000101100011100010000110000000000000000000000000000000011111110000100011110101110000101100000000000000000000000000000010000000100101000101001010110000000000000000000000000000000000010111111110101100101011100010110000000000000000000000000000000001100000000111111100100101100101001100000000000000000000000000000
11100011111111000100011110101101001000000000000000000000000000000000000000000000000000000000000000000000000000000000000000000000000000111111110000101100011100010000110000000000000000000000000000000011111110000100011110101110000101100000000000000000000000000000010000000100101001101101101100100100000000000000000000000000000010111111110101100101011100010110000000000000000000000000000000001100000000111011100000000001101001000000000000000000000000000000
11100011111111000100011110101110101010000000000000000000000000000000000000000000000000000000000000000000000000000000000000000000000000111111110000101100011100010000110000000000000000000000000000000011111110000100011110101110000101100000000000000000000000000000010000000100101000101001010110000000000000000000000000000000000010111111110101100101011100010110000000000000000000000000000000001100000000110110100111110110001011000000000000000000000000000000
11100011111111000100011110101101001000000000000000000000000000000000000000000000000000000000000000000000000000000000000000000000000000111111110000101100011100010000110000000000000000000000000000000011111110000100011110101110000101100000000000000000000000000000010000000100101001101101101100100100000000000000000000000000000010111111110101100101011100010110000000000000000000000000000000001100000000110010011001010110011011000000000000000000000000000000
11100011111111000100011110101110101010000000000000000000000000000000000000000000000000000000000000000000000000000000000000000000000000111111110000101100011100010000110000000000000000000000000000000011111110000100011110101110000101100000000000000000000000000000010000000100101000101001010110000000000000000000000000000000000010111111110101100101011100010110000000000000000000000000000000001100000000101011001110000111100101000000000000000000000000000000
11100011111111000100011110101101001000000000000000000000000000000000000000000000000000000000000000000000000000000000000000000000000000111111110000101100011100010000110000000000000000000000000000000011111110000100011110101110000101100000000000000000000000000000010000000100101001101101101100100100000000000000000000000000000010111111110101100101011100010110000000000000000000000000000000001100000000100010011101010101010111000000000000000000000000000000
11100011111111000100011110101110101010000000000000000000000000000000000000000000000000000000000000000000000000000000000000000000000000111111110000101100011100010000110000000000000000000000000000000011111110000100011110101110000101100000000000000000000000000000010000000100101000101001010110000000000000000000000000000000000010111111110101100101011100010110000000000000000000000000000000001100000000010010001001011010010001100000000000000000000000000000
11100011111111000100011110101101001000000000000000000000000000000000001111000111000101100110110011000100000000000000000000000000000000111111110000101100011100010000110000000000000000000000000000000011111110000100011110101110000101100000000000000000000000000000010000000100101001101101101100100100000000000000000000000000000010111111110101100101011100010110000000000000000000000000000000000011110011111001010011010110110100100000000000000000000000000000
11100011111111000100011110101110101010000000000000000000000000000000000000000000000000000000000000000000000000000000000000000000000000111111110000101100011100010000110000000000000000000000000000000011111110000100011110101110000101100000000000000000000000000000010000000100101000101001010110000000000000000000000000000000000010111111110101100101011100010110000000000000000000000000000000000100000000010010001001011010010001100000000000000000000000000000
11100011111111000100011110101101001000000000000000000000000000000000000000000000000000000000000000000000000000000000000000000000000000111111110000101100011100010000110000000000000000000000000000000011111110000100011110101110000101100000000000000000000000000000010000000100101001101101101100100100000000000000000000000000000010111111110101100101011100010110000000000000000000000000000000000100000000100010011101010101010111000000000000000000000000000000
11100011111111000100011110101110101010000000000000000000000000000000000000000000000000000000000000000000000000000000000000000000000000111111110000101100011100010000110000000000000000000000000000000011111110000100011110101110000101100000000000000000000000000000010000000100101000101001010110000000000000000000000000000000000010111111110101100101011100010110000000000000000000000000000000000100000000101011001110000111100101000000000000000000000000000000
11100011111111000100011110101101001000000000000000000000000000000000000000000000000000000000000000000000000000000000000000000000000000111111110000101100011100010000110000000000000000000000000000000011111110000100011110101110000101100000000000000000000000000000010000000100101001101101101100100100000000000000000000000000000010111111110101100101011100010110000000000000000000000000000000000100000000110010011001010110011011000000000000000000000000000000
11100011111111000100011110101110101010000000000000000000000000000000000000000000000000000000000000000000000000000000000000000000000000111111110000101100011100010000110000000000000000000000000000000011111110000100011110101110000101100000000000000000000000000000010000000100101000101001010110000000000000000000000000000000000010111111110101100101011100010110000000000000000000000000000000000100000000110110100111110110001011000000000000000000000000000000
11100011111111000100011110101101001000000000000000000000000000000000000000000000000000000000000000000000000000000000000000000000000000111111110000101100011100010000110000000000000000000000000000000011111110000100011110101110000101100000000000000000000000000000010000000100101001101101101100100100000000000000000000000000000010111111110101100101011100010110000000000000000000000000000000000100000000111011100000000001101001000000000000000000000000000000
11100011111111000100011110101110101010000000000000000000000000000000000000000000000000000000000000000000000000000000000000000000000000111111110000101100011100010000110000000000000000000000000000000011111110000100011110101110000101100000000000000000000000000000010000000100101000101001010110000000000000000000000000000000000010111111110101100101011100010110000000000000000000000000000000000100000000111111100100101100101001100000000000000000000000000000
11100011111111000100011110101110101001100000000000000000000000000000000000000000000000000000000000000000000000000000000000000000000000111111110000101100011100010000110000000000000000000000000000000011111110000100011110101110000101100000000000000000000000000000010000000100101000101001010110000000000000000000000000000000000000111110100101000100010000101101001000000000000000000000000000001100000000111111100100101100101001100000000000000000000000000000
11100011111111000100011110101100110001100000000000000000000000000000000000000000000000000000000000000000000000000000000000000000000000111111110000101100011100010000110000000000000000000000000000000011111110000100011110101110000101100000000000000000000000000000010000000100101001101101101100100100000000000000000000000000000000111110100101000100010000101101001000000000000000000000000000001100000000111011100000000001101001000000000000000000000000000000
11100011111111000100011110101110101001100000000000000000000000000000000000000000000000000000000000000000000000000000000000000000000000111111110000101100011100010000110000000000000000000000000000000011111110000100011110101110000101100000000000000000000000000000010000000100101000101001010110000000000000000000000000000000000000111110100101000100010000101101001000000000000000000000000000001100000000110110100111110110001011000000000000000000000000000000
11100011111111000100011110101100110001100000000000000000000000000000000000000000000000000000000000000000000000000000000000000000000000111111110000101100011100010000110000000000000000000000000000000011111110000100011110101110000101100000000000000000000000000000010000000100101001101101101100100100000000000000000000000000000000111110100101000100010000101101001000000000000000000000000000001100000000110010011001010110011011000000000000000000000000000000
11100011111111000100011110101110101001100000000000000000000000000000000000000000000000000000000000000000000000000000000000000000000000111111110000101100011100010000110000000000000000000000000000000011111110000100011110101110000101100000000000000000000000000000010000000100101000101001010110000000000000000000000000000000000000111110100101000100010000101101001000000000000000000000000000001100000000101011001110000111100101000000000000000000000000000000
11100011111111000100011110101100110001100000000000000000000000000000000000000000000000000000000000000000000000000000000000000000000000111111110000101100011100010000110000000000000000000000000000000011111110000100011110101110000101100000000000000000000000000000010000000100101001101101101100100100000000000000000000000000000000111110100101000100010000101101001000000000000000000000000000001100000000100010011101010101010111000000000000000000000000000000
11100011111111000100011110101110101001100000000000000000000000000000000000000000000000000000000000000000000000000000000000000000000000111111110000101100011100010000110000000000000000000000000000000011111110000100011110101110000101100000000000000000000000000000010000000100101000101001010110000000000000000000000000000000000000111110100101000100010000101101001000000000000000000000000000001100000000010010001001011010010001100000000000000000000000000000
11100011111111000100011110101100110001100000000000000000000000000000001111001001010100011000110100010100000000000000000000000000000000111111110000101100011100010000110000000000000000000000000000000011111110000100011110101110000101100000000000000000000000000000010000000100101001101101101100100100000000000000000000000000000000111110100101000100010000101101001000000000000000000000000000000011110011100110111100011011101100000000000000000000000000000000
11100011111111000100011110101110101001100000000000000000000000000000000000000000000000000000000000000000000000000000000000000000000000111111110000101100011100010000110000000000000000000000000000000011111110000100011110101110000101100000000000000000000000000000010000000100101000101001010110000000000000000000000000000000000000111110100101000100010000101101001000000000000000000000000000000100000000010010001001011010010001100000000000000000000000000000
11100011111111000100011110101100110001100000000000000000000000000000000000000000000000000000000000000000000000000000000000000000000000111111110000101100011100010000110000000000000000000000000000000011111110000100011110101110000101100000000000000000000000000000010000000100101001101101101100100100000000000000000000000000000000111110100101000100010000101101001000000000000000000000000000000100000000100010011101010101010111000000000000000000000000000000
11100011111111000100011110101110101001100000000000000000000000000000000000000000000000000000000000000000000000000000000000000000000000111111110000101100011100010000110000000000000000000000000000000011111110000100011110101110000101100000000000000000000000000000010000000100101000101001010110000000000000000000000000000000000000111110100101000100010000101101001000000000000000000000000000000100000000101011001110000111100101000000000000000000000000000000
11100011111111000100011110101100110001100000000000000000000000000000000000000000000000000000000000000000000000000000000000000000000000111111110000101100011100010000110000000000000000000000000000000011111110000100011110101110000101100000000000000000000000000000010000000100101001101101101100100100000000000000000000000000000000111110100101000100010000101101001000000000000000000000000000000100000000110010011001010110011011000000000000000000000000000000
11100011111111000100011110101110101001100000000000000000000000000000000000000000000000000000000000000000000000000000000000000000000000111111110000101100011100010000110000000000000000000000000000000011111110000100011110101110000101100000000000000000000000000000010000000100101000101001010110000000000000000000000000000000000000111110100101000100010000101101001000000000000000000000000000000100000000110110100111110110001011000000000000000000000000000000
11100011111111000100011110101100110001100000000000000000000000000000000000000000000000000000000000000000000000000000000000000000000000111111110000101100011100010000110000000000000000000000000000000011111110000100011110101110000101100000000000000000000000000000010000000100101001101101101100100100000000000000000000000000000000111110100101000100010000101101001000000000000000000000000000000100000000111011100000000001101001000000000000000000000000000000
11100011111111000100011110101110101001100000000000000000000000000000000000000000000000000000000000000000000000000000000000000000000000111111110000101100011100010000110000000000000000000000000000000011111110000100011110101110000101100000000000000000000000000000010000000100101000101001010110000000000000000000000000000000000000111110100101000100010000101101001000000000000000000000000000000100000000111111100100101100101001100000000000000000000000000000
00000000000000000000000000000000000000000000000000000000000000000000000000000000000000000000000000000000000000000000000000000000000000000000000000000000000000000000000000000000000000000000000000000000000000000000000000000000000000000000000000000000000000000000000000000000000000000000000000000000000000000000000000000000000000000000000000000000000000000000000000000000000000000000000000000000000000000000000000000000000000000000000000000000000000000000
00000000000000000000000000000000000000000000000000000000000000000000000000000000000000000000000000000000000000000000000000000000000000000000000000000000000000000000000000000000000000000000000000000000000000000000000000000000000000000000000000000000000000000000000000000000000000000000000000000000000000000000000000000000000000000000000000000000000000000000000000000000000000000000000000000000000000000000000000000000000000000000000000000000000000000000
00000000000000000000000000000000000000000000000000000000000000000000000000000000000000000000000000000000000000000000000000000000000000000000000000000000000000000000000000000000000000000000000000000000000000000000000000000000000000000000000000000000000000000000000000000000000000000000000000000000000000000000000000000000000000000000000000000000000000000000000000000000000000000000000000000000000000000000000000000000000000000000000000000000000000000000
00000000000000000000000000000000000000000000000000000000000000000000000000000000000000000000000000000000000000000000000000000000000000000000000000000000000000000000000000000000000000000000000000000000000000000000000000000000000000000000000000000000000000000000000000000000000000000000000000000000000000000000000000000000000000000000000000000000000000000000000000000000000000000000000000000000000000000000000000000000000000000000000000000000000000000000
00000000000000000000000000000000000000000000000000000000000000000000000000000000000000000000000000000000000000000000000000000000000000000000000000000000000000000000000000000000000000000000000000000000000000000000000000000000000000000000000000000000000000000000000000000000000000000000000000000000000000000000000000000000000000000000000000000000000000000000000000000000000000000000000000000000000000000000000000000000000000000000000000000000000000000000
00000000000000000000000000000000000000000000000000000000000000000000000000000000000000000000000000000000000000000000000000000000000000000000000000000000000000000000000000000000000000000000000000000000000000000000000000000000000000000000000000000000000000000000000000000000000000000000000000000000000000000000000000000000000000000000000000000000000000000000000000000000000000000000000000000000000000000000000000000000000000000000000000000000000000000000
00000000000000000000000000000000000000000000000000000000000000000000000000000000000000000000000000000000000000000000000000000000000000000000000000000000000000000000000000000000000000000000000000000000000000000000000000000000000000000000000000000000000000000000000000000000000000000000000000000000000000000000000000000000000000000000000000000000000000000000000000000000000000000000000000000000000000000000000000000000000000000000000000000000000000000000
00000000000000000000000000000000000000000000000000000000000000000000000000000000000000000000000000000000000000000000000000000000000000000000000000000000000000000000000000000000000000000000000000000000000000000000000000000000000000000000000000000000000000000000000000000000000000000000000000000000000000000000000000000000000000000000000000000000000000000000000000000000000000000000000000000000000000000000000000000000000000000000000000000000000000000000
00000000000000000000000000000000000000000000000000000000000000000000000000000000000000000000000000000000000000000000000000000000000000000000000000000000000000000000000000000000000000000000000000000000000000000000000000000000000000000000000000000000000000000000000000000000000000000000000000000000000000000000000000000000000000000000000000000000000000000000000000000000000000000000000000000000000000000000000000000000000000000000000000000000000000000000
00000000000000000000000000000000000000000000000000000000000000000000000000000000000000000000000000000000000000000000000000000000000000000000000000000000000000000000000000000000000000000000000000000000000000000000000000000000000000000000000000000000000000000000000000000000000000000000000000000000000000000000000000000000000000000000000000000000000000000000000000000000000000000000000000000000000000000000000000000000000000000000000000000000000000000000
00000000000000000000000000000000000000000000000000000000000000000000000000000000000000000000000000000000000000000000000000000000000000000000000000000000000000000000000000000000000000000000000000000000000000000000000000000000000000000000000000000000000000000000000000000000000000000000000000000000000000000000000000000000000000000000000000000000000000000000000000000000000000000000000000000000000000000000000000000000000000000000000000000000000000000000
00000000000000000000000000000000000000000000000000000000000000000000000000000000000000000000000000000000000000000000000000000000000000000000000000000000000000000000000000000000000000000000000000000000000000000000000000000000000000000000000000000000000000000000000000000000000000000000000000000000000000000000000000000000000000000000000000000000000000000000000000000000000000000000000000000000000000000000000000000000000000000000000000000000000000000000
00000000000000000000000000000000000000000000000000000000000000000000000000000000000000000000000000000000000000000000000000000000000000000000000000000000000000000000000000000000000000000000000000000000000000000000000000000000000000000000000000000000000000000000000000000000000000000000000000000000000000000000000000000000000000000000000000000000000000000000000000000000000000000000000000000000000000000000000000000000000000000000000000000000000000000000
00000000000000000000000000000000000000000000000000000000000000000000000000000000000000000000000000000000000000000000000000000000000000000000000000000000000000000000000000000000000000000000000000000000000000000000000000000000000000000000000000000000000000000000000000000000000000000000000000000000000000000000000000000000000000000000000000000000000000000000000000000000000000000000000000000000000000000000000000000000000000000000000000000000000000000000
00000000000000000000000000000000000000000000000000000000000000000000000000000000000000000000000000000000000000000000000000000000000000000000000000000000000000000000000000000000000000000000000000000000000000000000000000000000000000000000000000000000000000000000000000000000000000000000000000000000000000000000000000000000000000000000000000000000000000000000000000000000000000000000000000000000000000000000000000000000000000000000000000000000000000000000
00000000000000000000000000000000000000000000000000000000000000000000000000000000000000000000000000000000000000000000000000000000000000000000000000000000000000000000000000000000000000000000000000000000000000000000000000000000000000000000000000000000000000000000000000000000000000000000000000000000000000000000000000000000000000000000000000000000000000000000000000000000000000000000000000000000000000000000000000000000000000000000000000000000000000000000
00000000000000000000000000000000000000000000000000000000000000000000000000000000000000000000000000000000000000000000000000000000000000000000000000000000000000000000000000000000000000000000000000000000000000000000000000000000000000000000000000000000000000000000000000000000000000000000000000000000000000000000000000000000000000000000000000000000000000000000000000000000000000000000000000000000000000000000000000000000000000000000000000000000000000000000
00000000000000000000000000000000000000000000000000000000000000000000000000000000000000000000000000000000000000000000000000000000000000000000000000000000000000000000000000000000000000000000000000000000000000000000000000000000000000000000000000000000000000000000000000000000000000000000000000000000000000000000000000000000000000000000000000000000000000000000000000000000000000000000000000000000000000000000000000000000000000000000000000000000000000000000
00000000000000000000000000000000000000000000000000000000000000000000000000000000000000000000000000000000000000000000000000000000000000000000000000000000000000000000000000000000000000000000000000000000000000000000000000000000000000000000000000000000000000000000000000000000000000000000000000000000000000000000000000000000000000000000000000000000000000000000000000000000000000000000000000000000000000000000000000000000000000000000000000000000000000000000
00000000000000000000000000000000000000000000000000000000000000000000000000000000000000000000000000000000000000000000000000000000000000000000000000000000000000000000000000000000000000000000000000000000000000000000000000000000000000000000000000000000000000000000000000000000000000000000000000000000000000000000000000000000000000000000000000000000000000000000000000000000000000000000000000000000000000000000000000000000000000000000000000000000000000000000
00000000000000000000000000000000000000000000000000000000000000000000000000000000000000000000000000000000000000000000000000000000000000000000000000000000000000000000000000000000000000000000000000000000000000000000000000000000000000000000000000000000000000000000000000000000000000000000000000000000000000000000000000000000000000000000000000000000000000000000000000000000000000000000000000000000000000000000000000000000000000000000000000000000000000000000
00000000000000000000000000000000000000000000000000000000000000000000000000000000000000000000000000000000000000000000000000000000000000000000000000000000000000000000000000000000000000000000000000000000000000000000000000000000000000000000000000000000000000000000000000000000000000000000000000000000000000000000000000000000000000000000000000000000000000000000000000000000000000000000000000000000000000000000000000000000000000000000000000000000000000000000
00000000000000000000000000000000000000000000000000000000000000000000000000000000000000000000000000000000000000000000000000000000000000000000000000000000000000000000000000000000000000000000000000000000000000000000000000000000000000000000000000000000000000000000000000000000000000000000000000000000000000000000000000000000000000000000000000000000000000000000000000000000000000000000000000000000000000000000000000000000000000000000000000000000000000000000
00000000000000000000000000000000000000000000000000000000000000000000000000000000000000000000000000000000000000000000000000000000000000000000000000000000000000000000000000000000000000000000000000000000000000000000000000000000000000000000000000000000000000000000000000000000000000000000000000000000000000000000000000000000000000000000000000000000000000000000000000000000000000000000000000000000000000000000000000000000000000000000000000000000000000000000
00000000000000000000000000000000000000000000000000000000000000000000000000000000000000000000000000000000000000000000000000000000000000000000000000000000000000000000000000000000000000000000000000000000000000000000000000000000000000000000000000000000000000000000000000000000000000000000000000000000000000000000000000000000000000000000000000000000000000000000000000000000000000000000000000000000000000000000000000000000000000000000000000000000000000000000
00000000000000000000000000000000000000000000000000000000000000000000000000000000000000000000000000000000000000000000000000000000000000000000000000000000000000000000000000000000000000000000000000000000000000000000000000000000000000000000000000000000000000000000000000000000000000000000000000000000000000000000000000000000000000000000000000000000000000000000000000000000000000000000000000000000000000000000000000000000000000000000000000000000000000000000
00000000000000000000000000000000000000000000000000000000000000000000000000000000000000000000000000000000000000000000000000000000000000000000000000000000000000000000000000000000000000000000000000000000000000000000000000000000000000000000000000000000000000000000000000000000000000000000000000000000000000000000000000000000000000000000000000000000000000000000000000000000000000000000000000000000000000000000000000000000000000000000000000000000000000000000
00000000000000000000000000000000000000000000000000000000000000000000000000000000000000000000000000000000000000000000000000000000000000000000000000000000000000000000000000000000000000000000000000000000000000000000000000000000000000000000000000000000000000000000000000000000000000000000000000000000000000000000000000000000000000000000000000000000000000000000000000000000000000000000000000000000000000000000000000000000000000000000000000000000000000000000
00000000000000000000000000000000000000000000000000000000000000000000000000000000000000000000000000000000000000000000000000000000000000000000000000000000000000000000000000000000000000000000000000000000000000000000000000000000000000000000000000000000000000000000000000000000000000000000000000000000000000000000000000000000000000000000000000000000000000000000000000000000000000000000000000000000000000000000000000000000000000000000000000000000000000000000
