10110011111111000111000010100100111110000000000000000000000000000000000000000000000000000000000000000000000000000000000000000000000001000000000101000001100110011001101000000000000000000000000000000011111110000010011011101001011110000000000000000000000000000000010000000101010100100011100001010000000000000000000000000000000010111111110100011101111101000110100000000000000000000000000000000100000000010101000111010101001111000000000000000000000000000000
10110011111111000111000010100100111110000000000000000000000000000000000000000000000000000000000000000000000000000000000000000000000001000000000101000001100110011001101000000000000000000000000000000011111110000010011011101001011110000000000000000000000000000000010000000101010100010010001111011000000000000000000000000000000010111111110100011101111101000110100000000000000000000000000000000100000000101110010101011000000100000000000000000000000000000000
10110011111111000111000010100100111110000000000000000000000000000000000000000000000000000000000000000000000000000000000000000000000001000000000101000001100110011001101000000000000000000000000000000011111110000010011011101001011110000000000000000000000000000000010000000101010100100011100001010000000000000000000000000000000010111111110100011101111101000110100000000000000000000000000000000100000000111001001111111010101011000000000000000000000000000000
10110011111111000111000010100100111110000000000000000000000000000000000000000000000000000000000000000000000000000000000000000000000001000000000101000001100110011001101000000000000000000000000000000011111110000010011011101001011110000000000000000000000000000000010000000101010100010010001111011000000000000000000000000000000010111111110100011101111101000110100000000000000000000000000000000100000001000001011110011010101000000000000000000000000000000000
10110011111111000111000010100100111110000000000000000000000000000000000000000000000000000000000000000000000000000000000000000000000001000000000101000001100110011001101000000000000000000000000000000011111110000010011011101001011110000000000000000000000000000000010000000101010100100011100001010000000000000000000000000000000010111111110100011101111101000110100000000000000000000000000000000100000001000110100010100011011011100000000000000000000000000000
10110011111111000111000010100100111110000000000000000000000000000000000000000000000000000000000000000000000000000000000000000000000001000000000101000001100110011001101000000000000000000000000000000011111110000010011011101001011110000000000000000000000000000000010000000101010100010010001111011000000000000000000000000000000010111111110100011101111101000110100000000000000000000000000000000100000001001011010011000101001110000000000000000000000000000000
10110011111111000111000010100100111110000000000000000000000000000000000000000000000000000000000000000000000000000000000000000000000001000000000101000001100110011001101000000000000000000000000000000011111110000010011011101001011110000000000000000000000000000000010000000101010100100011100001010000000000000000000000000000000010111111110100011101111101000110100000000000000000000000000000000100000001010000001100010111011101000000000000000000000000000000
10110011111111000111000010100100111110000000000000000000000000000000000000000000000000000000000000000000000000000000000000000000000001000000000101000001100110011001101000000000000000000000000000000011111110000010011011101001011110000000000000000000000000000000010000000101010100010010001111011000000000000000000000000000000010111111110100011101111101000110100000000000000000000000000000000100000001010010100001001010101001100000000000000000000000000000
10110011111111000111000010100100111110000000000000000000000000000000000000000000000000000000000000000000000000000000000000000000000001000000000101000001100110011001101000000000000000000000000000000011111110000010011011101001011110000000000000000000000000000000010000000101010100100011100001010000000000000000000000000000000010111111110100011101111101000110100000000000000000000000000000000100000001010101000100101111011010100000000000000000000000000000
10110011111111000111000010100100111110000000000000000000000000000000000000000000000000000000000000000000000000000000000000000000000001000000000101000001100110011001101000000000000000000000000000000011111110000010011011101001011110000000000000000000000000000000010000000101010100010010001111011000000000000000000000000000000010111111110100011101111101000110100000000000000000000000000000000100000001010111010110010101110100000000000000000000000000000000
10110011111111000111000010100100111110000000000000000000000000000000000000000000000000000000000000000000000000000000000000000000000001000000000101000001100110011001101000000000000000000000000000000011111110000010011011101001011110000000000000000000000000000000010000000101010100100011100001010000000000000000000000000000000010111111110100011101111101000110100000000000000000000000000000000100000001011001111010101001111111000000000000000000000000000000
10110011111111000111000010100100111110000000000000000000000000000000000000000000000000000000000000000000000000000000000000000000000001000000000101000001100110011001101000000000000000000000000000000011111110000010011011101001011110000000000000000000000000000000010000000101010100010010001111011000000000000000000000000000000010111111110100011101111101000110100000000000000000000000000000000100000001011100001010001010001111100000000000000000000000000000
10110011111111000111000010100100000000000000000000000000000000000000000000000000000000000000000000000000000000000000000000000000000001000000000101000001100110011001101000000000000000000000000000000011111110000010011011101001011110000000000000000000000000000000010000000101010111101101110000101000000000000000000000000000000010111111110001100101011100011001000000000000000000000000000000000100000000010101000111010101001111000000000000000000000000000000
10110011111111000111000010100100000000000000000000000000000000000000000000000000000000000000000000000000000000000000000000000000000001000000000101000001100110011001101000000000000000000000000000000011111110000010011011101001011110000000000000000000000000000000010000000101010111011100011110101110000000000000000000000000000010111111110001100101011100011001000000000000000000000000000000000100000000101110010101011000000100000000000000000000000000000000
10110011111111000111000010100100000000000000000000000000000000000000000000000000000000000000000000000000000000000000000000000000000001000000000101000001100110011001101000000000000000000000000000000011111110000010011011101001011110000000000000000000000000000000010000000101010111101101110000101000000000000000000000000000000010111111110001100101011100011001000000000000000000000000000000000100000000111001001111111010101011000000000000000000000000000000
10110011111111000111000010100100000000000000000000000000000000000000000000000000000000000000000000000000000000000000000000000000000001000000000101000001100110011001101000000000000000000000000000000011111110000010011011101001011110000000000000000000000000000000010000000101010111011100011110101110000000000000000000000000000010111111110001100101011100011001000000000000000000000000000000000100000001000001011110011010101000000000000000000000000000000000
10110011111111000111000010100100000000000000000000000000000000000000000000000000000000000000000000000000000000000000000000000000000001000000000101000001100110011001101000000000000000000000000000000011111110000010011011101001011110000000000000000000000000000000010000000101010111101101110000101000000000000000000000000000000010111111110001100101011100011001000000000000000000000000000000000100000001000110100010100011011011100000000000000000000000000000
10110011111111000111000010100100000000000000000000000000000000000000000000000000000000000000000000000000000000000000000000000000000001000000000101000001100110011001101000000000000000000000000000000011111110000010011011101001011110000000000000000000000000000000010000000101010111011100011110101110000000000000000000000000000010111111110001100101011100011001000000000000000000000000000000000100000001001011010011000101001110000000000000000000000000000000
10110011111111000111000010100100000000000000000000000000000000000000000000000000000000000000000000000000000000000000000000000000000001000000000101000001100110011001101000000000000000000000000000000011111110000010011011101001011110000000000000000000000000000000010000000101010111101101110000101000000000000000000000000000000010111111110001100101011100011001000000000000000000000000000000000100000001010000001100010111011101000000000000000000000000000000
10110011111111000111000010100100000000000000000000000000000000000000000000000000000000000000000000000000000000000000000000000000000001000000000101000001100110011001101000000000000000000000000000000011111110000010011011101001011110000000000000000000000000000000010000000101010111011100011110101110000000000000000000000000000010111111110001100101011100011001000000000000000000000000000000000100000001010010100001001010101001100000000000000000000000000000
10110011111111000111000010100100000000000000000000000000000000000000000000000000000000000000000000000000000000000000000000000000000001000000000101000001100110011001101000000000000000000000000000000011111110000010011011101001011110000000000000000000000000000000010000000101010111101101110000101000000000000000000000000000000010111111110001100101011100011001000000000000000000000000000000000100000001010101000100101111011010100000000000000000000000000000
10110011111111000111000010100100000000000000000000000000000000000000000000000000000000000000000000000000000000000000000000000000000001000000000101000001100110011001101000000000000000000000000000000011111110000010011011101001011110000000000000000000000000000000010000000101010111011100011110101110000000000000000000000000000010111111110001100101011100011001000000000000000000000000000000000100000001010111010110010101110100000000000000000000000000000000
10110011111111000111000010100100000000000000000000000000000000000000000000000000000000000000000000000000000000000000000000000000000001000000000101000001100110011001101000000000000000000000000000000011111110000010011011101001011110000000000000000000000000000000010000000101010111101101110000101000000000000000000000000000000010111111110001100101011100011001000000000000000000000000000000000100000001011001111010101001111111000000000000000000000000000000
10110011111111000111000010100100000000000000000000000000000000000000000000000000000000000000000000000000000000000000000000000000000001000000000101000001100110011001101000000000000000000000000000000011111110000010011011101001011110000000000000000000000000000000010000000101010111011100011110101110000000000000000000000000000010111111110001100101011100011001000000000000000000000000000000000100000001011100001010001010001111100000000000000000000000000000
10110011111111000111000010100100111110000000000000000000000000000000000000000000000000000000000000000000000000000000000000000000000001000000000101000001100110011001101000000000000000000000000000000011111110000010011011101001011110000000000000000000000000000000010000000101010100100011100001010000000000000000000000000000000010111111101100011101111101001000000000000000000000000000000000000100000000010101000111010101001111000000000000000000000000000000
10110011111111000111000010100100111110000000000000000000000000000000000000000000000000000000000000000000000000000000000000000000000001000000000101000001100110011001101000000000000000000000000000000011111110000010011011101001011110000000000000000000000000000000010000000101010100010010001111011000000000000000000000000000000010111111101100011101111101001000000000000000000000000000000000000100000000101110010101011000000100000000000000000000000000000000
10110011111111000111000010100100111110000000000000000000000000000000000000000000000000000000000000000000000000000000000000000000000001000000000101000001100110011001101000000000000000000000000000000011111110000010011011101001011110000000000000000000000000000000010000000101010100100011100001010000000000000000000000000000000010111111101100011101111101001000000000000000000000000000000000000100000000111001001111111010101011000000000000000000000000000000
10110011111111000111000010100100111110000000000000000000000000000000000000000000000000000000000000000000000000000000000000000000000001000000000101000001100110011001101000000000000000000000000000000011111110000010011011101001011110000000000000000000000000000000010000000101010100010010001111011000000000000000000000000000000010111111101100011101111101001000000000000000000000000000000000000100000001000001011110011010101000000000000000000000000000000000
10110011111111000111000010100100111110000000000000000000000000000000000000000000000000000000000000000000000000000000000000000000000001000000000101000001100110011001101000000000000000000000000000000011111110000010011011101001011110000000000000000000000000000000010000000101010100100011100001010000000000000000000000000000000010111111101100011101111101001000000000000000000000000000000000000100000001000110100010100011011011100000000000000000000000000000
10110011111111000111000010100100111110000000000000000000000000000000000000000000000000000000000000000000000000000000000000000000000001000000000101000001100110011001101000000000000000000000000000000011111110000010011011101001011110000000000000000000000000000000010000000101010100010010001111011000000000000000000000000000000010111111101100011101111101001000000000000000000000000000000000000100000001001011010011000101001110000000000000000000000000000000
10110011111111000111000010100100111110000000000000000000000000000000000000000000000000000000000000000000000000000000000000000000000001000000000101000001100110011001101000000000000000000000000000000011111110000010011011101001011110000000000000000000000000000000010000000101010100100011100001010000000000000000000000000000000010111111101100011101111101001000000000000000000000000000000000000100000001010000001100010111011101000000000000000000000000000000
10110011111111000111000010100100111110000000000000000000000000000000000000000000000000000000000000000000000000000000000000000000000001000000000101000001100110011001101000000000000000000000000000000011111110000010011011101001011110000000000000000000000000000000010000000101010100010010001111011000000000000000000000000000000010111111101100011101111101001000000000000000000000000000000000000100000001010010100001001010101001100000000000000000000000000000
10110011111111000111000010100100111110000000000000000000000000000000000000000000000000000000000000000000000000000000000000000000000001000000000101000001100110011001101000000000000000000000000000000011111110000010011011101001011110000000000000000000000000000000010000000101010100100011100001010000000000000000000000000000000010111111101100011101111101001000000000000000000000000000000000000100000001010101000100101111011010100000000000000000000000000000
10110011111111000111000010100100111110000000000000000000000000000000000000000000000000000000000000000000000000000000000000000000000001000000000101000001100110011001101000000000000000000000000000000011111110000010011011101001011110000000000000000000000000000000010000000101010100010010001111011000000000000000000000000000000010111111101100011101111101001000000000000000000000000000000000000100000001010111010110010101110100000000000000000000000000000000
10110011111111000111000010100100111110000000000000000000000000000000000000000000000000000000000000000000000000000000000000000000000001000000000101000001100110011001101000000000000000000000000000000011111110000010011011101001011110000000000000000000000000000000010000000101010100100011100001010000000000000000000000000000000010111111101100011101111101001000000000000000000000000000000000000100000001011001111010101001111111000000000000000000000000000000
10110011111111000111000010100100111110000000000000000000000000000000000000000000000000000000000000000000000000000000000000000000000001000000000101000001100110011001101000000000000000000000000000000011111110000010011011101001011110000000000000000000000000000000010000000101010100010010001111011000000000000000000000000000000010111111101100011101111101001000000000000000000000000000000000000100000001011100001010001010001111100000000000000000000000000000
10110011111111000111000010100010010010000000000000000000000000000000000000000000000000000000000000000000000000000000000000000000000001000000000101000001100110011001101000000000000000000000000000000011111110000010011011101001011110000000000000000000000000000000010000000101010111101101110000101010000000000000000000000000000000111111101000011101111101000100000000000000000000000000000000000100000000010101000111010101001111000000000000000000000000000000
10110011111111000111000010100110001100100000000000000000000000000000000000000000000000000000000000000000000000000000000000000000000001000000000101000001100110011001101000000000000000000000000000000011111110000010011011101001011110000000000000000000000000000000010000000101010111011100011110101110000000000000000000000000000000111111101000011101111101000100000000000000000000000000000000000100000000101110010101011000000100000000000000000000000000000000
10110011111111000111000010100010010010000000000000000000000000000000000000000000000000000000000000000000000000000000000000000000000001000000000101000001100110011001101000000000000000000000000000000011111110000010011011101001011110000000000000000000000000000000010000000101010111101101110000101010000000000000000000000000000000111111101000011101111101000100000000000000000000000000000000000100000000111001001111111010101011000000000000000000000000000000
10110011111111000111000010100110001100100000000000000000000000000000000000000000000000000000000000000000000000000000000000000000000001000000000101000001100110011001101000000000000000000000000000000011111110000010011011101001011110000000000000000000000000000000010000000101010111011100011110101110000000000000000000000000000000111111101000011101111101000100000000000000000000000000000000000100000001000001011110011010101000000000000000000000000000000000
10110011111111000111000010100010010010000000000000000000000000000000000000000000000000000000000000000000000000000000000000000000000001000000000101000001100110011001101000000000000000000000000000000011111110000010011011101001011110000000000000000000000000000000010000000101010111101101110000101010000000000000000000000000000000111111101000011101111101000100000000000000000000000000000000000100000001000110100010100011011011100000000000000000000000000000
10110011111111000111000010100110001100100000000000000000000000000000000000000000000000000000000000000000000000000000000000000000000001000000000101000001100110011001101000000000000000000000000000000011111110000010011011101001011110000000000000000000000000000000010000000101010111011100011110101110000000000000000000000000000000111111101000011101111101000100000000000000000000000000000000000100000001001011010011000101001110000000000000000000000000000000
10110011111111000111000010100010010010000000000000000000000000000000000000000000000000000000000000000000000000000000000000000000000001000000000101000001100110011001101000000000000000000000000000000011111110000010011011101001011110000000000000000000000000000000010000000101010111101101110000101010000000000000000000000000000000111111101000011101111101000100000000000000000000000000000000000100000001010000001100010111011101000000000000000000000000000000
10110011111111000111000010100110001100100000000000000000000000000000000000000000000000000000000000000000000000000000000000000000000001000000000101000001100110011001101000000000000000000000000000000011111110000010011011101001011110000000000000000000000000000000010000000101010111011100011110101110000000000000000000000000000000111111101000011101111101000100000000000000000000000000000000000100000001010010100001001010101001100000000000000000000000000000
10110011111111000111000010100010010010000000000000000000000000000000000000000000000000000000000000000000000000000000000000000000000001000000000101000001100110011001101000000000000000000000000000000011111110000010011011101001011110000000000000000000000000000000010000000101010111101101110000101010000000000000000000000000000000111111101000011101111101000100000000000000000000000000000000000100000001010101000100101111011010100000000000000000000000000000
10110011111111000111000010100110001100100000000000000000000000000000000000000000000000000000000000000000000000000000000000000000000001000000000101000001100110011001101000000000000000000000000000000011111110000010011011101001011110000000000000000000000000000000010000000101010111011100011110101110000000000000000000000000000000111111101000011101111101000100000000000000000000000000000000000100000001010111010110010101110100000000000000000000000000000000
10110011111111000111000010100010010010000000000000000000000000000000000000000000000000000000000000000000000000000000000000000000000001000000000101000001100110011001101000000000000000000000000000000011111110000010011011101001011110000000000000000000000000000000010000000101010111101101110000101010000000000000000000000000000000111111101000011101111101000100000000000000000000000000000000000100000001011001111010101001111111000000000000000000000000000000
10110011111111000111000010100110001100100000000000000000000000000000000000000000000000000000000000000000000000000000000000000000000001000000000101000001100110011001101000000000000000000000000000000011111110000010011011101001011110000000000000000000000000000000010000000101010111011100011110101110000000000000000000000000000000111111101000011101111101000100000000000000000000000000000000000100000001011100001010001010001111100000000000000000000000000000
10110011111111000111000010100110111001000000000000000000000000000000000000000000000000000000000000000000000000000000000000000000000001000000000101000001100110011001101000000000000000000000000000000011111110000010011011101001011110000000000000000000000000000000010000000101010100100011100001010000000000000000000000000000000000111111110000011101111101000110000000000000000000000000000000000100000000010101000111010101001111000000000000000000000000000000
10110011111111000111000010100011000101100000000000000000000000000000000000000000000000000000000000000000000000000000000000000000000001000000000101000001100110011001101000000000000000000000000000000011111110000010011011101001011110000000000000000000000000000000010000000101010100010010001111011000000000000000000000000000000000111111110000011101111101000110000000000000000000000000000000000100000000101110010101011000000100000000000000000000000000000000
10110011111111000111000010100110111001000000000000000000000000000000000000000000000000000000000000000000000000000000000000000000000001000000000101000001100110011001101000000000000000000000000000000011111110000010011011101001011110000000000000000000000000000000010000000101010100100011100001010000000000000000000000000000000000111111110000011101111101000110000000000000000000000000000000000100000000111001001111111010101011000000000000000000000000000000
10110011111111000111000010100011000101100000000000000000000000000000000000000000000000000000000000000000000000000000000000000000000001000000000101000001100110011001101000000000000000000000000000000011111110000010011011101001011110000000000000000000000000000000010000000101010100010010001111011000000000000000000000000000000000111111110000011101111101000110000000000000000000000000000000000100000001000001011110011010101000000000000000000000000000000000
10110011111111000111000010100110111001000000000000000000000000000000000000000000000000000000000000000000000000000000000000000000000001000000000101000001100110011001101000000000000000000000000000000011111110000010011011101001011110000000000000000000000000000000010000000101010100100011100001010000000000000000000000000000000000111111110000011101111101000110000000000000000000000000000000000100000001000110100010100011011011100000000000000000000000000000
10110011111111000111000010100011000101100000000000000000000000000000000000000000000000000000000000000000000000000000000000000000000001000000000101000001100110011001101000000000000000000000000000000011111110000010011011101001011110000000000000000000000000000000010000000101010100010010001111011000000000000000000000000000000000111111110000011101111101000110000000000000000000000000000000000100000001001011010011000101001110000000000000000000000000000000
10110011111111000111000010100110111001000000000000000000000000000000000000000000000000000000000000000000000000000000000000000000000001000000000101000001100110011001101000000000000000000000000000000011111110000010011011101001011110000000000000000000000000000000010000000101010100100011100001010000000000000000000000000000000000111111110000011101111101000110000000000000000000000000000000000100000001010000001100010111011101000000000000000000000000000000
10110011111111000111000010100011000101100000000000000000000000000000000000000000000000000000000000000000000000000000000000000000000001000000000101000001100110011001101000000000000000000000000000000011111110000010011011101001011110000000000000000000000000000000010000000101010100010010001111011000000000000000000000000000000000111111110000011101111101000110000000000000000000000000000000000100000001010010100001001010101001100000000000000000000000000000
10110011111111000111000010100110111001000000000000000000000000000000000000000000000000000000000000000000000000000000000000000000000001000000000101000001100110011001101000000000000000000000000000000011111110000010011011101001011110000000000000000000000000000000010000000101010100100011100001010000000000000000000000000000000000111111110000011101111101000110000000000000000000000000000000000100000001010101000100101111011010100000000000000000000000000000
10110011111111000111000010100011000101100000000000000000000000000000000000000000000000000000000000000000000000000000000000000000000001000000000101000001100110011001101000000000000000000000000000000011111110000010011011101001011110000000000000000000000000000000010000000101010100010010001111011000000000000000000000000000000000111111110000011101111101000110000000000000000000000000000000000100000001010111010110010101110100000000000000000000000000000000
10110011111111000111000010100110111001000000000000000000000000000000000000000000000000000000000000000000000000000000000000000000000001000000000101000001100110011001101000000000000000000000000000000011111110000010011011101001011110000000000000000000000000000000010000000101010100100011100001010000000000000000000000000000000000111111110000011101111101000110000000000000000000000000000000000100000001011001111010101001111111000000000000000000000000000000
10110011111111000111000010100011000101100000000000000000000000000000000000000000000000000000000000000000000000000000000000000000000001000000000101000001100110011001101000000000000000000000000000000011111110000010011011101001011110000000000000000000000000000000010000000101010100010010001111011000000000000000000000000000000000111111110000011101111101000110000000000000000000000000000000000100000001011100001010001010001111100000000000000000000000000000
10110011111111000111000010100111001110100000000000000000000000000000000000000000000000000000000000000000000000000000000000000000000001000000000101000001100110011001101000000000000000000000000000000011111110000010011011101001011110000000000000000000000000000000010000000101010111101101110000101000000000000000000000000000000000111111110011110100011010111011000000000000000000000000000000000100000000010101000111010101001111000000000000000000000000000000
10110011111111000111000010100010110000100000000000000000000000000000000000000000000000000000000000000000000000000000000000000000000001000000000101000001100110011001101000000000000000000000000000000011111110000010011011101001011110000000000000000000000000000000010000000101010111011100011110101110000000000000000000000000000000111111110011110100011010111011000000000000000000000000000000000100000000101110010101011000000100000000000000000000000000000000
10110011111111000111000010100111001110100000000000000000000000000000000000000000000000000000000000000000000000000000000000000000000001000000000101000001100110011001101000000000000000000000000000000011111110000010011011101001011110000000000000000000000000000000010000000101010111101101110000101000000000000000000000000000000000111111110011110100011010111011000000000000000000000000000000000100000000111001001111111010101011000000000000000000000000000000
10110011111111000111000010100010110000100000000000000000000000000000000000000000000000000000000000000000000000000000000000000000000001000000000101000001100110011001101000000000000000000000000000000011111110000010011011101001011110000000000000000000000000000000010000000101010111011100011110101110000000000000000000000000000000111111110011110100011010111011000000000000000000000000000000000100000001000001011110011010101000000000000000000000000000000000
10110011111111000111000010100111001110100000000000000000000000000000000000000000000000000000000000000000000000000000000000000000000001000000000101000001100110011001101000000000000000000000000000000011111110000010011011101001011110000000000000000000000000000000010000000101010111101101110000101000000000000000000000000000000000111111110011110100011010111011000000000000000000000000000000000100000001000110100010100011011011100000000000000000000000000000
10110011111111000111000010100010110000100000000000000000000000000000000000000000000000000000000000000000000000000000000000000000000001000000000101000001100110011001101000000000000000000000000000000011111110000010011011101001011110000000000000000000000000000000010000000101010111011100011110101110000000000000000000000000000000111111110011110100011010111011000000000000000000000000000000000100000001001011010011000101001110000000000000000000000000000000
10110011111111000111000010100111001110100000000000000000000000000000000000000000000000000000000000000000000000000000000000000000000001000000000101000001100110011001101000000000000000000000000000000011111110000010011011101001011110000000000000000000000000000000010000000101010111101101110000101000000000000000000000000000000000111111110011110100011010111011000000000000000000000000000000000100000001010000001100010111011101000000000000000000000000000000
10110011111111000111000010100010110000100000000000000000000000000000000000000000000000000000000000000000000000000000000000000000000001000000000101000001100110011001101000000000000000000000000000000011111110000010011011101001011110000000000000000000000000000000010000000101010111011100011110101110000000000000000000000000000000111111110011110100011010111011000000000000000000000000000000000100000001010010100001001010101001100000000000000000000000000000
10110011111111000111000010100111001110100000000000000000000000000000000000000000000000000000000000000000000000000000000000000000000001000000000101000001100110011001101000000000000000000000000000000011111110000010011011101001011110000000000000000000000000000000010000000101010111101101110000101000000000000000000000000000000000111111110011110100011010111011000000000000000000000000000000000100000001010101000100101111011010100000000000000000000000000000
10110011111111000111000010100010110000100000000000000000000000000000000000000000000000000000000000000000000000000000000000000000000001000000000101000001100110011001101000000000000000000000000000000011111110000010011011101001011110000000000000000000000000000000010000000101010111011100011110101110000000000000000000000000000000111111110011110100011010111011000000000000000000000000000000000100000001010111010110010101110100000000000000000000000000000000
10110011111111000111000010100111001110100000000000000000000000000000000000000000000000000000000000000000000000000000000000000000000001000000000101000001100110011001101000000000000000000000000000000011111110000010011011101001011110000000000000000000000000000000010000000101010111101101110000101000000000000000000000000000000000111111110011110100011010111011000000000000000000000000000000000100000001011001111010101001111111000000000000000000000000000000
10110011111111000111000010100010110000100000000000000000000000000000000000000000000000000000000000000000000000000000000000000000000001000000000101000001100110011001101000000000000000000000000000000011111110000010011011101001011110000000000000000000000000000000010000000101010111011100011110101110000000000000000000000000000000111111110011110100011010111011000000000000000000000000000000000100000001011100001010001010001111100000000000000000000000000000
