11000111110111010011001111111011101
11000111110111010101101110111011101
11000111111011011000001110011011101
11000111111111011010101101011011101
11001000000111011101001011111011101
11001000001111011111101010011011101
11001000010111100010001000111011101
11001000100011100100100110111011101
11001000100010111111011001011011101
11001000010111000001110111011011101
11001000001111000100010101111011101
11001000000111000110110100011011101
11000111111111001001010010111011101
11000111111011001011110001111011101
11000111110111001110010001011011101
11000111110111010000110000011011101
11000111011111010011001111111011101
11000111011111010101101111111011101
11000111100011011000001111011011101
11000111100111011010101110111011101
11000111101011011101001110011011101
11000111110011011111101101011011101
11000111111111100010001011111011101
11001000000111100100101010011011101
11001000000110111111010101111011101
11000111111111000001110100011011101
11000111110011000100010010111011101
11000111101011000110110001111011101
11000111100111001001010001011011101
11000111100011001011110000111011101
11000111011111001110010000011011101
11000111011111010000110000011011101
11000111000011010011010000011011101
11000111000011010101110000011011101
11000111000111011000010000111011101
11000111001011011010110000111011101
11000111010011011101010000011011101
11000111011011011111101111111011101
11000111100011100010001111011011101
11000111101111100100101101111011101
11000111101110111111010010011011101
11000111100011000001110000111011101
11000111011011000100010000011011101
11000111010011000110101111111011101
11000111001011001001001111011011101
11000111000111001011101111011011101
11000111000011001110001111111011101
11000111000011010000101111111011101
11000110100111010011010000011011101
11000110101011010101110001011011101
11000110101111011000010001111011101
11000110110011011010110010011011101
11000110110111011101010010111011101
11000110111111011111110010111011101
11000111001011100010010010011011101
11000111010011100100110001111011101
11000111010010111111001110011011101
11000111001011000001101101111011101
11000110111111000100001101011011101
11000110110111000110101101011011101
11000110110011001001001101111011101
11000110101111001011101110011011101
11000110101011001110001110111011101
11000110100111010000101111111011101
11000110001111010011010000111011101
11000110001111010101110001111011101
11000110010011011000010011011011101
11000110010111011010110100011011101
11000110011111011101010100111011101
11000110100111011111110101011011101
11000110101111100010010101111011101
11000110111011100100110101011011101
11000110111010111111001010111011101
11000110101111000001101010011011101
11000110100111000100001010111011101
11000110011111000110101011011011101
11000110010111001001001011111011101
11000110010011001011101100111011101
11000110001111001110001110011011101
11000110001111010000101111011011101
11000101110011010011010000111011101
11000101110111010101110010111011101
11000101110111011000010100011011101
11000101111111011010110101111011101
11000110000011011101010111011011101
11000110001011011111111000011011101
11000110010111100010011000111011101
11000110011111100100111001011011101
11000110011110111111000110111011101
11000110010111000001100111011011101
11000110001011000100000111111011101
11000110000011000110101000111011101
11000101111111001001001010011011101
11000101110111001011101011111011101
11000101110111001110001101011011101
11000101110011010000101111011011101
11000101011011010011010001011011101
11000101011011010101110011011011101
11000101011111011000010101111011101
11000101100011011010110111111011101
11000101101011011101011001111011101
11000101110011011111111011011011101
11000101111011100010011100011011101
11000110000111100100111101011011101
11000110000110111111000010111011101
11000101111011000001100011111011101
11000101110011000100000100111011101
11000101101011000110100110011011101
11000101100011001001001000011011101
11000101011111001011101010011011101
11000101011011001110001100111011101
11000101011011010000101110111011101
11000100111111010011010001011011101
11000101000011010101110100011011101
11000101000011011000010110111011101
11000101001011011010111001011011101
11000101001111011101011011111011101
11000101010111011111111101111011101
11000101100011100010011111111011101
11000101101011100101000000111011101
11000101101010111110111111011011101
11000101100011000001100000011011101
11000101010111000100000010011011101
11000101001111000110100100011011101
11000101001011001001000110111011101
11000101000011001011101001011011101
11000101000011001110001011111011101
11000100111111010000101110111011101
11000100100111010011010001111011101
11000100100111010101110101011011101
11000100101011011000011000011011101
11000100101111011010111011011011101
11000100110111011101011110011011101
11000100111111100000000000111011101
11000101000111100010100010111011101
11000101010011100101000100111011101
11000101010010111110111011011011101
11000101000111000001011101011011101
11000100111111000011111111011011101
11000100110111000110100001111011101
11000100101111001001000100111011101
11000100101011001011100111111011101
11000100100111001110001010111011101
11000100100111010000101110011011101
11000100001011010011010001111011101
11000100001011010101110101111011101
11000100001111011000011001111011101
11000100010011011010111101011011101
11000100011011011101100000011011101
11000100100011100000000011111011101
11000100101011100010100110011011101
11000100110111100101001000111011101
11000100110110111110110111011011101
11000100101011000001011001111011101
11000100100011000011111100011011101
11000100011011000110011111111011101
11000100010011001001000010111011101
11000100001111001011100110011011101
11000100001011001110001010011011101
11000100001011010000101110011011101
11000011110011010011010010011011101
11000011110011010101110110111011101
11000011110111011000011010111011101
11000011111011011010111110111011101
11000100000011011101100010111011101
11000100001011100000000110011011101
11000100010011100010101001111011101
11000100011111100101001100111011101
11000100011110111110110011011011101
11000100010011000001010110011011101
11000100001011000011111001111011101
11000100000011000110011101011011101
11000011111011001001000001011011101
11000011110111001011100101011011101
11000011110011001110001001011011101
11000011110011010000101101111011101
11000011010111010011010010011011101
11000011010111010101110111011011101
11000011011011011000011100011011101
11000011011111011011000000111011101
11000011100111011101100101011011101
11000011101111100000001001011011101
11000011110111100010101101011011101
11000100000011100101010000011011101
11000100000010111110101111111011101
11000011110111000001010010111011101
11000011101111000011110110111011101
11000011100111000110011010111011101
11000011011111001000111111011011101
11000011011011001011100011111011101
11000011010111001110001000111011101
11000011010111010000101101111011101
11000010111011010011010010111011101
11000010111111010101111000011011101
11000011000011011000011101111011101
11000011000111011011000010111011101
11000011001011011101100111111011101
11000011010011100000001100011011101
11000011011111100010110000111011101
11000011101011100101010100011011101
11000011101010111110101011111011101
11000011011111000001001111011011101
11000011010011000011110011111011101
11000011001011000110011000011011101
11000011000111001000111101011011101
11000011000011001011100010011011101
11000010111111001110000111111011101
11000010111011010000101101011011101
11000010100011010011010011011011101
11000010100011010101111000111011101
11000010100111011000011110111011101
11000010101011011011000100111011101
11000010110011011101101010011011101
11000010111011100000001111011011101
11000011000011100010110100011011101
11000011001111100101011000011011101
11000011001110111110100111111011101
11000011000011000001001011111011101
11000010111011000011110000111011101
11000010110011000110010101111011101
11000010101011001000111011011011101
11000010100111001011100001011011101
11000010100011001110000111011011101
11000010100011010000101100111011101
11000010000111010011010011011011101
11000010001011010101111001111011101
11000010001111011000100000011011101
11000010010011011011000110011011101
11000010010111011101101100011011101
11000010011111100000010010011011101
11000010101011100010110111011011101
11000010110111100101011100011011101
11000010110110111110100011111011101
11000010101011000001001000111011101
11000010011111000011101101111011101
11000010010111000110010011111011101
11000010010011001000111001111011101
11000010001111001011011111111011101
11000010001011001110000110011011101
11000010000111010000101100111011101
11000001101111010011010011111011101
11000001101111010101111010111011101
11000001110011011000100001111011101
11000001110111011011001000011011101
11000001111111011101101110111011101
11000010000111100000010101011011101
11000010001111100010111011011011101
11000010011011100101100000011011101
11000010011010111110011111111011101
11000010001111000001000101011011101
11000010000111000011101010111011101
11000001111111000110010001011011101
11000001110111001000110111111011101
11000001110011001011011110011011101
11000001101111001110000101011011101
11000001101111010000101100011011101
11001110011011010011001011111011101
11001110011011010101100011111011101
11001110011111010111111011011011101
11001110100011011010010010111011101
11001110101011011100101010011011101
11001110110011011111000001011011101
11001110111011100001010111111011101
11001111000011100011101110011011101
11001111000011000000010001111011101
11001110111011000010101000011011101
11001110110011000100111110111011101
11001110101011000111010101111011101
11001110100011001001101101011011101
11001110011111001100000100111011101
11001110011011001110011100011011101
11001110011011010000110100011011101
11001101111111010011001100011011101
11001110000011010101100100011011101
11001110000111010111111100011011101
11001110001011011010010100011011101
11001110001111011100101100011011101
11001110010111011111000011111011101
11001110011111100001011010111011101
11001110101011100011110001111011101
11001110101011000000001110011011101
11001110011111000010100101011011101
11001110010111000100111100011011101
11001110001111000111010011111011101
11001110001011001001101011111011101
11001110000111001100000011111011101
11001110000011001110011011111011101
11001101111111010000110011111011101
11001101100111010011001100011011101
11001101100111010101100100111011101
11001101101011010111111101011011101
11001101101111011010010101111011101
11001101110111011100101110011011101
11001101111011011111000110011011101
11001110000111100001011101111011101
11001110001111100011110101011011101
11001110001111000000001010111011101
11001110000111000010100010011011101
11001101111011000100111001111011101
11001101110111000111010001111011101
11001101101111001001101010011011101
11001101101011001100000010111011101
11001101100111001110011011011011101
11001101100111010000110011111011101
11001101001011010011001100111011101
11001101001111010101100101111011101
11001101001111010111111110111011101
11001101010111011010010111011011101
11001101011011011100110000011011101
11001101100011011111001000111011101
11001101101011100001100000111011101
11001101110111100011111000111011101
11001101110111000000000111011011101
11001101101011000010011111011011101
11001101100011000100110111011011101
11001101011011000111001111111011101
11001101010111001001101000111011101
11001101001111001100000001011011101
11001101001111001110011010011011101
11001101001011010000110011011011101
11001100110011010011001100111011101
11001100110011010101100110011011101
11001100110111010111111111111011101
11001100111011011010011001011011101
11001100111111011100110010011011101
11001101000111011111001011011011101
11001101010011100001100011111011101
11001101011011100011111100011011101
11001101011011000000000011111011101
11001101010011000010011100011011101
11001101000111000100110100111011101
11001100111111000111001101111011101
11001100111011001001100110111011101
11001100110111001100000000011011101
11001100110011001110011001111011101
11001100110011010000110011011011101
11001100010111010011001101011011101
11001100011011010101100110111011101
11001100011011011000000000111011101
11001100011111011010011010111011101
11001100100111011100110100011011101
11001100101111011111001101111011101
11001100110111100001100110111011101
11001101000011100011111111011011101
11001101000011000000000000111011101
11001100110111000010011001011011101
11001100101111000100110010011011101
11001100100111000111001011111011101
11001100011111001001100101011011101
11001100011011001011111111011011101
11001100011011001110011001011011101
11001100010111010000110010111011101
11001011111111010011001101011011101
11001011111111010101100111111011101
11001100000011011000000010011011101
11001100000111011010011100011011101
11001100001011011100110110011011101
11001100010011011111010000011011101
11001100011111100001101001111011101
11001100100111100100000010111011101
11001100100110111111111101011011101
11001100011111000010010110011011101
11001100010011000100101111111011101
11001100001011000111001001111011101
11001100000111001001100011111011101
11001100000011001011111101111011101
11001011111111001110011000011011101
11001011111111010000110010111011101
11001011100011010011001101011011101
11001011100011010101101000011011101
11001011100111011000000011011011101
11001011101011011010011101111011101
11001011110011011100111000011011101
11001011111011011111010010111011101
11001100000011100001101100111011101
11001100001111100100000110011011101
11001100001110111111111001111011101
11001100000011000010010011011011101
11001011111011000100101101011011101
11001011110011000111000111111011101
11001011101011001001100010011011101
11001011100111001011111100111011101
11001011100011001110010111111011101
11001011100011010000110010111011101
11001011001011010011001101111011101
11001011001011010101101001011011101
11001011001111011000000100011011101
11001011010011011010011111111011101
11001011010111011100111010111011101
11001011011111011111010101011011101
11001011100111100001101111111011101
11001011110011100100001001111011101
11001011110010111111110110011011101
11001011100111000010010000011011101
11001011011111000100101010111011101
11001011010111000111000101011011101
11001011010011001001100000011011101
11001011001111001011111011111011101
11001011001011001110010110111011101
11001011001011010000110010011011101
11001010101111010011001101111011101
11001010101111010101101001111011101
11001010110011011000000101111011101
11001010110111011010100001011011101
11001010111111011100111100111011101
11001011000111011111010111111011101
11001011001111100001110010111011101
11001011011011100100001101011011101
11001011011010111111110010111011101
11001011001111000010001101011011101
11001011000111000100101000011011101
11001010111111000111000011011011101
11001010110111001001011110111011101
11001010110011001011111010011011101
11001010101111001110010110011011101
11001010101111010000110010011011101
11001010010011010011001110011011101
11001010010111010101101010111011101
11001010011011011000000110111011101
11001010011111011010100010111011101
11001010100011011100111110111011101
11001010101011011111011010111011101
11001010110011100001110101111011101
11001010111111100100010000111011101
11001010111110111111101111011011101
11001010110011000010001010011011101
11001010101011000100100101011011101
11001010100011000111000001011011101
11001010011111001001011101011011101
11001010011011001011111001011011101
11001010010111001110010101011011101
11001010010011010000110001111011101
11001001111011010011001110011011101
11001001111011010101101011011011101
11001001111111011000000111111011101
11001010000011011010100100111011101
11001010001011011101000000111011101
11001010010011011111011101011011101
11001010011011100001111000111011101
11001010100111100100010100011011101
11001010100110111111101011111011101
11001010011011000010000111011011101
11001010010011000100100010111011101
11001010001011000110111111011011101
11001010000011001001011011011011101
11001001111111001011111000011011101
11001001111011001110010100111011101
11001001111011010000110001111011101
11001001011111010011001110111011101
11001001100011010101101011111011101
11001001100011011000001001011011101
11001001101011011010100110011011101
11001001101111011101000011011011101
11001001110111011111011111111011101
11001001111111100001111100011011101
11001010001011100100011000011011101
11001010001010111111100111111011101
11001001111111000010000011111011101
11001001110111000100100000011011101
11001001101111000110111100111011101
11001001101011001001011001111011101
11001001100011001011110110111011101
11001001100011001110010100011011101
11001001011111010000110001011011101
11001001000111010011001110111011101
11001001000111010101101100111011101
11001001001011011000001010011011101
11001001001111011010100111111011101
11001001010111011101000101011011101
11001001011111011111100010011011101
11001001100111100001111111011011101
11001001101111100100011011111011101
11001001101110111111100100011011101
11001001100111000010000000111011101
11001001011111000100011101111011101
11001001010111000110111010111011101
11001001001111001001011000011011101
11001001001011001011110101111011101
11001001000111001110010011011011101
11001001000111010000110001011011101
11001000101011010011001111011011101
11001000101111010101101101011011101
11001000101111011000001011111011101
11001000110111011010101001111011101
11001000111011011101000111111011101
11001001000011011111100101011011101
11001001001011100010000010011011101
11001001010111100100011111011011101
11001001010110111111100000111011101
11001001001011000001111101111011101
11001001000011000100011010111011101
11001000111011000110111000011011101
11001000110111001001010110011011101
11001000101111001011110100011011101
11001000101111001110010010111011101
11001000101011010000110000111011101
11001000010011010011001111011011101
11001000010011010101101110011011101
11001000010111011000001100111011101
11001000011011011010101011011011101
11001000100011011101001001111011101
11001000100111011111100111111011101
11001000110011100010000101111011101
11001000111011100100100010111011101
11001000111010111111011101011011101
11001000110011000001111010011011101
11001000100111000100011000011011101
11001000100011000110110110011011101
11001000011011001001010100111011101
11001000010111001011110011011011101
11001000010011001110010001111011101
11001000010011010000110000111011101
