11001011000111010010100110111011101
11001011001011010011110100111011101
11001011001011010101000010011011101
11001011001011010110001111111011101
11001011001011010111011101111011101
11001011001111011000101011011011101
11001011001111011001111000111011101
11001011010011011011000110011011101
11001011010111011100010011111011101
11001011011011011101100001011011101
11001011011111011110101110111011101
11001011100011011111111011111011101
11001011100111100001001001011011101
11001011101011100010010110011011101
11001011101111100011100011011011101
11001011110111100100110000011011101
11001011110110111111001111111011101
11001011101111000000011100111011101
11001011101011000001101001111011101
11001011100111000010110110111011101
11001011100011000100000100011011101
11001011011111000101010001011011101
11001011011011000110011110111011101
11001011010111000111101100011011101
11001011010011001000111001111011101
11001011001111001010000111011011101
11001011001111001011010100111011101
11001011001011001100100010011011101
11001011001011001101110000011011101
11001011001011001110111101111011101
11001011001011010000001011011011101
11001011000111010001011001011011101
11001010101111010010100110111011101
11001010101111010011110100111011101
11001010101111010101000010111011101
11001010110011010110010000111011101
11001010110011010111011110111011101
11001010110011011000101100111011101
11001010110111011001111010011011101
11001010111011011011001000011011101
11001010111011011100010101111011101
11001010111111011101100011111011101
11001011000011011110110001011011101
11001011000111011111111110111011101
11001011001011100001001100011011101
11001011010011100010011001011011101
11001011010111100011100110111011101
11001011011011100100110011111011101
11001011011010111111001100011011101
11001011010111000000011001011011101
11001011010011000001100110111011101
11001011001011000010110011111011101
11001011000111000100000001011011101
11001011000011000101001110111011101
11001010111111000110011100011011101
11001010111011000111101010011011101
11001010111011001000110111111011101
11001010110111001010000101111011101
11001010110011001011010011011011101
11001010110011001100100001011011101
11001010110011001101101111011011101
11001010101111001110111101011011101
11001010101111010000001011011011101
11001010101111010001011001011011101
11001010010011010010100111011011101
11001010010011010011110101011011101
11001010010111010101000011011011101
11001010010111010110010001111011101
11001010010111010111011111111011101
11001010011011011000101101111011101
11001010011011011001111011111011101
11001010011111011011001001111011101
11001010100011011100010111111011101
11001010100111011101100101111011101
11001010101011011110110011111011101
11001010101111100000000001011011101
11001010110011100001001111011011101
11001010110111100010011100111011101
11001010111011100011101010011011101
11001011000011100100110111111011101
11001011000010111111001000011011101
11001010111011000000010101111011101
11001010110111000001100011011011101
11001010110011000010110000111011101
11001010101111000011111110111011101
11001010101011000101001100011011101
11001010100111000110011010011011101
11001010100011000111101000011011101
11001010011111001000110110011011101
11001010011011001010000100011011101
11001010011011001011010010011011101
11001010010111001100100000011011101
11001010010111001101101110011011101
11001010010111001110111100111011101
11001010010011010000001010111011101
11001010010011010001011000111011101
11001001111011010010100111011011101
11001001111011010011110101111011101
11001001111011010101000100011011101
11001001111011010110010010011011101
11001001111111010111100000111011101
11001001111111011000101111011011101
11001010000011011001111101011011101
11001010000011011011001011111011101
11001010000111011100011001111011101
11001010001011011101101000011011101
11001010001111011110110110011011101
11001010010011100000000100011011101
11001010010111100001010010011011101
11001010011111100010011111111011101
11001010100011100011101101111011101
11001010100111100100111011011011101
11001010100110111111000100111011101
11001010100011000000010010011011101
11001010011111000001100000011011101
11001010010111000010101101111011101
11001010010011000011111011111011101
11001010001111000101001001111011101
11001010001011000110010111111011101
11001010000111000111100110011011101
11001010000011001000110100011011101
11001010000011001010000010111011101
11001001111111001011010000111011101
11001001111111001100011111011011101
11001001111011001101101101111011101
11001001111011001110111011111011101
11001001111011010000001010011011101
11001001111011010001011000111011101
11001001011111010010100111011011101
11001001011111010011110101111011101
11001001100011010101000100111011101
11001001100011010110010011011011101
11001001100011010111100001111011101
11001001100111011000110000011011101
11001001100111011001111111011011101
11001001101011011011001101111011101
11001001101111011100011011111011101
11001001110011011101101010011011101
11001001110111011110111000111011101
11001001111011100000000110111011101
11001001111111100001010101011011101
11001010000011100010100011011011101
11001010000111100011110001011011101
11001010001111100100111110111011101
11001010001110111111000001011011101
11001010000111000000001110111011101
11001010000011000001011100111011101
11001001111111000010101010111011101
11001001111011000011111001011011101
11001001110111000101000111011011101
11001001110011000110010101111011101
11001001101111000111100100011011101
11001001101011001000110010011011101
11001001100111001010000000111011101
11001001100111001011001111111011101
11001001100011001100011110011011101
11001001100011001101101100111011101
11001001100011001110111011011011101
11001001011111010000001010011011101
11001001011111010001011000111011101
11001001000111010010100111011011101
11001001000111010011110110011011101
11001001000111010101000101011011101
11001001000111010110010100011011101
11001001001011010111100010111011101
11001001001011011000110001111011101
11001001001111011010000000111011101
11001001001111011011001111011011101
11001001010011011100011101111011101
11001001010111011101101100111011101
11001001011011011110111011011011101
11001001011111100000001001111011101
11001001100011100001011000011011101
11001001100111100010100110011011101
11001001101111100011110100111011101
11001001110011100101000010111011101
11001001110010111110111101011011101
11001001101111000000001011011011101
11001001100111000001011001111011101
11001001100011000010100111111011101
11001001011111000011110110011011101
11001001011011000101000100111011101
11001001010111000110010011011011101
11001001010011000111100010011011101
11001001001111001000110000111011101
11001001001111001001111111011011101
11001001001011001011001110011011101
11001001001011001100011101011011101
11001001000111001101101011111011101
11001001000111001110111010111011101
11001001000111010000001001111011101
11001001000111010001011000111011101
11001000101011010010100111111011101
11001000101011010011110110111011101
11001000101011010101000101111011101
11001000101111010110010100111011101
11001000101111010111100100011011101
11001000110011011000110011011011101
11001000110011011010000010011011101
11001000110111011011010001011011101
11001000111011011100100000011011101
11001000111011011101101110111011101
11001000111111011110111101111011101
11001001000111100000001100011011101
11001001001011100001011011011011101
11001001001111100010101001111011101
11001001010011100011111000011011101
11001001011011100101000110011011101
11001001011010111110111001111011101
11001001010011000000000111111011101
11001001001111000001010110011011101
11001001001011000010100100111011101
11001001000111000011110011111011101
11001000111111000101000010011011101
11001000111011000110010001011011101
11001000111011000111011111111011101
11001000110111001000101110111011101
11001000110011001001111101111011101
11001000110011001011001100111011101
11001000101111001100011011111011101
11001000101111001101101011011011101
11001000101011001110111010011011101
11001000101011010000001001011011101
11001000101011010001011000011011101
11001000010011010010100111111011101
11001000010011010011110111011011101
11001000010011010101000110011011101
11001000010011010110010101111011101
11001000010111010111100101011011101
11001000010111011000110100011011101
11001000011011011010000011111011101
11001000011011011011010010111011101
11001000011111011100100010011011101
11001000100011011101110001011011101
11001000100111011111000000011011101
11001000101011100000001111011011101
11001000101111100001011110011011101
11001000110011100010101100111011101
11001000111011100011111011111011101
11001000111111100101001010011011101
11001000111110111110110101111011101
11001000111011000000000100011011101
11001000110011000001010011011011101
11001000101111000010100001111011101
11001000101011000011110000111011101
11001000100111000100111111111011101
11001000100011000110001110111011101
11001000011111000111011101111011101
11001000011011001000101101011011101
11001000011011001001111100011011101
11001000010111001011001011111011101
11001000010111001100011010111011101
11001000010011001101101010011011101
11001000010011001110111001111011101
11001000010011010000001000111011101
11001000010011010001011000011011101
11001110011011010010100101111011101
11001110011011010011110001111011101
11001110011011010100111101111011101
11001110011011010110001001011011101
11001110011111010111010101011011101
11001110011111011000100001011011101
11001110100011011001101100111011101
11001110100111011010111000111011101
11001110100111011100000100011011101
11001110101011011101001111111011101
11001110101111011110011011011011101
11001110110011011111100110111011101
11001110110111100000110010011011101
11001110111011100001111101111011101
11001111000011100011001000111011101
11001111000111100100010100011011101
11001111000110111111101011111011101
11001111000011000000110111011011101
11001110111011000010000010011011101
11001110110111000011001101111011101
11001110110011000100011001011011101
11001110101111000101100100111011101
11001110101011000110110000011011101
11001110100111000111111011111011101
11001110100111001001000111011011101
11001110100011001010010011011011101
11001110011111001011011110111011101
11001110011111001100101010111011101
11001110011011001101110110111011101
11001110011011001111000010011011101
11001110011011010000001110011011101
11001110011011010001011010011011101
11001101111111010010100110011011101
11001101111111010011110010011011101
11001110000011010100111110011011101
11001110000011010110001010011011101
11001110000011010111010110011011101
11001110000111011000100010011011101
11001110000111011001101110011011101
11001110001011011010111010011011101
11001110001111011100000110011011101
11001110010011011101010001111011101
11001110010011011110011101111011101
11001110010111011111101001011011101
11001110011111100000110101011011101
11001110100011100010000000111011101
11001110100111100011001100011011101
11001110101011100100010111111011101
11001110101010111111101000011011101
11001110100111000000110011111011101
11001110100011000001111111011011101
11001110011111000011001010111011101
11001110010111000100010110111011101
11001110010011000101100010011011101
11001110010011000110101110011011101
11001110001111000111111001111011101
11001110001011001001000101111011101
11001110000111001010010001111011101
11001110000111001011011101111011101
11001110000011001100101001111011101
11001110000011001101110101111011101
11001110000011001111000001111011101
11001101111111010000001101111011101
11001101111111010001011001111011101
11001101100111010010100110011011101
11001101100111010011110010011011101
11001101100111010100111110111011101
11001101100111010110001011011011101
11001101101011010111010111011011101
11001101101011011000100011111011101
11001101101111011001101111111011101
11001101101111011010111011111011101
11001101110011011100001000011011101
11001101110111011101010100011011101
11001101111011011110100000011011101
11001101111111011111101100011011101
11001110000011100000110111111011101
11001110000111100010000011111011101
11001110001111100011001111011011101
11001110010011100100011010111011101
11001110010010111111100101011011101
11001110001111000000110000111011101
11001110000111000001111100011011101
11001110000011000011001000011011101
11001101111111000100010011111011101
11001101111011000101011111111011101
11001101110111000110101011111011101
11001101110011000111110111111011101
11001101101111001001000100011011101
11001101101111001010010000011011101
11001101101011001011011100011011101
11001101101011001100101000111011101
11001101100111001101110100111011101
11001101100111001111000001011011101
11001101100111010000001101111011101
11001101100111010001011001111011101
11001101001011010010100110011011101
11001101001011010011110010111011101
11001101001111010100111111011011101
11001101001111010110001011111011101
11001101001111010111011000011011101
11001101010011011000100100111011101
11001101010011011001110001011011101
11001101010111011010111101111011101
11001101011011011100001010011011101
11001101011011011101010110011011101
11001101011111011110100010111011101
11001101100011011111101110111011101
11001101101011100000111010111011101
11001101101111100010000110111011101
11001101110011100011010010111011101
11001101110111100100011110011011101
11001101110110111111100001111011101
11001101110011000000101101011011101
11001101101111000001111001011011101
11001101101011000011000101011011101
11001101100011000100010001011011101
11001101011111000101011101011011101
11001101011011000110101001111011101
11001101011011000111110101111011101
11001101010111001001000010011011101
11001101010011001010001110111011101
11001101010011001011011011011011101
11001101001111001100100111111011101
11001101001111001101110100011011101
11001101001111001111000000111011101
11001101001011010000001101011011101
11001101001011010001011001111011101
11001100110011010010100110011011101
11001100110011010011110011011011101
11001100110011010100111111111011101
11001100110011010110001100111011101
11001100110111010111011001011011101
11001100110111011000100110011011101
11001100111011011001110010111011101
11001100111011011010111111011011101
11001100111111011100001011111011101
11001101000011011101011000011011101
11001101000111011110100100111011101
11001101001011011111110001011011101
11001101001111100000111101111011101
11001101010011100010001001111011101
11001101011011100011010101111011101
11001101011111100100100010011011101
11001101011110111111011101111011101
11001101011011000000101010011011101
11001101010011000001110110011011101
11001101001111000011000010011011101
11001101001011000100001110111011101
11001101000111000101011011011011101
11001101000011000110100111111011101
11001100111111000111110100011011101
11001100111011001001000000111011101
11001100111011001010001101011011101
11001100110111001011011001111011101
11001100110111001100100110111011101
11001100110011001101110011011011101
11001100110011001111000000011011101
11001100110011010000001100111011101
11001100110011010001011001111011101
11001100010111010010100110111011101
11001100010111010011110011111011101
11001100010111010101000000111011101
11001100011011010110001101011011101
11001100011011010111011010011011101
11001100011111011000100111011011101
11001100011111011001110100011011101
11001100100011011011000001011011101
11001100100111011100001101111011101
11001100100111011101011010111011101
11001100101011011110100111011011101
11001100101111011111110011111011101
11001100110011100001000000011011101
11001100111011100010001100111011101
11001100111111100011011001011011101
11001101000011100100100101111011101
11001101000010111111011010011011101
11001100111111000000100110111011101
11001100111011000001110011011011101
11001100110011000010111111111011101
11001100101111000100001100011011101
11001100101011000101011000111011101
11001100100111000110100101011011101
11001100100111000111110010011011101
11001100100011001000111110111011101
11001100011111001010001011111011101
11001100011111001011011000111011101
11001100011011001100100101111011101
11001100011011001101110010111011101
11001100010111001110111111011011101
11001100010111010000001100011011101
11001100010111010001011001011011101
11001011111111010010100110111011101
11001011111111010011110011111011101
11001011111111010101000001011011101
11001011111111010110001110011011101
11001100000011010111011011011011101
11001100000011011000101000111011101
11001100000111011001110101111011101
11001100000111011011000010111011101
11001100001011011100001111111011101
11001100001111011101011100111011101
11001100010011011110101001111011101
11001100010111011111110110111011101
11001100011011100001000011011011101
11001100011111100010010000011011101
11001100100011100011011100111011101
11001100101011100100101001011011101
11001100101010111111010110111011101
11001100100011000000100011011011101
11001100011111000001101111111011101
11001100011011000010111100111011101
11001100010111000100001001011011101
11001100010011000101010110011011101
11001100001111000110100011011011101
11001100001011000111110000011011101
11001100000111001000111101011011101
11001100000111001010001010011011101
11001100000011001011010111011011101
11001100000011001100100100111011101
11001011111111001101110001111011101
11001011111111001110111110111011101
11001011111111010000001100011011101
11001011111111010001011001011011101
11001011100011010010100110111011101
11001011100011010011110100011011101
11001011100011010101000001111011101
11001011100111010110001111011011101
11001011100111010111011100111011101
11001011100111011000101001111011101
11001011101011011001110111011011101
11001011101111011011000100111011101
11001011101111011100010001111011101
11001011110011011101011111011011101
11001011110111011110101100011011101
11001011111011011111111001011011101
11001011111111100001000110011011101
11001100000111100010010011011011101
11001100001011100011011111111011101
11001100001111100100101100111011101
11001100001110111111010011011011101
11001100001011000000100000011011101
11001100000111000001101100111011101
11001011111111000010111001111011101
11001011111011000100000110111011101
11001011110111000101010011111011101
11001011110011000110100000111011101
11001011101111000111101110011011101
11001011101111001000111011011011101
11001011101011001010001000111011101
11001011100111001011010110011011101
11001011100111001100100011011011101
11001011100111001101110000111011101
11001011100011001110111110011011101
11001011100011010000001011111011101
11001011100011010001011001011011101
