11000100100111010010101000111011101
11000100100111010011111010111011101
11000100100111010101001100011011101
11000100100111010110011101111011101
11000100101011010111101111011011101
11000100101011011001000001011011101
11000100101111011010010010111011101
11000100101111011011100100011011101
11000100110011011100110101011011101
11000100110111011110000110111011101
11000100111011011111011000011011101
11000100111111100000101001011011101
11000101000011100001111010011011101
11000101001011100011001011011011101
11000101001111100100011100011011101
11000101010111100101101101011011101
11000101010110111110010010111011101
11000101001110111111100011111011101
11000101001011000000110100111011101
11000101000011000010000101111011101
11000100111111000011010110111011101
11000100111011000100100111111011101
11000100110111000101111001011011101
11000100110011000111001010111011101
11000100101111001000011011111011101
11000100101111001001101101011011101
11000100101011001010111110111011101
11000100101011001100010000111011101
11000100100111001101100010011011101
11000100100111001110110011111011101
11000100100111010000000101011011101
11000100100111010001010111011011101
11000100001011010010101000111011101
11000100001011010011111010111011101
11000100001011010101001100111011101
11000100001111010110011110111011101
11000100001111010111110000111011101
11000100010011011001000010011011101
11000100010011011010010100011011101
11000100010111011011100101111011101
11000100011011011100110111111011101
11000100011111011110001001011011101
11000100100011011111011010111011101
11000100100111100000101100011011101
11000100101011100001111101111011101
11000100101111100011001110111011101
11000100110011100100100000011011101
11000100111011100101110001011011101
11000100111010111110001110111011101
11000100110010111111011111111011101
11000100101111000000110001011011101
11000100101011000010000010011011101
11000100100111000011010011111011101
11000100100011000100100101011011101
11000100011111000101110110111011101
11000100011011000111001000011011101
11000100010111001000011010011011101
11000100010011001001101011111011101
11000100010011001010111101111011101
11000100001111001100001111011011101
11000100001111001101100001011011101
11000100001011001110110011011011101
11000100001011010000000101011011101
11000100001011010001010111011011101
11000011101111010010101001011011101
11000011110011010011111011011011101
11000011110011010101001101011011101
11000011110011010110011111111011101
11000011110011010111110001111011101
11000011110111011001000011111011101
11000011111011011010010101111011101
11000011111011011011100111111011101
11000011111111011100111001111011101
11000100000011011110001011111011101
11000100000111011111011101111011101
11000100001011100000101111011011101
11000100001111100010000000111011101
11000100010111100011010010011011101
11000100011011100100100011111011101
11000100011111100101110101011011101
11000100011110111110001010111011101
11000100011010111111011100011011101
11000100010111000000101101111011101
11000100001111000001111111011011101
11000100001011000011010000111011101
11000100000111000100100010011011101
11000100000011000101110100011011101
11000011111111000111000110011011101
11000011111011001000011000011011101
11000011111011001001101010011011101
11000011110111001010111100011011101
11000011110011001100001110011011101
11000011110011001101100000011011101
11000011110011001110110010111011101
11000011110011010000000100111011101
11000011101111010001010110111011101
11000011010111010010101001011011101
11000011010111010011111011111011101
11000011010111010101001110011011101
11000011011011010110100000111011101
11000011011011010111110010111011101
11000011011011011001000101011011101
11000011011111011010010111111011101
11000011100011011011101001111011101
11000011100111011100111100011011101
11000011100111011110001110011011101
11000011101011011111100000011011101
11000011110011100000110010011011101
11000011110111100010000100011011101
11000011111011100011010110011011101
11000011111111100100100111111011101
11000100000111100101111001011011101
11000100000110111110000110111011101
11000011111110111111011000011011101
11000011111011000000101010011011101
11000011110111000001111011111011101
11000011110011000011001101111011101
11000011101011000100011111111011101
11000011100111000101110001111011101
11000011100111000111000011111011101
11000011100011001000010110011011101
11000011011111001001101000011011101
11000011011011001010111010111011101
11000011011011001100001101011011101
11000011011011001101011111011011101
11000011010111001110110001111011101
11000011010111010000000100011011101
11000011010111010001010110111011101
11000010111011010010101001011011101
11000010111011010011111100011011101
11000010111111010101001110111011101
11000010111111010110100001111011101
11000010111111010111110100011011101
11000011000011011001000110111011101
11000011000011011010011001011011101
11000011000111011011101011111011101
11000011001011011100111110011011101
11000011001111011110010000111011101
11000011010011011111100011011011101
11000011010111100000110101011011101
11000011011011100010000111111011101
11000011100011100011011001111011101
11000011100111100100101011111011101
11000011101011100101111101011011101
11000011101010111110000010111011101
11000011100110111111010100011011101
11000011100011000000100110011011101
11000011011011000001111000011011101
11000011010111000011001010111011101
11000011010011000100011100111011101
11000011001111000101101111011011101
11000011001011000111000001111011101
11000011000111001000010100011011101
11000011000011001001100110111011101
11000011000011001010111001011011101
11000010111111001100001011111011101
11000010111111001101011110011011101
11000010111111001110110001011011101
11000010111011010000000011111011101
11000010111011010001010110111011101
11000010100011010010101001111011101
11000010100011010011111100111011101
11000010100011010101001111011011101
11000010100011010110100010011011101
11000010100111010111110101011011101
11000010100111011001001000011011101
11000010101011011010011011011011101
11000010101111011011101101111011101
11000010101111011101000000111011101
11000010110011011110010011011011101
11000010110111011111100101111011101
11000010111011100000111000011011101
11000011000011100010001010111011101
11000011000111100011011101011011101
11000011001011100100101111011011101
11000011010011100110000001011011101
11000011010010111101111110111011101
11000011001010111111010000111011101
11000011000111000000100010111011101
11000011000011000001110101011011101
11000010111011000011000111111011101
11000010110111000100011010011011101
11000010110011000101101100111011101
11000010101111000110111111011011101
11000010101111001000010010011011101
11000010101011001001100100111011101
11000010100111001010110111111011101
11000010100111001100001010111011101
11000010100011001101011101111011101
11000010100011001110110000111011101
11000010100011010000000011111011101
11000010100011010001010110011011101
11000010000111010010101001111011101
11000010000111010011111100111011101
11000010001011010101010000011011101
11000010001011010110100011011011101
11000010001011010111110110111011101
11000010001111011001001001111011101
11000010001111011010011100111011101
11000010010011011011101111111011101
11000010010111011101000010111011101
11000010011011011110010101111011101
11000010011111011111101000111011101
11000010100011100000111011111011101
11000010100111100010001110011011101
11000010101011100011100000111011101
11000010110011100100110011011011101
11000010110111100110000101111011101
11000010110110111101111010011011101
11000010110010111111001100111011101
11000010101011000000011111011011101
11000010100111000001110001111011101
11000010100011000011000100011011101
11000010011111000100010111011011101
11000010011011000101101010011011101
11000010010111000110111101011011101
11000010010011001000010000011011101
11000010001111001001100011011011101
11000010001111001010110110011011101
11000010001011001100001001011011101
11000010001011001101011100111011101
11000010001011001110101111111011101
11000010000111010000000011011011101
11000010000111010001010110011011101
11000001101111010010101001111011101
11000001101111010011111101011011101
11000001101111010101010000111011101
11000001101111010110100100011011101
11000001110011010111110111111011101
11000001110011011001001011011011101
11000001110111011010011110111011101
11000001111011011011110001111011101
11000001111011011101000101011011101
11000001111111011110011000011011101
11000010000011011111101011111011101
11000010000111100000111110111011101
11000010001111100010010001111011101
11000010010011100011100100011011101
11000010010111100100110111011011101
11000010011111100110001001111011101
11000010011110111101110110011011101
11000010010110111111001000111011101
11000010010011000000011011111011101
11000010001111000001101110011011101
11000010000111000011000001011011101
11000010000011000100010100011011101
11000001111111000101100111111011101
11000001111011000110111010111011101
11000001111011001000001110011011101
11000001110111001001100001011011101
11000001110011001010110100111011101
11000001110011001100001000011011101
11000001101111001101011011111011101
11000001101111001110101111011011101
11000001101111010000000010111011101
11000001101111010001010110011011101
11000111110111010010100111111011101
11000111110111010011110111011011101
11000111110111010101000111011011101
11000111111011010110010110111011101
11000111111011010111100110011011101
11000111111011011000110101111011101
11000111111111011010000101011011101
11001000000011011011010100111011101
11001000000111011100100100011011101
11001000000111011101110011111011101
11001000001011011111000010111011101
11001000001111100000010010011011101
11001000010111100001100001011011101
11001000011011100010110000011011101
11001000011111100011111111011011101
11001000100111100101001101111011101
11001000100110111110110010011011101
11001000011111000000000000111011101
11001000011011000001001111111011101
11001000010111000010011110111011101
11001000001111000011101101111011101
11001000001011000100111101011011101
11001000000111000110001100011011101
11001000000111000111011011111011101
11001000000011001000101011011011101
11000111111111001001111010111011101
11000111111011001011001010011011101
11000111111011001100011001111011101
11000111111011001101101001011011101
11000111110111001110111000111011101
11000111110111010000001000111011101
11000111110111010001011000011011101
11000111011011010010100111111011101
11000111011111010011110111111011101
11000111011111010101000111111011101
11000111011111010110010111111011101
11000111011111010111100111011011101
11000111100011011000110111011011101
11000111100111011010000110111011101
11000111100111011011010110111011101
11000111101011011100100110011011101
11000111101111011101110101111011101
11000111110011011111000101011011101
11000111110111100000010100111011101
11000111111011100001100100011011101
11000111111111100010110011111011101
11001000000111100100000010111011101
11001000001011100101010001111011101
11001000001010111110101110011011101
11001000000110111111111101011011101
11000111111111000001001100011011101
11000111111011000010011011111011101
11000111110111000011101011011011101
11000111110011000100111010111011101
11000111101111000110001010011011101
11000111101011000111011001111011101
11000111100111001000101001011011101
11000111100111001001111001011011101
11000111100011001011001000111011101
11000111011111001100011000111011101
11000111011111001101101000011011101
11000111011111001110111000011011101
11000111011111010000001000011011101
11000111011011010001011000011011101
11000111000011010010101000011011101
11000111000011010011111000011011101
11000111000011010101001000011011101
11000111000111010110011000011011101
11000111000111010111101000111011101
11000111000111011000111000111011101
11000111001011011010001000111011101
11000111001111011011011000111011101
11000111001111011100101000011011101
11000111010011011101111000011011101
11000111010111011111001000011011101
11000111011011100000010111111011101
11000111100011100001100111011011101
11000111100111100010110110111011101
11000111101011100100000110011011101
11000111110011100101010101111011101
11000111110010111110101010011011101
11000111101010111111111001111011101
11000111100111000001001001011011101
11000111100011000010011000111011101
11000111011011000011101000011011101
11000111010111000100110111111011101
11000111010011000110000111111011101
11000111001111000111010111111011101
11000111001111001000100111011011101
11000111001011001001110111011011101
11000111000111001011000111011011101
11000111000111001100010111011011101
11000111000111001101100111111011101
11000111000011001110110111111011101
11000111000011010000000111111011101
11000111000011010001010111111011101
11000110100111010010101000011011101
11000110100111010011111000111011101
11000110101011010101001000111011101
11000110101011010110011001011011101
11000110101011010111101001111011101
11000110101111011000111001111011101
11000110101111011010001010011011101
11000110110011011011011010011011101
11000110110111011100101010111011101
11000110111011011101111010111011101
11000110111111011111001010111011101
11000111000011100000011010111011101
11000111000111100001101010111011101
11000111001011100010111010011011101
11000111010011100100001001111011101
11000111010111100101011001011011101
11000111010110111110100110111011101
11000111010010111111110110011011101
11000111001011000001000101111011101
11000111000111000010010101011011101
11000111000011000011100101011011101
11000110111111000100110101011011101
11000110111011000110000101011011101
11000110110111000111010101011011101
11000110110011001000100101111011101
11000110101111001001110101111011101
11000110101111001011000110011011101
11000110101011001100010110011011101
11000110101011001101100110111011101
11000110101011001110110111011011101
11000110100111010000000111011011101
11000110100111010001010111111011101
11000110001111010010101000011011101
11000110001111010011111000111011101
11000110001111010101001001111011101
11000110001111010110011010011011101
11000110010011010111101010111011101
11000110010011011000111011011011101
11000110010111011010001011111011101
11000110011011011011011100011011101
11000110011011011100101100111011101
11000110011111011101111101011011101
11000110100011011111001101011011101
11000110100111100000011101111011101
11000110101011100001101101111011101
11000110110011100010111101111011101
11000110110111100100001101111011101
11000110111111100101011101011011101
11000110111110111110100010111011101
11000110110110111111110010011011101
11000110110011000001000010011011101
11000110101011000010010010011011101
11000110100111000011100010011011101
11000110100011000100110010111011101
11000110011111000110000010111011101
11000110011011000111010011011011101
11000110011011001000100011111011101
11000110010111001001110100011011101
11000110010011001011000100111011101
11000110010011001100010101011011101
11000110001111001101100101111011101
11000110001111001110110110011011101
11000110001111010000000111011011101
11000110001111010001010111111011101
11000101110011010010101000011011101
11000101110011010011111001011011101
11000101110111010101001010011011101
11000101110111010110011011011011101
11000101110111010111101011111011101
11000101111011011000111100111011101
11000101111011011010001101111011101
11000101111111011011011110011011101
11000110000011011100101110111011101
11000110000111011101111111011011101
11000110001011011111010000011011101
11000110001111100000100000011011101
11000110010011100001110000111011101
11000110010111100011000001011011101
11000110011111100100010001011011101
11000110100011100101100001011011101
11000110100010111110011110111011101
11000110011110111111101110111011101
11000110010111000000111110111011101
11000110010011000010001111011011101
11000110001111000011011111111011101
11000110001011000100101111111011101
11000110000111000110000000111011101
11000110000011000111010001011011101
11000101111111001000100001111011101
11000101111011001001110010011011101
11000101111011001011000011011011101
11000101110111001100010100011011101
11000101110111001101100100111011101
11000101110111001110110101111011101
11000101110011010000000110111011101
11000101110011010001010111111011101
11000101011011010010101000111011101
11000101011011010011111001111011101
11000101011011010101001010111011101
11000101011011010110011100011011101
11000101011111010111101101011011101
11000101011111011000111110011011101
11000101100011011010001111011011101
11000101100011011011100000011011101
11000101100111011100110001011011101
11000101101011011110000001111011101
11000101101111011111010010111011101
11000101110011100000100011011011101
11000101110111100001110011111011101
11000101111111100011000100111011101
11000110000011100100010100111011101
11000110001011100101100101011011101
11000110001010111110011010111011101
11000110000010111111101011011011101
11000101111111000000111011011011101
11000101110111000010001100011011101
11000101110011000011011100111011101
11000101101111000100101101011011101
11000101101011000101111110011011101
11000101100111000111001110111011101
11000101100011001000011111111011101
11000101100011001001110000111011101
11000101011111001011000001111011101
11000101011111001100010010111011101
11000101011011001101100011111011101
11000101011011001110110101011011101
11000101011011010000000110011011101
11000101011011010001010111011011101
11000100111111010010101000111011101
11000100111111010011111010011011101
11000100111111010101001011111011101
11000101000011010110011100111011101
11000101000011010111101110011011101
11000101000111011000111111111011101
11000101000111011010010000111011101
11000101001011011011100010011011101
11000101001111011100110011011011101
11000101010011011110000100011011101
11000101010111011111010101011011101
11000101011011100000100110011011101
11000101011111100001110111011011101
11000101100011100011000111111011101
11000101101011100100011000111011101
11000101101111100101101001011011101
11000101101110111110010110111011101
11000101101010111111100111011011101
11000101100011000000111000011011101
11000101011111000010001000111011101
11000101011011000011011001111011101
11000101010111000100101010111011101
11000101010011000101111011111011101
11000101001111000111001100111011101
11000101001011001000011101111011101
11000101000111001001101111011011101
11000101000111001011000000011011101
11000101000011001100010001111011101
11000101000011001101100011011011101
11000100111111001110110100011011101
11000100111111010000000101111011101
11000100111111010001010111011011101
