1000011101
1000011101
1010011101
1011011101
1101011101
1111011101
0000011101
0010011101
0100011101
0101011101
0111011101
0111011101
0111011101
0111011101
0111011101
0111011101
0111011101
0111011101
0111011101
0111011101
0111011101
0111011101
0111011101
0111011101
0111011101
0111011101
0111011101
0111011101
0111011101
0111011101
0111011101
0111011101
1000100001
1000100001
1000100001
1000100001
1000100001
1000100001
1000100001
1000100001
1000100001
1000100001
1000100001
1000100001
1000100001
1000100001
1000100001
1000100001
1000100001
1000100001
1000100001
1000100001
1000100001
1000100001
1000100001
1000101001
1000101101
1000110101
1000111101
1000000001
1000001001
1000010001
1000010101
1000011101
1000011101
1000011101
1010011101
1011011101
1101011101
1111011101
0000011101
0010011101
0100011101
0101011101
0111011101
0111011101
0111011101
0111011101
0111011101
0111011101
0111011101
0111011101
0111011101
0111011101
0111011101
0111011101
0111011101
0111011101
0111011101
0111011101
0111011101
0111011101
0111011101
0111011101
0111011101
0111011101
1000100001
1000100001
1000100001
1000100001
1000100001
1000100001
1000100001
1000100001
1000100001
1000100001
1000100001
1000100001
1000100001
1000100001
1000100001
1000100001
1000100001
1000100001
1000100001
1000100001
1000100001
1000100001
1000100001
1000101001
1000101101
1000110101
1000111101
1000000001
1000001001
1000010001
1000010101
1000011101
1000011101
1000011101
1010011101
1011011101
1101011101
1111011101
0000011101
0010011101
0100011101
0101011101
0111011101
0111011101
0111011101
0111011101
0111011101
0111011101
0111011101
0111011101
0111011101
0111011101
0111011101
0111011101
0111011101
0111011101
0111011101
0111011101
0111011101
0111011101
0111011101
0111011101
0111011101
0111011101
1000100011
1000100001
1000100001
1000100001
1000100001
1000100001
1000100001
1000100001
1000100001
1000100001
1000100001
1000100001
1000100001
1000100001
1000100001
1000100001
1000100001
1000100001
1000100001
1000100001
1000100001
1000100001
1000100001
1000101001
1000101101
1000110101
1000111101
1000000001
1000001001
1000010001
1000010101
1000011101
1000011101
1000011101
1010011101
1011011101
1101011101
1111011101
0000011101
0010011101
0100011101
0101011101
0111011101
0111011101
0111011101
0111011101
0111011101
0111011101
0111011101
0111011101
0111011101
0111011101
0111011101
0111011101
0111011101
0111011101
0111011101
0111011101
0111011101
0111011101
0111011101
0111011101
0111011101
0111011101
1000100011
1000100011
1000100011
1000100001
1000100001
1000100001
1000100001
1000100001
1000100001
1000100001
1000100001
1000100001
1000100001
1000100001
1000100001
1000100001
1000100001
1000100001
1000100001
1000100001
1000100001
1000100001
1000100001
1000101001
1000101101
1000110101
1000111101
1000000001
1000001001
1000010001
1000010101
1000011101
1000011101
1000011101
1010011101
1011011101
1101011101
1111011101
0000011101
0010011101
0100011101
0101011101
0111011101
0111011101
0111011101
0111011101
0111011101
0111011101
0111011101
0111011101
0111011101
0111011101
0111011101
0111011101
0111011101
0111011101
0111011101
0111011101
0111011101
0111011101
0111011101
0111011101
0111011101
0111011101
1000100011
1000100011
1000100011
1000100011
1000100001
1000100001
1000100001
1000100001
1000100001
1000100001
1000100001
1000100001
1000100001
1000100001
1000100001
1000100001
1000100001
1000100001
1000100001
1000100001
1000100001
1000100001
1000100001
1000101001
1000101101
1000110101
1000111101
1000000001
1000001001
1000010001
1000010101
1000011101
1000011101
1000011101
1010011101
1011011101
1101011101
1111011101
0000011101
0010011101
0100011101
0101011101
0111011101
0111011101
0111011101
0111011101
0111011101
0111011101
0111011101
0111011101
0111011101
0111011101
0111011101
0111011101
0111011101
0111011101
0111011101
0111011101
0111011101
0111011101
0111011101
0111011101
0111011101
0111011101
1000100011
1000100011
1000100011
1000100011
1000100011
1000100011
1000100001
1000100001
1000100001
1000100001
1000100001
1000100001
1000100001
1000100001
1000100001
1000100001
1000100001
1000100001
1000100001
1000100001
1000100001
1000100001
1000100001
1000101001
1000101101
1000110101
1000111101
1000000001
1000001001
1000010001
1000010101
1000011101
1000011101
1000011101
1010011101
1011011101
1101011101
1111011101
0000011101
0010011101
0100011101
0101011101
0111011101
0111011101
0111011101
0111011101
0111011101
0111011101
0111011101
0111011101
0111011101
0111011101
0111011101
0111011101
0111011101
0111011101
0111011101
0111011101
0111011101
0111011101
0111011101
0111011101
0111011101
0111011101
1000100011
1000100011
1000100011
1000100011
1000100011
1000100011
1000100011
1000100001
1000100001
1000100001
1000100001
1000100001
1000100001
1000100001
1000100001
1000100001
1000100001
1000100001
1000100001
1000100001
1000100001
1000100001
1000100001
1000101001
1000101101
1000110101
1000111101
1000000001
1000001001
1000010001
1000010101
1000011101
1000011101
1000011101
1010011101
1011011101
1101011101
1111011101
0000011101
0010011101
0100011101
0101011101
0111011101
0111011101
0111011101
0111011101
0111011101
0111011101
0111011101
0111011101
0111011101
0111011101
0111011101
0111011101
0111011101
0111011101
0111011101
0111011101
0111011101
0111011101
0111011101
0111011101
0111011101
0111011101
1000100011
1000100011
1000100011
1000100011
1000100011
1000100011
1000100011
1000100011
1000100011
1000100001
1000100001
1000100001
1000100001
1000100001
1000100001
1000100001
1000100001
1000100001
1000100001
1000100001
1000100001
1000100001
1000100001
1000101001
1000101101
1000110101
1000111101
1000000001
1000001001
1000010001
1000010101
1000011101
1000011101
1000011101
1010011101
1011011101
1101011101
1111011101
0000011101
0010011101
0100011101
0101011101
0111011101
0111011101
0111011101
0111011101
0111011101
0111011101
0111011101
0111011101
0111011101
0111011101
0111011101
0111011101
0111011101
0111011101
0111011101
0111011101
0111011101
0111011101
0111011101
0111011101
0111011101
0111011101
1000100001
1000100001
1000100001
1000100001
1000100001
1000100001
1000100001
1000100001
1000100001
1000100001
1000100001
1000100001
1000100001
1000100001
1000100001
1000100001
1000100001
1000100001
1000100001
1000100001
1000100001
1000100001
1000100001
1000101001
1000101101
1000110101
1000111101
1000000001
1000001001
1000010001
1000010101
1000011101
1000011101
1000011101
1010011101
1011011101
1101011101
1111011101
0000011101
0010011101
0100011101
0101011101
0111011101
0111011101
0111011101
0111011101
0111011101
0111011101
0111011101
0111011101
0111011101
0111011101
0111011101
0111011101
0111011101
0111011101
0111011101
0111011101
0111011101
0111011101
0111011101
0111011101
0111011101
0111011101
1000100001
1000100001
1000100001
1000100001
1000100001
1000100001
1000100001
1000100001
1000100001
1000100001
1000100001
1000100001
1000100001
1000100001
1000100001
1000100001
1000100001
1000100001
1000100001
1000100001
1000100001
1000100001
1000100001
1000101001
1000101101
1000110101
1000111101
1000000001
1000001001
1000010001
1000010101
1000011101
1000011101
1000011101
1010011101
1011011101
1101011101
1111011101
0000011101
0010011101
0100011101
0101011101
0111011101
0111011101
0111011101
0111011101
0111011101
0111011101
0111011101
0111011101
0111011101
0111011101
0111011101
0111011101
0111011101
0111011101
0111011101
0111011101
0111011101
0111011101
0111011101
0111011101
0111011101
0111011101
1000100001
1000100001
1000100001
1000100001
1000100001
1000100001
1000100001
1000100001
1000100001
1000100001
1000100001
1000100001
1000100001
1000100001
1000100001
1000100001
1000100001
1000100001
1000100001
1000100001
1000100001
1000100001
1000100001
1000101001
1000101101
1000110101
1000111101
1000000001
1000001001
1000010001
1000010101
1000011101
1000011101
1000011101
1010011101
1011011101
1101011101
1111011101
0000011101
0010011101
0100011101
0101011101
0111011101
0111011101
0111011101
0111011101
0111011101
0111011101
0111011101
0111011101
0111011101
0111011101
0111011101
0111011101
0111011101
0111011101
0111011101
0111011101
0111011101
0111011101
0111011101
0111011101
0111011101
0111011101
1000100001
1000100001
1000100001
1000100001
1000100001
1000100001
1000100001
1000100001
1000100001
1000100001
1000100001
1000100001
1000100001
1000100001
1000100001
1000100001
1000100001
1000100001
1000100001
1000100001
1000100001
1000100001
1000100001
1000101001
1000101101
1000110101
1000111101
1000000001
1000001001
1000010001
1000010101
1000011101
1000011101
1000011101
1010011101
1011011101
1101011101
1111011101
0000011101
0010011101
0100011101
0101011101
0111011101
0111011101
0111011101
0111011101
0111011101
0111011101
0111011101
0111011101
0111011101
0111011101
0111011101
0111011101
0111011101
0111011101
0111011101
0111011101
0111011101
0111011101
0111011101
0111011101
0111011101
0111011101
1000100001
1000100001
1000100001
1000100001
1000100001
1000100001
1000100001
1000100001
1000100001
1000100001
1000100001
1000100001
1000100001
1000100001
1000100001
1000100001
1000100001
1000100001
1000100001
1000100001
1000100001
1000100001
1000100001
1000101001
1000101101
1000110101
1000111101
1000000001
1000001001
1000010001
1000010101
1000011101
1000011101
1000011101
1010011101
1011011101
1101011101
1111011101
0000011101
0010011101
0100011101
0101011101
0111011101
0111011101
0111011101
0111011101
0111011101
0111011101
0111011101
0111011101
0111011101
0111011101
0111011101
0111011101
0111011101
0111011101
0111011101
0111011101
0111011101
0111011101
0111011101
0111011101
0111011101
0111011101
1000100001
1000100001
1000100001
1000100001
1000100001
1000100001
1000100001
1000100001
1000100001
1000100001
1000100001
1000100001
1000100001
1000100001
1000100001
1000100001
1000100001
1000100001
1000100001
1000100001
1000100001
1000100001
1000100001
1000101001
1000101101
1000110101
1000111101
1000000001
1000001001
1000010001
1000010101
1000011101
1000011101
1000011101
1010011101
1011011101
1101011101
1111011101
0000011101
0010011101
0100011101
0101011101
0111011101
0111011101
0111011101
0111011101
0111011101
0111011101
0111011101
0111011101
0111011101
0111011101
0111011101
0111011101
0111011101
0111011101
0111011101
0111011101
0111011101
0111011101
0111011101
0111011101
0111011101
0111011101
1000100001
1000100001
1000100001
1000100001
1000100001
1000100001
1000100001
1000100001
1000100001
1000100001
1000100001
1000100001
1000100001
1000100001
1000100001
1000100001
1000100001
1000100001
1000100001
1000100001
1000100001
1000100001
1000100001
1000101001
1000101101
1000110101
1000111101
1000000001
1000001001
1000010001
1000010101
1000011101
1000011101
1000011101
1010011101
1011011101
1101011101
1111011101
0000011101
0010011101
0100011101
0101011101
0111011101
0111011101
0111011101
0111011101
0111011101
0111011101
0111011101
0111011101
0111011101
0111011101
0111011101
0111011101
0111011101
0111011101
0111011101
0111011101
0111011101
0111011101
0111011101
0111011101
0111011101
0111011101
1000100001
1000100001
1000100001
1000100001
1000100001
1000100001
1000100001
1000100001
1000100001
1000100001
1000100001
1000100001
1000100001
1000100001
1000100001
1000100001
1000100001
1000100001
1000100001
1000100001
1000100001
1000100001
1000100001
1000101001
1000101101
1000110101
1000111101
1000000001
1000001001
1000010001
1000010101
1000011101
