10100011000000100111101110011111111
10100011000000101001011100111111111
10100011000000101011001011011111111
10100011000100101100111001111111111
10100011000100101110101000011111111
10100011001000110000010110011111111
10100011001100110010000100111111111
10100011010000110011110010111111111
10100011010100110101100000111111111
10100011011000110111001110011111111
10100011011100111000111011111111111
10100011100100111010101001011111111
10100011101100111100010110011111111
10100011110000111110000011011111111
10100011111000111111101111111111111
10100100000001000001011100011111111
10100100000000001100010001011111111
10100011111000001101111101111111111
10100011110000001111101010011111111
10100011101100010001010111011111111
10100011100100010011000100011111111
10100011011100010100110001111111111
10100011011000010110011111011111111
10100011010100011000001101011111111
10100011010000011001111011011111111
10100011001100011011101001011111111
10100011001000011101010111011111111
10100011000100011111000101111111111
10100011000100100000110100011111111
10100011000000100010100010111111111
10100011000000100100010001011111111
10100011000000100101111111111111111
10100010101000100111101110011111111
10100010101000101001011101011111111
10100010101000101011001100011111111
10100010101000101100111011011111111
10100010101100101110101010011111111
10100010110000110000011000111111111
10100010110000110010000111111111111
10100010110100110011110110011111111
10100010111000110101100100111111111
10100011000000110111010010111111111
10100011000100111001000000111111111
10100011001000111010101110111111111
10100011010000111100011100011111111
10100011011000111110001001111111111
10100011100000111111110110111111111
10100011101001000001100011111111111
10100011101000001100001010011111111
10100011100000001101110110111111111
10100011011000001111100100011111111
10100011010000010001010001011111111
10100011001000010010111111011111111
10100011000100010100101100111111111
10100011000000010110011010111111111
10100010111000011000001001011111111
10100010110100011001110111111111111
10100010110000011011100110011111111
10100010110000011101010100111111111
10100010101100011111000011111111111
10100010101000100000110010011111111
10100010101000100010100001011111111
10100010101000100100010000011111111
10100010101000100101111111011111111
10100010001100100111101110111111111
10100010001100101001011110011111111
10100010001100101011001101111111111
10100010010000101100111101011111111
10100010010000101110101100011111111
10100010010100110000011011111111111
10100010011000110010001010111111111
10100010011100110011111001111111111
10100010100000110101101000111111111
10100010100100110111010111011111111
10100010101000111001000101111111111
10100010110000111010110100011111111
10100010111000111100100010011111111
10100010111100111110010000011111111
10100011000100111111111101111111111
10100011001101000001101010111111111
10100011001100001100000010111111111
10100011000100001101110000011111111
10100010111100001111011101111111111
10100010111000010001001011011111111
10100010110000010010111001111111111
10100010101000010100100111111111111
10100010100100010110010110011111111
10100010100000011000000101011111111
10100010011100011001110011111111111
10100010011000011011100010111111111
10100010010100011101010010011111111
10100010010000011111000001011111111
10100010010000100000110000111111111
10100010001100100010100000011111111
10100010001100100100001111111111111
10100010001100100101111111011111111
10100001110000100111101110111111111
10100001110100101001011110111111111
10100001110100101011001110111111111
10100001110100101100111110111111111
10100001111000101110101110111111111
10100001111000110000011110011111111
10100001111100110010001101111111111
10100010000000110011111101011111111
10100010000100110101101100111111111
10100010001100110111011011111111111
10100010010000111001001010111111111
10100010010100111010111001111111111
10100010011100111100101000011111111
10100010100100111110010110111111111
10100010101101000000000100111111111
10100010110101000001110010011111111
10100010110100001011111011011111111
10100010101100001101101001011111111
10100010100100001111010111011111111
10100010011100010001000101011111111
10100010010100010010110011111111111
10100010010000010100100010111111111
10100010001100010110010001111111111
10100010000100011000000000111111111
10100010000000011001110000011111111
10100001111100011011011111111111111
10100001111000011101001111011111111
10100001111000011110111111011111111
10100001110100100000101111011111111
10100001110100100010011110111111111
10100001110100100100001110111111111
10100001110000100101111110111111111
10100001011000100111101111011111111
10100001011000101001011111111111111
10100001011000101011010000011111111
10100001011100101101000000011111111
10100001011100101110110000111111111
10100001100000110000100000111111111
10100001100100110010010001011111111
10100001101000110100000001011111111
10100001101100110101110000111111111
10100001110000110111100000111111111
10100001110100111001010000011111111
10100001111100111010111111011111111
10100010000000111100101110011111111
10100010001000111110011101011111111
10100010010001000000001011111111111
10100010011001000001111001111111111
10100010011000001011110011111111111
10100010010000001101100010011111111
10100010001000001111010000111111111
10100010000000010000111111011111111
10100001111100010010101110011111111
10100001110100010100011101111111111
10100001110000010110001101011111111
10100001101100010111111100111111111
10100001101000011001101100111111111
10100001100100011011011100111111111
10100001100000011101001100111111111
10100001011100011110111100111111111
10100001011100100000101101011111111
10100001011000100010011101111111111
10100001011000100100001110011111111
10100001011000100101111110111111111
10100000111100100111101111011111111
10100000111100101001100000011111111
10100001000000101011010001011111111
10100001000000101101000010011111111
10100001000100101110110010111111111
10100001000100110000100011111111111
10100001001000110010010100011111111
10100001001100110100000100111111111
10100001010000110101110101011111111
10100001010100110111100101011111111
10100001011100111001010101011111111
10100001100000111011000100111111111
10100001101000111100110100011111111
10100001110000111110100011111111111
10100001111001000000010010111111111
10100010000001000010000001011111111
10100010000000001011101100011111111
10100001111000001101011011011111111
10100001110000001111001010011111111
10100001101000010000111001011111111
10100001100000010010101000111111111
10100001011100010100011000011111111
10100001010100010110001000011111111
10100001010000010111111000111111111
10100001001100011001101000111111111
10100001001000011011011001011111111
10100001000100011101001001111111111
10100001000100011110111010111111111
10100001000000100000101011111111111
10100001000000100010011100011111111
10100000111100100100001101011111111
10100000111100100101111110011111111
10100000100100100111101111111111111
10100000100100101001100001011111111
10100000100100101011010010111111111
10100000101000101101000011111111111
10100000101000101110110101011111111
10100000101100110000100110011111111
10100000110000110010010111111111111
10100000110100110100001000111111111
10100000111000110101111001011111111
10100000111100110111101001111111111
10100001000000111001011010011111111
10100001001000111011001010111111111
10100001001100111100111010111111111
10100001010100111110101010011111111
10100001011101000000011001111111111
10100001100101000010001000111111111
10100001100100001011100100111111111
10100001011100001101010011111111111
10100001010100001111000011011111111
10100001001100010000110011011111111
10100001001000010010100011011111111
10100001000000010100010011011111111
10100000111100010110000011111111111
10100000111000010111110100011111111
10100000110100011001100101011111111
10100000110000011011010110011111111
10100000101100011101000111011111111
10100000101000011110111000011111111
10100000101000100000101001111111111
10100000100100100010011011011111111
10100000100100100100001100111111111
10100000100100100101111110011111111
10100000001000100111101111111111111
10100000001000101001100001111111111
10100000001100101011010011111111111
10100000001100101101000101111111111
10100000010000101110110111111111111
10100000010000110000101001011111111
10100000010100110010011010111111111
10100000011000110100001100011111111
10100000011100110101111101111111111
10100000100000110111101110111111111
10100000101000111001011111111111111
10100000101100111011010000011111111
10100000110100111101000000111111111
10100000111100111110110001011111111
10100001000101000000100000111111111
10100001001101000010010000111111111
10100001001100001011011101011111111
10100001000100001101001100111111111
10100000111100001110111100111111111
10100000110100010000101100111111111
10100000101100010010011101011111111
10100000101000010100001110011111111
10100000100000010101111110111111111
10100000011100010111110000011111111
10100000011000011001100001011111111
10100000010100011011010010111111111
10100000010000011101000100011111111
10100000010000011110110110011111111
10100000001100100000101000011111111
10100000001100100010011001111111111
10100000001000100100001011111111111
10100000001000100101111101111111111
10100110010100100111101100011111111
10100110010100101001010111011111111
10100110010100101011000001111111111
10100110010100101100101100111111111
10100110011000101110010111011111111
10100110011000110000000010011111111
10100110011100110001101100111111111
10100110100000110011010111011111111
10100110100100110101000001011111111
10100110101000110110101011011111111
10100110110000111000010101011111111
10100110110100111001111111011111111
10100110111100111011101000111111111
10100111000000111101010010011111111
10100111001000111110111011011111111
10100111010001000000100100011111111
10100111010000001101001001011111111
10100111001000001110110010011111111
10100111000000010000011011011111111
10100110111100010010000100111111111
10100110110100010011101110011111111
10100110110000010101011000011111111
10100110101000010111000010011111111
10100110100100011000101100011111111
10100110100000011010010110111111111
10100110011100011100000001011111111
10100110011000011101101011111111111
10100110011000011111010110011111111
10100110010100100001000000111111111
10100110010100100010101011111111111
10100110010100100100010110111111111
10100110010100100110000001011111111
10100101111000100111101100111111111
10100101111000101001010111111111111
10100101111000101011000011011111111
10100101111100101100101110011111111
10100101111100101110011001011111111
10100110000000110000000100111111111
10100110000100110001101111111111111
10100110001000110011011010011111111
10100110001100110101000101011111111
10100110010000110110101111111111111
10100110010100111000011010011111111
10100110011100111010000100011111111
10100110100000111011101110011111111
10100110101000111101011000011111111
10100110110000111111000001111111111
10100110111001000000101011011111111
10100110111000001101000010111111111
10100110110000001110101011111111111
10100110101000010000010101111111111
10100110100000010001111111011111111
10100110011100010011101001011111111
10100110010100010101010011111111111
10100110010000010110111110011111111
10100110001100011000101000111111111
10100110001000011010010011011111111
10100110000100011011111110011111111
10100110000000011101101001011111111
10100101111100011111010100011111111
10100101111100100000111111011111111
10100101111000100010101010111111111
10100101111000100100010101111111111
10100101111000100110000001011111111
10100101011100100111101100111111111
10100101100000101001011000011111111
10100101100000101011000100011111111
10100101100000101100101111111111111
10100101100100101110011011011111111
10100101100100110000000111011111111
10100101101000110001110010011111111
10100101101100110011011101111111111
10100101110000110101001000111111111
10100101110100110110110011111111111
10100101111100111000011110111111111
10100110000000111010001001011111111
10100110001000111011110011111111111
10100110001100111101011110011111111
10100110010100111111001000011111111
10100110011101000000110001111111111
10100110011100001100111011111111111
10100110010100001110100101111111111
10100110001100010000001111111111111
10100110001000010001111001111111111
10100110000000010011100100011111111
10100101111100010101001110111111111
10100101110100010110111001111111111
10100101110000011000100100111111111
10100101101100011010001111111111111
10100101101000011011111011011111111
10100101100100011101100110111111111
10100101100100011111010010011111111
10100101100000100000111101111111111
10100101100000100010101001111111111
10100101100000100100010101011111111
10100101011100100110000000111111111
10100101000100100111101100111111111
10100101000100101001011001011111111
10100101000100101011000101011111111
10100101001000101100110001011111111
10100101001000101110011101111111111
10100101001100110000001001111111111
10100101010000110001110101011111111
10100101010100110011100001011111111
10100101011000110101001100111111111
10100101011100110110111000011111111
10100101100000111000100011111111111
10100101101000111010001110111111111
10100101101100111011111001111111111
10100101110100111101100100011111111
10100101111100111111001110111111111
10100110000101000000111000111111111
10100110000100001100110100111111111
10100101111100001110011111011111111
10100101110100010000001001011111111
10100101101100010001110100011111111
10100101101000010011011111011111111
10100101100000010101001010011111111
10100101011100010110110101011111111
10100101011000011000100000111111111
10100101010100011010001100111111111
10100101010000011011111000011111111
10100101001100011101100100011111111
10100101001000011111010000011111111
10100101001000100000111100011111111
10100101000100100010101000011111111
10100101000100100100010100111111111
10100101000100100110000000111111111
10100100101000100111101101011111111
10100100101000101001011001111111111
10100100101100101011000110011111111
10100100101100101100110011011111111
10100100110000101110011111111111111
10100100110000110000001100011111111
10100100110100110001111000011111111
10100100111000110011100100111111111
10100100111100110101010000111111111
10100101000000110110111100111111111
10100101001000111000101000011111111
10100101001100111010010011111111111
10100101010100111011111111011111111
10100101011000111101101010011111111
10100101100000111111010101011111111
10100101101001000000111111111111111
10100101101000001100101101111111111
10100101100000001110011000011111111
10100101011000010000000011011111111
10100101010100010001101110011111111
10100101001100010011011001111111111
10100101001000010101000101011111111
10100101000000010110110001011111111
10100100111100011000011101011111111
10100100111000011010001001011111111
10100100110100011011110101011111111
10100100110000011101100001111111111
10100100110000011111001110011111111
10100100101100100000111010111111111
10100100101100100010100111011111111
10100100101000100100010011111111111
10100100101000100110000000111111111
10100100010000100111101101011111111
10100100010000101001011010111111111
10100100010000101011000111111111111
10100100010100101100110100111111111
10100100010100101110100001111111111
10100100011000110000001110111111111
10100100011100110001111011011111111
10100100011100110011101000011111111
10100100100100110101010100111111111
10100100101000110111000000111111111
10100100101100111000101101011111111
10100100110000111010011001011111111
10100100111000111100000100111111111
10100101000000111101110000111111111
10100101001000111111011011111111111
10100101010001000001000110111111111
10100101010000001100100110111111111
10100101001000001110010001111111111
10100101000000001111111101011111111
10100100111000010001101000111111111
10100100110000010011010100111111111
10100100101100010101000000111111111
10100100101000010110101100111111111
10100100100100011000011001011111111
10100100011100011010000101111111111
10100100011100011011110010011111111
10100100011000011101011111011111111
10100100010100011111001100011111111
10100100010100100000111001011111111
10100100010000100010100110011111111
10100100010000100100010011011111111
10100100010000100110000000011111111
10100011110100100111101101111111111
10100011110100101001011011011111111
10100011111000101011001000111111111
10100011111000101100110110011111111
10100011111100101110100011111111111
10100011111100110000010001011111111
10100100000000110001111110011111111
10100100000100110011101011111111111
10100100001000110101011000111111111
10100100001100110111000101011111111
10100100010100111000110010011111111
10100100011000111010011110011111111
10100100100000111100001010111111111
10100100100100111101110110111111111
10100100101100111111100010011111111
10100100110101000001001101111111111
10100100110100001100011111111111111
10100100101100001110001011011111111
10100100100100001111110110111111111
10100100100000010001100011011111111
10100100011000010011001111011111111
10100100010100010100111011111111111
10100100001100010110101000011111111
10100100001000011000010101011111111
10100100000100011010000010011111111
10100100000000011011101111011111111
10100011111100011101011100111111111
10100011111100011111001001111111111
10100011111000100000110111011111111
10100011111000100010100100111111111
10100011110100100100010010011111111
10100011110100100110000000011111111
10100011011100100111101101111111111
10100011011100101001011011111111111
10100011011100101011001001111111111
10100011011100101100110111111111111
10100011100000101110100101111111111
10100011100100110000010011111111111
10100011100100110010000001011111111
10100011101000110011101111011111111
10100011101100110101011100111111111
10100011110100110111001001111111111
10100011111000111000110110111111111
10100011111100111010100011111111111
10100100000100111100010000111111111
10100100001100111101111100111111111
10100100010100111111101001011111111
10100100011101000001010101011111111
10100100011100001100011000111111111
10100100010100001110000100111111111
10100100001100001111110000111111111
10100100000100010001011101011111111
10100011111100010011001001111111111
10100011111000010100110110111111111
10100011110100010110100011111111111
10100011101100011000010001011111111
10100011101000011001111110111111111
10100011100100011011101100011111111
10100011100100011101011001111111111
10100011100000011111000111111111111
10100011011100100000110101111111111
10100011011100100010100011111111111
10100011011100100100010001111111111
10100011011100100101111111111111111
