10100010011000111001101111011101110
10100010011100111101001101111101110
10100010100001000000101011111101110
10100010100101000100001001111101110
10100010110001000111100111011101110
10100010111001001011000011111101110
10100011001001001110011111011101110
10100011010101010001111010011101110
10100011010100011110000101111101110
10100011001000100001100000111101110
10100010111000100100111100011101110
10100010110000101000011000111101110
10100010100100101011110110011101110
10100010100000101111010100011101110
10100010011100110010110010011101110
10100010011000110110010000111101110
10100010000000111001101111111101110
10100010000000111101001111011101110
10100010000101000000101110011101110
10100010001101000100001101011101110
10100010010101000111101011011101110
10100010100001001011001000111101110
10100010101101001110100101111101110
10100010111101010010000001011101110
10100010111100011101111110111101110
10100010101100100001011010011101110
10100010100000100100110111011101110
10100010010100101000010100111101110
10100010001100101011110010111101110
10100010000100101111010001111101110
10100010000000110010110000111101110
10100010000000110110010000011101110
10100001100100111001110000011101110
10100001101000111101010000111101110
10100001101101000000110000111101110
10100001110001000100010000111101110
10100001111101000111101111111101110
10100010000101001011001110011101110
10100010010001001110101011111101110
10100010100001010010001000011101110
10100010100000011101110111111101110
10100010010000100001010100011101110
10100010000100100100110001111101110
10100001111100101000010000011101110
10100001110000101011101111011101110
10100001101100101111001111011101110
10100001101000110010101111011101110
10100001100100110110001111111101110
10100001001000111001110000111101110
10100001001100111101010010011101110
10100001010001000000110011011101110
10100001011001000100010100011101110
10100001100001000111110100011101110
10100001101101001011010011111101110
10100001111001001110110010011101110
10100010001001010010001111111101110
10100010001000011101110000011101110
10100001111000100001001101111101110
10100001101100100100101100011101110
10100001100000101000001011111101110
10100001011000101011101011111101110
10100001010000101111001100111101110
10100001001100110010101101111101110
10100001001000110110001111011101110
10100000110000111001110001011101110
10100000110000111101010011111101110
10100000111001000000110101111101110
10100000111101000100010111111101110
10100001000101000111111000111101110
10100001010001001011011001011101110
10100001011101001110111000111101110
10100001101101010010010111011101110
10100001101100011101101000111101110
10100001011100100001000111011101110
10100001010000100100100110111101110
10100001000100101000000111011101110
10100000111100101011101000011101110
10100000111000101111001010011101110
10100000110000110010101100011101110
10100000110000110110001110111101110
10100000010100111001110001111101110
10100000011000111101010101011101110
10100000011101000000111000011101110
10100000100101000100011011011101110
10100000101101000111111101011101110
10100000111001001011011110111101110
10100001000101001110111111011101110
10100001010101010010011110011101110
10100001010100011101100001111101110
10100001000100100001000000111101110
10100000111000100100100001011101110
10100000101100101000000010111101110
10100000100100101011100100111101110
10100000011100101111000111111101110
10100000011000110010101010111101110
10100000010100110110001110011101110
10011111111100111001110010011101110
10011111111100111101010110111101110
10100000000001000000111010111101110
10100000001001000100011110111101110
10100000010001001000000001111101110
10100000011101001011100100011101110
10100000101001001111000101111101110
10100000111001010010100101111101110
10100000111000011101011010011101110
10100000101000100000111010011101110
10100000011100100100011011111101110
10100000010000100111111110011101110
10100000001000101011100001011101110
10100000000000101111000101011101110
10011111111100110010101001011101110
10011111111100110110001101111101110
10011111100000111001110010111101110
10011111100100111101011000011101110
10011111101001000000111101011101110
10011111110001000100100010011101110
10011111111001001000000110011101110
10100000000101001011101001111101110
10100000010001001111001100011101110
10100000100001010010101101011101110
10100000100000011101010010111101110
10100000010000100000110011111101110
10100000000100100100010110011101110
10011111111000100111111001111101110
10011111110000101011011101111101110
10011111101000101111000010111101110
10011111100100110010100111111101110
10011111100000110110001101011101110
10011111001000111001110011011101110
10011111001000111101011001111101110
10011111001101000000111111111101110
10011111010101000100100101111101110
10011111011101001000001010111101110
10011111101001001011101111011101110
10011111110101001111010010111101110
10100000000101010010110100111101110
10100000000100011101001011011101110
10011111110100100000101101011101110
10011111101000100100010000111101110
10011111011100100111110101011101110
10011111010100101011011010011101110
10011111001100101111000000011101110
10011111001000110010100110011101110
10011111001000110110001100111101110
10011110101100111001110011111101110
10011110110000111101011011011101110
10011110110101000001000010111101110
10011110111101000100101001011101110
10011111000101001000001111111101110
10011111010001001011110100111101110
10011111011101001111011001011101110
10011111101101010010111100111101110
10011111101100011101000011011101110
10011111011100100000100110111101110
10011111010000100100001011011101110
10011111000100100111110000011101110
10011110111100101011010110111101110
10011110110100101110111101011101110
10011110110000110010100100111101110
10011110101100110110001100011101110
10011110010100111001110100011101110
10011110010100111101011100111101110
10011110011001000001000101011101110
10011110100001000100101101011101110
10011110101001001000010100011101110
10011110110101001011111010111101110
10011111000001001111100000011101110
10011111010001010011000100011101110
10011111010000011100111011111101110
10011111000000100000011111111101110
10011110110100100100000101011101110
10011110101000100111101011111101110
10011110100000101011010010111101110
10011110011000101110111010111101110
10011110010100110010100011011101110
10011110010100110110001011111101110
10011101111000111001110100111101110
10011101111100111101011110111101110
10011110000001000001000111111101110
10011110000101000100110000111101110
10011110010001001000011001011101110
10011110011101001100000000011101110
10011110101001001111100110111101110
10011110111001010011001100011101110
10011110111000011100110011111101110
10011110101000100000011001011101110
10011110011100100011111111111101110
10011110010000100111100110111101110
10011110000100101011001111011101110
10011110000000101110111000011101110
10011101111100110010100001011101110
10011101111000110110001011011101110
10011101011100111001110101011101111
10011101100000111101100000011101110
10011101100101000001001010111101110
10011101101101000100110100011101110
10011101110101001000011101111101110
10011110000001001100000110011101110
10011110001101001111101101111101110
10011110011101010011010100011101110
10011110011100011100101011111101110
10011110001100100000010010011101110
10011110000000100011111001111101110
10011101110100100111100010011101110
10011101101100101011001011111101110
10011101100100101110110101011101110
10011101100000110010011111111101110
10011101011100110110001010111101111
10011101000100111001110101111101111
10011101001000111101100001111101111
10011101001101000001001101011101111
10011101010001000100111000011101111
10011101011101001000100010111101111
10011101101001001100001100011101110
10011101110101001111110100111101110
10011110000101010011011011111101110
10011110000100011100100100011101110
10011101110100100000001011011101110
10011101101000100011110011111101110
10011101011100100111011101011101111
10011101010000101011000111111101111
10011101001100101110110010111101111
10011101001000110010011110011101111
10011101000100110110001010011101111
10011100101000111001110110011101111
10011100101100111101100011011101111
10011100110001000001001111111101111
10011100111001000100111100011101111
10011101000001001000100111111101111
10011101001101001100010010011101111
10011101011001001111111011111101111
10011101101001010011100011111101110
10011101101000011100011100011101110
10011101011000100000000100011101111
10011101001100100011101101111101111
10011101000000100111011000011101111
10011100111000101011000011111101111
10011100110000101110110000011101111
10011100101100110010011100111101111
10011100101000110110001001111101111
10011100010000111001110111011101111
10011100010000111101100101011101111
10011100011001000001010010111101111
10011100011101000100111111111101111
10011100101001001000101100011101111
10011100110001001100011000011101111
10011101000001010000000010111101111
10011101010001010011101100011101111
10011101010000011100010011111101111
10011101000000011111111101011101111
10011100110000100011100111111101111
10011100101000100111010011111101111
10011100011100101011000000011101111
10011100011000101110101101011101111
10011100010000110010011010111101111
10011100010000110110001000111101111
10101000111100111001101000011101110
10101001000000111100111000011101110
10101001000101000000000111111101110
10101001001001000011010111011101110
10101001010001000110100110011101110
10101001011101001001110100111101110
10101001101001001101000010111101110
10101001110101010000001111111101110
10101001110100011111110000011101110
10101001101000100010111101011101110
10101001011100100110001011011101110
10101001010000101001011001111101110
10101001001000101100101000111101110
10101001000100101111111000011101110
10101001000000110011000111111101110
10101000111100110110010111111101110
10101000100000111001101000011101110
10101000100100111100111001011101110
10101000101001000000001001111101110
10101000110001000011011010011101110
10101000111001000110101010011101110
10101001000001001001111001011101110
10101001001101001101001000011101110
10101001011101010000010101111101110
10101001011100011111101010011101110
10101001001100100010110111111101110
10101001000000100110000110111101110
10101000111000101001010101111101110
10101000110000101100100101111101110
10101000101000101111110110011101110
10101000100100110011000110111101110
10101000100000110110010111111101110
10101000001000111001101000111101110
10101000001000111100111010111101110
10101000001101000000001100011101110
10101000010101000011011101011101110
10101000011101000110101110011101110
10101000101001001001111110011101110
10101000110101001101001101111101110
10101001000001010000011100011101110
10101001000000011111100011111101110
10101000110100100010110010011101110
10101000101000100110000001111101110
10101000011100101001010001111101110
10101000010100101100100010111101110
10101000001100101111110011111101110
10101000001000110011000101011101110
10101000001000110110010111011101110
10100111101100111001101001011101110
10100111110000111100111011111101110
10100111110101000000001110011101110
10100111111001000011100000011101110
10101000000101000110110001111101110
10101000001101001010000010111101110
10101000011001001101010011011101110
10101000101001010000100010011101110
10101000101000011111011101111101110
10101000011000100010101100111101110
10101000001100100101111101011101110
10101000000100101001001110011101110
10100111111000101100011111111101110
10100111110100101111110001111101110
10100111110000110011000100011101110
10100111101100110110010110111101110
10100111010100111001101001111101110
10100111010100111100111101011101110
10100111011001000000010000011101110
10100111100001000011100011011101110
10100111101001000110110101111101110
10100111110101001010000111111101110
10101000000001001101011000111101110
10101000001101010000101000111101110
10101000001100011111010111011101110
10101000000000100010100111011101110
10100111110100100101111000011101110
10100111101000101001001010011101110
10100111100000101100011100111101110
10100111011000101111101111111101110
10100111010100110011000010111101110
10100111010100110110010110011101110
10100110111000111001101010011101110
10100110111100111100111110111101110
10100111000001000000010010111101110
10100111000101000011100110011101110
10100111001101000110111001111101110
10100111011001001010001100011101110
10100111100101001101011110011101110
10100111110101010000101111011101110
10100111110100011111010000111101110
10100111100100100010100001111101110
10100111011000100101110011111101110
10100111001100101001000110011101110
10100111000100101100011001111101110
10100111000000101111101101011101110
10100110111100110011000001011101110
10100110111000110110010101111101110
10100110100000111001101010111101110
10100110100000111100111111111101110
10100110100101000000010100111101110
10100110101101000011101001011101110
10100110110101000110111101111101110
10100110111101001010010001011101110
10100111001101001101100011111101110
10100111011001010000110101111101110
10100111011000011111001010011101110
10100111001100100010011100011101110
10100110111100100101101110111101110
10100110110100101001000010011101110
10100110101100101100010110111101110
10100110100100101111101011011101110
10100110100000110011000000011101110
10100110100000110110010101011101110
10100110000100111001101011011101110
10100110001000111101000001011101110
10100110001101000000010111011101110
10100110010001000011101100111101110
10100110011001000111000001111101110
10100110100101001010010110011101110
10100110110001001101101001111101110
10100111000001010000111100011101110
10100111000000011111000011111101110
10100110110000100010010110011101110
10100110100100100101101001111101110
10100110011000101000111110011101110
10100110010000101100010011011101110
10100110001100101111101000111101110
10100110001000110010111110111101110
10100110000100110110010100111101110
10100101101100111001101011111101110
10100101101100111101000010111101110
10100101110001000000011001011101110
10100101111001000011101111111101110
10100110000001000111000101111101110
10100110001001001010011010111101110
10100110011001001101101111011101110
10100110100101010001000011011101110
10100110100100011110111100111101110
10100110011000100010010000111101110
10100110001000100101100101011101110
10100110000000101000111010011101110
10100101111000101100010000011101110
10100101110000101111100110111101110
10100101101100110010111101011101110
10100101101100110110010100011101110
10100101010000111001101011111101110
10100101010100111101000011111101110
10100101011001000000011011111101110
10100101011101000011110010111101110
10100101100101000111001001111101110
10100101110001001010011111111101110
10100101111101001101110101011101110
10100110001101010001001001111101110
10100110001100011110110110011101110
10100101111100100010001010111101110
10100101110000100101100000011101110
10100101100100101000110110011101110
10100101011100101100001101011101110
10100101011000101111100100011101110
10100101010100110010111100011101110
10100101010000110110010100011101110
10100100110100111001101100011101110
10100100111000111101000101011101110
10100100111101000000011101111101110
10100101000101000011110110011101110
10100101001101000111001101111101110
10100101010101001010100100111101110
10100101100101001101111011011101110
10100101110001010001010000011101110
10100101110000011110101111111101110
10100101100100100010000100111101110
10100101010100100101011011011101110
10100101001100101000110010011101110
10100101000100101100001001111101110
10100100111100101111100010011101110
10100100111000110010111010111101110
10100100110100110110010011111101110
10100100011100111001101100111101110
10100100011100111101000110111101110
10100100100101000000100000011101110
10100100101001000011111001011101110
10100100110001000111010001111101110
10100100111101001010101001111101110
10100101001001001110000001011101110
10100101011001010001010111011101110
10100101011000011110101000111101110
10100101001000100001111110111101110
10100100111100100101010110011101110
10100100110000101000101110011101110
10100100101000101100000110111101110
10100100100100101111011111111101110
10100100011100110010111001011101110
10100100011100110110010011011101110
10100100000000111001101101011101110
10100100000100111101001000011101110
10100100001001000000100010011101110
10100100010001000011111100111101110
10100100011001000111010110011101110
10100100100001001010101110111101110
10100100110001001110000111011101110
10100100111101010001011110011101110
10100100111100011110100001111101110
10100100110000100001111000111101110
10100100100000100101010001011101110
10100100011000101000101001111101110
10100100010000101100000011011101110
10100100001000101111011101111101110
10100100000100110010110111111101110
10100100000000110110010010111101110
10100011101000111001101101111101110
10100011101000111101001001011101110
10100011101101000000100100111101110
10100011110101000011111111111101110
10100011111101000111011010011101110
10100100001001001010110100011101110
10100100010101001110001101011101110
10100100100101010001100100111101110
10100100100100011110011011011101110
10100100010100100001110010111101110
10100100001000100101001011111101110
10100011111100101000100101111101110
10100011110100101100000000011101110
10100011101100101111011011011101110
10100011101000110010110110111101110
10100011101000110110010010011101110
10100011001100111001101110011101110
10100011010000111101001010111101110
10100011010101000000100111011101110
10100011011001000100000011011101110
10100011100101000111011110111101110
10100011101101001010111001011101110
10100011111101001110010011011101110
10100100001001010001101011111101110
10100100001000011110010100011101110
10100011111100100001101100111101110
10100011101100100101000110111101110
10100011100100101000100001011101110
10100011011000101011111100111101110
10100011010100101111011000111101110
10100011010000110010110101011101110
10100011001100110110010001111101110
10100010110100111001101110111101110
10100010110100111101001100011101110
10100010111001000000101001111101110
10100011000001000100000110011101110
10100011001001000111100010111101110
10100011010101001010111110011101110
10100011100001001110011001011101110
10100011110001010001110010111101110
10100011110000011110001101011101110
10100011100000100001100110111101110
10100011010100100101000001111101110
10100011001000101000011101011101110
10100011000000101011111001111101110
10100010111000101111010110011101110
10100010110100110010110011111101110
10100010110100110110010001011101110
