10100101101100111000110101111101110
10100101101100111010100001011101110
10100101101100111100001100111101110
10100101101100111101111000011101110
10100101110000111111100011111101110
10100101110101000001001110111101110
10100101110101000010111010011101110
10100101111001000100100101011101110
10100101111101000110010000011101110
10100110000001000111111011011101110
10100110001001001001100101111101110
10100110001101001011010000011101110
10100110010101001100111010011101110
10100110011001001110100100011101110
10100110100001010000001110011101110
10100110101001010001110111111101110
10100110101000011110001000011101110
10100110100000011111110001111101110
10100110011000100001011011111101110
10100110010100100011000101111101110
10100110001100100100101111111101110
10100110001000100110011010011101110
10100110000000101000000100111101110
10100101111100101001101111111101110
10100101111000101011011010111101110
10100101110100101101000101111101110
10100101110100101110110001011101110
10100101110000110000011100011101110
10100101101100110010000111111101110
10100101101100110011110011011101110
10100101101100110101011110111101110
10100101101100110111001010011101110
10100101010000111000110101111101110
10100101010000111010100001111101110
10100101010000111100001101111101110
10100101010100111101111001111101110
10100101010100111111100101111101110
10100101011001000001010001011101110
10100101011101000010111101011101110
10100101100001000100101000111101110
10100101100101000110010100011101110
10100101101001000111111111011101110
10100101101101001001101010011101110
10100101110101001011010101011101110
10100101111001001101000000011101110
10100110000001001110101010011101110
10100110001001010000010100111101110
10100110010001010001111110111101110
10100110010000011110000001011101110
10100110001000011111101011011101110
10100110000000100001010101111101110
10100101111000100010111111111101110
10100101110100100100101010111101110
10100101101100100110010101111101110
10100101101000101000000000111101110
10100101100100101001101011111101110
10100101100000101011010111011101110
10100101011100101101000010111101110
10100101011000101110101110111101110
10100101010100110000011010011101110
10100101010100110010000110011101110
10100101010000110011110010011101110
10100101010000110101011110011101110
10100101010000110111001010011101110
10100100110100111000110110011101110
10100100111000111010100010111101110
10100100111000111100001111011101110
10100100111000111101111011011101110
10100100111100111111100111111101110
10100100111101000001010011111101110
10100101000001000011000000011101110
10100101000101000100101100011101110
10100101001001000110010111111101110
10100101001101001000000011111101110
10100101010101001001101111011101110
10100101011001001011011010111101110
10100101100001001101000101111101110
10100101100101001110110000111101110
10100101101101010000011011011101110
10100101110101010010000101111101110
10100101110100011101111010011101110
10100101101100011111100100111101110
10100101100100100001001111011101110
10100101100000100010111010011101110
10100101011000100100100101011101110
10100101010100100110010000111101110
10100101001100100111111100011101110
10100101001000101001101000011101110
10100101000100101011010011111101110
10100101000000101100111111111101110
10100100111100101110101100011101110
10100100111100110000011000011101110
10100100111000110010000100111101110
10100100111000110011110000111101110
10100100111000110101011101011101110
10100100110100110111001001111101110
10100100011100111000110110011101110
10100100011100111010100011011101110
10100100011100111100010000011101110
10100100100000111101111101011101110
10100100100000111111101001111101110
10100100100101000001010110011101110
10100100101001000011000011011101110
10100100101101000100101111111101110
10100100110001000110011011111101110
10100100110101001000000111111101110
10100100111001001001110011111101110
10100101000001001011011111111101110
10100101000101001101001011011101110
10100101001101001110110110111101110
10100101010101010000100001111101110
10100101011101010010001100111101110
10100101011100011101110011011101110
10100101010100011111011110011101110
10100101001100100001001001011101110
10100101000100100010110100111101110
10100101000000100100100000011101110
10100100111000100110001100011101110
10100100110100100111111000011101110
10100100110000101001100100011101110
10100100101100101011010000011101110
10100100101000101100111100111101110
10100100100100101110101001111101110
10100100100000110000010110011101110
10100100100000110010000010111101110
10100100011100110011101111111101110
10100100011100110101011100111101110
10100100011100110111001001111101110
10100100000000111000110110111101110
10100100000000111010100100011101110
10100100000100111100010001011101110
10100100000100111101111110111101110
10100100001000111111101011111101110
10100100001001000001011001011101110
10100100001101000011000110011101110
10100100010001000100110010111101110
10100100010101000110011111111101110
10100100011001001000001100011101110
10100100100001001001111000111101110
10100100100101001011100101011101110
10100100101101001101010001011101110
10100100110001001110111100111101110
10100100111001010000101000011101110
10100101000001010010010011111101110
10100101000000011101101100011101110
10100100111000011111010111111101110
10100100110000100001000011011101110
10100100101100100010101110111101110
10100100100100100100011010111101110
10100100100000100110000111011101110
10100100011000100111110011111101110
10100100010100101001100000011101110
10100100010000101011001101011101110
10100100001100101100111001111101110
10100100001000101110100110111101110
10100100001000110000010100011101110
10100100000100110010000001011101110
10100100000100110011101110111101110
10100100000000110101011011111101110
10100100000000110111001001011101110
10100011101000111000110110111101110
10100011101000111010100100111101110
10100011101000111100010010111101110
10100011101100111110000000011101110
10100011101100111111101110011101110
10100011110001000001011011111101110
10100011110101000011001001011101110
10100011111001000100110110011101110
10100011111101000110100011111101110
10100100000001001000010000111101110
10100100000101001001111101111101110
10100100001101001011101010011101110
10100100010001001101010110111101110
10100100011001001111000011011101110
10100100100001010000101111011101110
10100100101001010010011010111101110
10100100101000011101100101011101110
10100100100000011111010000111101110
10100100011000100000111100111101110
10100100010000100010101001011101110
10100100001100100100010101111101110
10100100000100100110000010011101110
10100100000000100111101111011101110
10100011111100101001011100011101110
10100011111000101011001001111101110
10100011110100101100110110111101110
10100011110000101110100100011101110
10100011101100110000010001111101110
10100011101100110001111111111101110
10100011101000110011101101011101110
10100011101000110101011011011101110
10100011101000110111001001011101110
10100011001100111000110111011101110
10100011001100111010100101011101110
10100011010000111100010011111101110
10100011010000111110000001111101110
10100011010100111111110000011101110
10100011010101000001011110011101110
10100011011001000011001100011101110
10100011011101000100111010011101110
10100011100001000110100111111101110
10100011100101001000010101011101110
10100011101101001010000010111101110
10100011110001001011101111111101110
10100011111001001101011100111101110
10100011111101001111001001011101110
10100100000101010000110101111101110
10100100001101010010100010011101110
10100100001100011101011101111101110
10100100000100011111001010011101110
10100011111100100000110110111101110
10100011111000100010100011011101110
10100011110000100100010000011101110
10100011101100100101111101011101110
10100011100100100111101010111101110
10100011100000101001011000011101110
10100011011100101011000101111101110
10100011011000101100110011111101110
10100011010100101110100001111101110
10100011010100110000001111111101110
10100011010000110001111110011101110
10100011010000110011101100011101110
10100011001100110101011010111101110
10100011001100110111001000111101110
10100010110100111000110111011101110
10100010110100111010100110011101110
10100010110100111100010100111101110
10100010110100111110000011111101110
10100010111000111111110010011101110
10100010111101000001100000111101110
10100010111101000011001111011101110
10100011000001000100111101111101110
10100011001001000110101011111101110
10100011001101001000011001111101110
10100011010001001010000111111101110
10100011011001001011110101011101110
10100011011101001101100010111101110
10100011100101001111001111111101110
10100011101101010000111100111101110
10100011110101010010101001011101110
10100011110100011101010110111101110
10100011101100011111000011011101110
10100011100100100000110000011101110
10100011011100100010011101011101110
10100011011000100100001010111101110
10100011010000100101111000011101110
10100011001100100111100110011101110
10100011001000101001010100011101110
10100011000000101011000010011101110
10100010111100101100110000111101110
10100010111100101110011111011101110
10100010111000110000001101111101110
10100010110100110001111100011101110
10100010110100110011101011011101110
10100010110100110101011001111101110
10100010110100110111001000111101110
10101000111100111000110100011101110
10101000111100111010011100011101110
10101000111100111100000100011101110
10101001000000111101101100011101110
10101001000000111111010011111101110
10101001000101000000111011111101110
10101001001001000010100011111101110
10101001001101000100001011011101110
10101001010001000101110010111101110
10101001010101000111011010011101110
10101001011001001001000001011101110
10101001011101001010101000011101110
10101001100101001100001111011101110
10101001101001001101110101111101110
10101001110001001111011100011101110
10101001111001010001000010111101110
10101001111000011110111101011101110
10101001110000100000100011111101110
10101001101000100010001010011101110
10101001100100100011110000111101110
10101001011100100101010111111101110
10101001011000100110111110111101110
10101001010100101000100101111101110
10101001010000101010001101011101110
10101001001100101011110100111101110
10101001001000101101011100011101110
10101001000100101111000100011101110
10101001000000110000101100011101110
10101001000000110010010011111101110
10101000111100110011111011111101110
10101000111100110101100011111101110
10101000111100110111001011111101110
10101000100000111000110100011101110
10101000100100111010011100111101110
10101000100100111100000101011101110
10101000100100111101101101111101110
10101000101000111111010101111101110
10101000101001000000111110011101110
10101000101101000010100110011101110
10101000110001000100001110011101110
10101000110101000101110110011101110
10101000111001000111011110011101110
10101000111101001001000101111101110
10101001000101001010101101011101110
10101001001001001100010100011101110
10101001010001001101111011111101110
10101001011001001111100010011101110
10101001100001010001001001011101110
10101001100000011110110110111101110
10101001011000100000011101111101110
10101001010000100010000100011101110
10101001001000100011101011111101110
10101001000100100101010010111101110
10101000111100100110111010011101110
10101000111000101000100001111101110
10101000110100101010001001111101110
10101000110000101011110001111101110
10101000101100101101011001111101110
10101000101000101111000001111101110
10101000101000110000101010011101110
10101000100100110010010010011101110
10101000100100110011111010111101110
10101000100100110101100011011101110
10101000100000110111001011111101110
10101000001000111000110100011101110
10101000001000111010011101011101110
10101000001000111100000110011101110
10101000001100111101101111011101110
10101000001100111111010111111101110
10101000010001000001000000011101110
10101000010101000010101001011101110
10101000010101000100010001111101110
10101000011001000101111001111101110
10101000100001000111100010011101110
10101000100101001001001010011101110
10101000101001001010110010011101110
10101000110001001100011001111101110
10101000110101001110000001011101110
10101000111101001111101000111101110
10101001000101010001001111111101110
10101001000100011110110000011101110
10101000111100100000010111011101110
10101000110100100001111110111101110
10101000110000100011100110011101110
10101000101000100101001101111101110
10101000100100100110110101111101110
10101000100000101000011101111101110
10101000011000101010000110011101110
10101000010100101011101110011101110
10101000010100101101010110111101110
10101000010000101110111111111101110
10101000001100110000101000011101110
10101000001100110010010000111101110
10101000001000110011111001111101110
10101000001000110101100010111101110
10101000001000110111001011111101110
10100111101100111000110100111101110
10100111101100111010011101111101110
10100111110000111100000111011101110
10100111110000111101110000111101110
10100111110100111111011001111101110
10100111110101000001000010111101110
10100111111001000010101011111101110
10100111111101000100010100111101110
10101000000001000101111101111101110
10101000000101000111100110011101110
10101000001001001001001110111101110
10101000010001001010110110111101110
10101000010101001100011111011101110
10101000011101001110000111011101110
10101000100101001111101110111101110
10101000101101010001010110011101110
10101000101100011110101001111101110
10101000100100100000010001011101110
10101000011100100001111000111101110
10101000010100100011100000111101110
10101000010000100101001001011101110
10101000001000100110110001011101110
10101000000100101000011001111101110
10101000000000101010000010011101110
10100111111100101011101011011101110
10100111111000101101010100011101110
10100111110100101110111101011101110
10100111110100110000100110011101110
10100111110000110010001111011101110
10100111110000110011111000111101110
10100111101100110101100010011101110
10100111101100110111001011011101110
10100111010100111000110100111101110
10100111010100111010011110111101110
10100111010100111100001000011101110
10100111011000111101110010011101110
10100111011000111111011011111101110
10100111011101000001000101011101110
10100111011101000010101110111101110
10100111100001000100011000011101110
10100111100101000110000001011101110
10100111101101000111101010011101110
10100111110001001001010011011101110
10100111110101001010111011111101110
10100111111101001100100100011101110
10101000000001001110001100111101110
10101000001001001111110100111101110
10101000010001010001011100111101110
10101000010000011110100011011101110
10101000001000100000001011011101110
10101000000000100001110011011101110
10100111111100100011011011111101110
10100111110100100101000100011101110
10100111110000100110101100111101110
10100111101100101000010101111101110
10100111100100101001111110111101110
10100111100000101011100111111101110
10100111011100101101010001011101110
10100111011100101110111010111101110
10100111011000110000100100011101110
10100111011000110010001101111101110
10100111010100110011110111111101110
10100111010100110101100001011101110
10100111010100110111001011011101110
10100110111000111000110101011101110
10100110111000111010011111011101110
10100110111100111100001001011101110
10100110111100111101110011111101110
10100111000000111111011101111101110
10100111000001000001000111111101110
10100111000101000010110001111101110
10100111001001000100011011011101110
10100111001101000110000100111101110
10100111010001000111101110011101110
10100111010101001001010111111101110
10100111011101001011000000111101110
10100111100001001100101001111101110
10100111101001001110010010111101110
10100111110001001111111011011101110
10100111111001010001100011011101110
10100111111000011110011100111101110
10100111110000100000000100111101110
10100111101000100001101101011101110
10100111100000100011010110011101110
10100111011100100100111111011101110
10100111010100100110101000011101110
10100111010000101000010001111101110
10100111001100101001111011011101110
10100111001000101011100100111101110
10100111000100101101001110011101110
10100111000000101110111000011101110
10100111000000110000100010011101110
10100110111100110010001100011101110
10100110111100110011110110111101110
10100110111000110101100000111101110
10100110111000110111001010111101110
10100110100000111000110101011101110
10100110100000111010011111111101110
10100110100000111100001010111101110
10100110100000111101110101011101110
10100110100100111111011111111101110
10100110101001000001001010011101110
10100110101001000010110100011101110
10100110101101000100011110111101110
10100110110001000110001000111101110
10100110111001000111110010111101110
10100110111101001001011100011101110
10100111000001001011000101111101110
10100111001001001100101111011101110
10100111001101001110011000111101110
10100111010101010000000001011101110
10100111011101010001101010011101110
10100111011100011110010101111101110
10100111010100011111111110111101110
10100111001100100001100111011101110
10100111001000100011010000111101110
10100111000000100100111010011101110
10100110111100100110100011111101110
10100110111000101000001101011101110
10100110110000101001110111011101110
10100110101100101011100001011101110
10100110101000101101001011111101110
10100110101000101110110101111101110
10100110100100110000100000011101110
10100110100000110010001010111101110
10100110100000110011110101011101110
10100110100000110101100000011101110
10100110100000110111001010111101110
10100110000100111000110101111101110
10100110000100111010100000111101110
10100110001000111100001011111101110
10100110001000111101110110111101110
10100110001000111111100001111101110
10100110001101000001001100011101110
10100110010001000010110111011101110
10100110010101000100100001111101110
10100110011001000110001100011101110
10100110011101000111110110111101110
10100110100001001001100001011101110
10100110101001001011001011011101110
10100110101101001100110100111101110
10100110110101001110011110011101110
10100110111101010000000111111101110
10100111000101010001110000111101110
10100111000100011110001111011101110
10100110111100011111111000011101110
10100110110100100001100001111101110
10100110101100100011001011011101110
10100110101000100100110100111101110
10100110100000100110011110111101110
10100110011100101000001001011101110
10100110011000101001110011111101110
10100110010100101011011110011101110
10100110010000101101001000111101110
10100110001100101110110011111101110
10100110001000110000011110011101110
10100110001000110010001001011101110
10100110001000110011110100011101110
10100110000100110101011111011101110
10100110000100110111001010011101110
