10011111001000111000111001111101110
10011111001000111010101100111101110
10011111001000111100100000011101110
10011111001100111110010011011101110
10011111001101000000000110011101110
10011111010001000001111001011101110
10011111010101000011101100011101110
10011111011001000101011111011101110
10011111011101000111010001111101110
10011111100001001001000100011101110
10011111100101001010110110011101110
10011111101101001100101000011101110
10011111110101001110011001111101110
10011111111001010000001011011101110
10100000000001010001111100111101110
10100000001001010011101101011101110
10100000001000011100010010111101110
10100000000000011110000011011101110
10011111111000011111110100111101110
10011111110100100001100110011101110
10011111101100100011010111111101110
10011111100100100101001001111101110
10011111100000100110111011111101110
10011111011100101000101110011101110
10011111011000101010100000111101110
10011111010100101100010011111101110
10011111010000101110000110111101110
10011111001100101111111001111101110
10011111001100110001101100111101110
10011111001000110011011111111101110
10011111001000110101010011011101110
10011111001000110111000110011101110
10011110101100111000111001111101110
10011110101100111010101101111101110
10011110110000111100100001011101110
10011110110000111110010101011101110
10011110110101000000001000111101110
10011110110101000001111100011101110
10011110111001000011101111111101110
10011110111101000101100010111101110
10011111000001000111010110011101110
10011111000101001001001000111101110
10011111001101001010111011111101110
10011111010001001100101110011101110
10011111011001001110100000011101110
10011111100001010000010010011101110
10011111101001010010000011111101110
10011111110001010011110101011101110
10011111110000011100001010111101110
10011111101000011101111100011101110
10011111100000011111101101111101110
10011111011000100001011111111101110
10011111010000100011010001111101110
10011111001100100101000100011101110
10011111000100100110110111011101110
10011111000000101000101001111101110
10011110111100101010011101011101110
10011110111000101100010000011101110
10011110110100101110000011111101110
10011110110100101111110111011101110
10011110110000110001101010111101110
10011110110000110011011110111101110
10011110101100110101010010011101110
10011110101100110111000110011101110
10011110010100111000111010011101110
10011110010100111010101110011101110
10011110010100111100100010111101110
10011110010100111110010111011101110
10011110011001000000001011011101110
10011110011101000001111111011101110
10011110100001000011110011011101110
10011110100101000101100110111101110
10011110101001000111011010111101110
10011110101101001001001101111101110
10011110110001001011000001011101110
10011110111001001100110100011101110
10011111000001001110100110111101110
10011111000101010000011001011101110
10011111001101010010001011011101110
10011111010101010011111101011101110
10011111010100011100000010111101110
10011111001100011101110100111101110
10011111000100011111100110111101110
10011111000000100001011001011101110
10011110111000100011001011111101110
10011110110000100100111110111101110
10011110101100100110110010011101110
10011110101000101000100101011101110
10011110100100101010011001011101110
10011110100000101100001100111101110
10011110011100101110000000111101110
10011110011000101111110100111101110
10011110010100110001101000111101110
10011110010100110011011101011101110
10011110010100110101010001111101110
10011110010100110111000101111101110
10011101111000111000111010011101110
10011101111000111010101111011101110
10011101111000111100100100011101110
10011101111100111110011000111101110
10011101111101000000001101111101110
10011110000001000010000010011101110
10011110000101000011110110111101110
10011110001001000101101010111101110
10011110001101000111011111011101110
10011110010001001001010010111101110
10011110011001001011000110111101110
10011110011101001100111010011101110
10011110100101001110101101011101110
10011110101101010000100000011101110
10011110110101010010010010111101110
10011110111101010100000101011101110
10011110111100011011111010111101110
10011110110100011101101101011101110
10011110101100011111011111111101110
10011110100100100001010010111101110
10011110011100100011000101111101110
10011110011000100100111001011101110
10011110010000100110101101011101110
10011110001100101000100000111101110
10011110001000101010010101011101110
10011110000100101100001001011101110
10011110000000101101111101111101110
10011101111100101111110010011101110
10011101111100110001100111011101110
10011101111000110011011011111101110
10011101111000110101010000111101110
10011101111000110111000101111101110
10011101011100111000111010111101111
10011101100000111010110000011101111
10011101100000111100100101011101111
10011101100000111110011010111101110
10011101100101000000001111111101110
10011101101001000010000101011101110
10011101101001000011111010011101110
10011101101101000101101110111101110
10011101110101000111100011111101110
10011101111001001001011000011101110
10011101111101001011001100011101110
10011110000101001101000000011101110
10011110001101001110110011111101110
10011110010001010000100111011101110
10011110011001010010011010111101110
10011110100101010100001101011101110
10011110100100011011110010111101110
10011110011000011101100101011101110
10011110010000011111011000111101110
10011110001100100001001100011101110
10011110000100100010111111111101110
10011101111100100100110011111101110
10011101111000100110100111111101110
10011101110100101000011100011101110
10011101101100101010010001011101110
10011101101000101100000101111101110
10011101101000101101111010111101110
10011101100100101111110000011101110
10011101100000110001100101011101110
10011101100000110011011010111101111
10011101100000110101001111111101111
10011101011100110111000101011101111
10011101000100111000111010111101111
10011101000100111010110000111101111
10011101000100111100100110111101111
10011101001000111110011100111101111
10011101001001000000010010011101111
10011101001101000010001000011101111
10011101010001000011111101111101111
10011101010101000101110010111101111
10011101011001000111101000011101111
10011101011101001001011101011101111
10011101100101001011010001111101110
10011101101001001101000110011101110
10011101110001001110111010111101110
10011101111001010000101110111101110
10011110000001010010100010011101110
10011110001001010100010101111101110
10011110001000011011101010011101110
10011110000000011101011101111101110
10011101111000011111010001011101110
10011101110000100001000101011101110
10011101101000100010111001111101110
10011101100100100100101110011101110
10011101011100100110100010111101111
10011101011000101000010111111101111
10011101010100101010001101011101111
10011101010000101100000010011101111
10011101001100101101110111111101111
10011101001000101111101101111101111
10011101001000110001100011011101111
10011101000100110011011001011101111
10011101000100110101001111011101111
10011101000100110111000101011101111
10011100101000111000111011011101111
10011100101000111010110001111101111
10011100101100111100101000011101111
10011100101100111110011110111101111
10011100110001000000010100111101111
10011100110001000010001011011101111
10011100110101000100000001011101111
10011100111001000101110110111101111
10011101000001000111101100111101111
10011101000101001001100010011101111
10011101001001001011010111111101111
10011101010001001101001100111101111
10011101011001001111000001011101111
10011101011101010000110101111101111
10011101100101010010101010011101110
10011101110001010100011101111101110
10011101110000011011100010011101110
10011101100100011101010101111101110
10011101011100011111001010011101111
10011101011000100000111110111101111
10011101010000100010110011011101111
10011101001000100100101000011101111
10011101000100100110011101111101111
10011101000000101000010011011101111
10011100111000101010001001011101111
10011100110100101011111110111101111
10011100110000101101110100111101111
10011100110000101111101011011101111
10011100101100110001100001011101111
10011100101100110011010111111101111
10011100101000110101001110011101111
10011100101000110111000100111101111
10011100010000111000111011111101111
10011100010000111010110010111101111
10011100010000111100101001111101111
10011100010100111110100000011101111
10011100010101000000010111011101111
10011100011001000010001110011101111
10011100011101000100000100111101111
10011100100001000101111011011101111
10011100100101000111110001011101111
10011100101001001001100111011101111
10011100110001001011011101011101111
10011100110101001101010010111101111
10011100111101001111001000011101111
10011101000101010000111101011101111
10011101001101010010110001111101111
10011101010101010100100110011101111
10011101010100011011011001111101111
10011101001100011101001110011101111
10011101000100011111000010111101111
10011100111100100000110111111101111
10011100110100100010101101011101111
10011100110000100100100010111101111
10011100101000100110011000111101111
10011100100100101000001110111101111
10011100100000101010000100111101111
10011100011100101011111011011101111
10011100011000101101110001111101111
10011100010100101111101000111101111
10011100010100110001011111111101111
10011100010000110011010110011101111
10011100010000110101001101011101111
10011100010000110111000100011101111
10100010011000111000110111111101110
10100010011000111010100110111101110
10100010011100111100010110011101110
10100010011100111110000101011101110
10100010011100111111110100011101110
10100010100001000001100011011101110
10100010100101000011010010011101110
10100010101001000101000001011101110
10100010101101000110101111111101110
10100010110001001000011110011101110
10100010111001001010001100111101110
10100010111101001011111010111101110
10100011000101001101101000111101110
10100011001001001111010110011101110
10100011010001010001000011011101110
10100011011001010010110000111101110
10100011011000011101001111011101110
10100011010000011110111100111101110
10100011001000100000101001111101110
10100011000100100010010111011101110
10100010111100100100000101011101110
10100010111000100101110011011101110
10100010110000100111100001111101110
10100010101100101001010000011101110
10100010101000101010111110111101110
10100010100100101100101101111101110
10100010100000101110011100111101110
10100010011100110000001011111101110
10100010011100110001111010111101110
10100010011100110011101001111101110
10100010011000110101011001011101110
10100010011000110111001000011101110
10100010000000111000110111111101110
10100010000000111010100111111101110
10100010000000111100010111011101110
10100010000000111110000111011101110
10100010000100111111110110111101110
10100010001001000001100110011101110
10100010001001000011010101111101110
10100010001101000101000100111101110
10100010010001000110110011111101110
10100010011001001000100010111101110
10100010011101001010010001111101110
10100010100101001100000000011101110
10100010101001001101101110111101110
10100010110001001111011100111101110
10100010111001010001001010011101110
10100011000001010010110111111101110
10100011000000011101001000011101110
10100010111000011110110101111101110
10100010110000100000100011011101110
10100010101000100010010001011101110
10100010100100100011111111111101110
10100010011100100101101110011101110
10100010011000100111011101011101110
10100010010000101001001100011101110
10100010001100101010111011011101110
10100010001000101100101010011101110
10100010001000101110011001111101110
10100010000100110000001001011101110
10100010000000110001111000111101110
10100010000000110011101000111101110
10100010000000110101011000011101110
10100010000000110111001000011101110
10100001100100111000111000011101110
10100001100100111010101000011101110
10100001100100111100011000111101110
10100001101000111110001000111101110
10100001101000111111111000111101110
10100001101101000001101000111101110
10100001110001000011011000111101110
10100001110101000101001000011101110
10100001111001000110111000011101110
10100001111101001000100111111101110
10100010000001001010010110111101110
10100010001001001100000101111101110
10100010010001001101110100111101110
10100010010101001111100011011101110
10100010011101010001010001011101110
10100010100101010010111111011101110
10100010100100011101000000111101110
10100010011100011110101110111101110
10100010010100100000011100111101110
10100010010000100010001011011101110
10100010001000100011111010011101110
10100010000000100101101001011101110
10100001111100100111011000011101110
10100001111000101001000111111101110
10100001110100101010110111111101110
10100001110000101100100111011101110
10100001101100101110010111011101110
10100001101000110000000111011101110
10100001101000110001110111011101110
10100001100100110011100111011101110
10100001100100110101010111111101110
10100001100100110111000111111101110
10100001001000111000111000011101110
10100001001100111010101001011101110
10100001001100111100011001111101110
10100001001100111110001010011101110
10100001010000111111111011011101110
10100001010001000001101011111101110
10100001010101000011011011111101110
10100001011001000101001100011101110
10100001011101000110111100011101110
10100001100101001000101100011101110
10100001101001001010011011111101110
10100001101101001100001011011101110
10100001110101001101111010111101110
10100001111101001111101001111101110
10100010000101010001011000011101110
10100010001101010011000110111101110
10100010001100011100111001011101110
10100010000100011110100111111101110
10100001111100100000010110011101110
10100001110100100010000101011101110
10100001101100100011110100111101110
10100001101000100101100100011101110
10100001100100100111010011111101110
10100001011100101001000011111101110
10100001011000101010110011111101110
10100001010100101100100100011101110
10100001010000101110010100011101110
10100001010000110000000100111101110
10100001001100110001110101111101110
10100001001100110011100110011101110
10100001001100110101010110111101110
10100001001000110111000111111101110
10100000110000111000111000111101110
10100000110000111010101001111101110
10100000110000111100011011011101110
10100000110100111110001100011101110
10100000110100111111111101011101110
10100000111001000001101110011101110
10100000111101000011011111011101110
10100001000001000101001111111101110
10100001000101000111000000011101110
10100001001001001000110000111101110
10100001001101001010100001011101110
10100001010101001100010001011101110
10100001011101001110000000111101110
10100001100001001111110000011101110
10100001101001010001011111111101110
10100001110001010011001110011101110
10100001110000011100110001111101110
10100001101000011110100000011101110
10100001100000100000001111111101110
10100001011100100001111111011101110
10100001010100100011101110111101110
10100001001100100101011110111101110
10100001001000100111001111011101110
10100001000100101000111111111101110
10100001000000101010110000011101110
10100000111100101100100000111101110
10100000111000101110010001111101110
10100000110100110000000010111101110
10100000110100110001110011111101110
10100000110000110011100100111101110
10100000110000110101010110011101110
10100000110000110111000111011101110
10100000010100111000111000111101110
10100000010100111010101010111101110
10100000011000111100011100011101110
10100000011000111110001101111101110
10100000011100111111111111111101110
10100000011101000001110001011101110
10100000100001000011100010011101110
10100000100101000101010011111101110
10100000101001000111000100111101110
10100000110001001000110101111101110
10100000110101001010100110011101110
10100000111001001100010110111101110
10100001000001001110000111011101110
10100001001001001111110110111101110
10100001010001010001100110111101110
10100001011001010011010110011101110
10100001011000011100101001111101110
10100001010000011110011001011101110
10100001001000100000001001011101110
10100001000000100001111000111101110
10100000111000100011101001011101110
10100000110100100101011001111101110
10100000110000100111001010011101110
10100000101000101000111011011101110
10100000100100101010101100011101110
10100000100000101100011101111101110
10100000011100101110001110111101110
10100000011100110000000000011101110
10100000011000110001110010011101110
10100000011000110011100011111101110
10100000010100110101010101011101110
10100000010100110111000111011101110
10011111111100111000111001011101110
10011111111100111010101011011101110
10011111111100111100011101111101110
10100000000000111110001111111101110
10100000000001000000000001111101110
10100000000101000001110011111101110
10100000001001000011100101111101110
10100000001101000101010111011101110
10100000010001000111001000111101110
10100000010101001000111010011101110
10100000011001001010101011111101110
10100000100001001100011100111101110
10100000101001001110001101011101110
10100000101101001111111101111101110
10100000110101010001101101111101110
10100000111101010011011101111101110
10100000111100011100100010011101110
10100000110100011110010010011101110
10100000101100100000000010011101110
10100000101000100001110010111101110
10100000100000100011100011011101110
10100000011000100101010100011101110
10100000010100100111000101111101110
10100000010000101000110111011101110
10100000001100101010101000111101110
10100000001000101100011010011101110
10100000000100101110001100011101110
10100000000000101111111110011101110
10100000000000110001110000011101110
10011111111100110011100010011101110
10011111111100110101010100111101110
10011111111100110111000110111101110
10011111100000111000111001011101110
10011111100000111010101100011101110
10011111100100111100011110111101110
10011111100100111110010001111101110
10011111101001000000000100011101110
10011111101001000001110110111101110
10011111101101000011101001011101110
10011111110001000101011011011101110
10011111110101000111001101011101110
10011111111001001000111111011101110
10100000000001001010110000111101110
10100000000101001100100010011101110
10100000001101001110010011111101110
10100000010101010000000100111101110
10100000011101010001110101011101110
10100000100101010011100101111101110
10100000100100011100011010011101110
10100000011100011110001010111101110
10100000010100011111111011011101110
10100000001100100001101100011101110
10100000000100100011011101111101110
10100000000000100101001111011101110
10011111111000100111000000111101110
10011111110100101000110010111101110
10011111110000101010100100111101110
10011111101100101100010110111101110
10011111101000101110001001011101110
10011111101000101111111011111101110
10011111100100110001101110011101110
10011111100100110011100001011101110
10011111100000110101010011111101110
10011111100000110111000110111101110
