10111111010100011011010101011111111
10111111010100011101111111011111111
10111111011000100000101001111111111
10111111011100100011010011111111111
10111111100100100101111101011111111
10111111101100101000100110111111111
10111111110100101011001111111111111
11000000000000101101111000011111111
11000000000000000110000111111111111
10111111110100001000110000011111111
10111111101100001011011001011111111
10111111100100001110000010111111111
10111111011100010000101100011111111
10111111011000010011010110011111111
10111111010100010110000000111111111
10111111010100011000101010111111111
10111110111000011011010101011111111
10111110111100011110000000011111111
10111110111100100000101011011111111
10111111000100100011010101111111111
10111111001000100101111111111111111
10111111010000101000101001111111111
10111111011100101011010011011111111
10111111101000101101111100111111111
10111111101000000110000011011111111
10111111011100001000101100111111111
10111111010000001011010110011111111
10111111001000001110000000011111111
10111111000100010000101010011111111
10111110111100010011010100111111111
10111110111100010101111111111111111
10111110111000011000101010111111111
10111110100000011011010101111111111
10111110100000011110000001011111111
10111110100100100000101100011111111
10111110101000100011010111111111111
10111110110000100110000010011111111
10111110111000101000101101011111111
10111111000000101011010111011111111
10111111001100101110000000111111111
10111111001100000101111111011111111
10111111000000001000101000111111111
10111110111000001011010010111111111
10111110110000001101111101111111111
10111110101000010000101000011111111
10111110100100010011010011111111111
10111110100000010101111110111111111
10111110100000011000101010011111111
10111110000100011011010110011111111
10111110000100011110000010011111111
10111110001000100000101101111111111
10111110010000100011011001111111111
10111110010100100110000101011111111
10111110011100101000110000011111111
10111110101000101011011010111111111
10111110110100101110000101011111111
10111110110100000101111010111111111
10111110101000001000100101011111111
10111110011100001011001111111111111
10111110010100001101111010111111111
10111110010000010000100110011111111
10111110001000010011010010011111111
10111110000100010101111101111111111
10111110000100011000101001111111111
10111101101000011011010110011111111
10111101101100011110000010111111111
10111101110000100000101111011111111
10111101110100100011011011111111111
10111101111100100110000111111111111
10111110000100101000110011011111111
10111110001100101011011110111111111
10111110011000101110001001011111111
10111110011000000101110110111111111
10111110001100001000100001011111111
10111110000100001011001100111111111
10111101111100001101111000011111111
10111101110100010000100100011111111
10111101110000010011010000111111111
10111101101100010101111101011111111
10111101101000011000101001111111111
10111101010000011011010110111111111
10111101010000011110000011111111111
10111101010100100000110000111111111
10111101011000100011011101111111111
10111101100000100110001010011111111
10111101101000101000110110111111111
10111101110100101011100010011111111
10111110000000101110001101111111111
10111110000000000101110010011111111
10111101110100001000011101111111111
10111101101000001011001001011111111
10111101100000001101110101111111111
10111101011000010000100010011111111
10111101010100010011001111011111111
10111101010000010101111100011111111
10111101010000011000101001011111111
10111100110100011011010110111111111
10111100111000011110000100111111111
10111100111100100000110010011111111
10111101000000100011011111111111111
10111101001000100110001100111111111
10111101010000101000111001111111111
10111101011000101011100110011111111
10111101100100101110010010011111111
10111101100100000101101101111111111
10111101011000001000011001111111111
10111101010000001011000110011111111
10111101001000001101110011011111111
10111101000000010000100000011111111
10111100111100010011001101111111111
10111100111000010101111011011111111
10111100110100011000101001011111111
10111100011100011011010111011111111
10111100011100011110000101111111111
10111100100000100000110011111111111
10111100100100100011100001111111111
10111100101100100110001111111111111
10111100110100101000111100111111111
10111101000000101011101001111111111
10111101001100101110010110011111111
10111101001100000101101001111111111
10111101000000001000010110011111111
10111100110100001011000011011111111
10111100101100001101110000011111111
10111100100100010000011110011111111
10111100100000010011001100011111111
10111100011100010101111010011111111
10111100011100011000101000111111111
10111100000000011011010111011111111
10111100000100011110000110011111111
10111100001000100000110101011111111
10111100001100100011100011111111111
10111100010000100110010010011111111
10111100011100101001000000011111111
10111100100100101011101101111111111
10111100110000101110011010111111111
10111100110000000101100101011111111
10111100100100001000010010011111111
10111100011100001010111111111111111
10111100010000001101101101111111111
10111100001100010000011100011111111
10111100001000010011001010111111111
10111100000100010101111001111111111
10111100000000011000101000111111111
10111011101000011011010111111111111
10111011101000011110000111011111111
10111011101100100000110110111111111
10111011110000100011100101111111111
10111011111000100110010100111111111
10111100000000101001000011011111111
10111100001100101011110001111111111
10111100011000101110011111011111111
10111100011000000101100000111111111
10111100001100001000001110011111111
10111100000000001010111100111111111
10111011111000001101101011011111111
10111011110000010000011010011111111
10111011101100010011001001011111111
10111011101000010101111000111111111
10111011101000011000101000011111111
10111011001100011011011000011111111
10111011010000011110001000011111111
10111011010000100000111000011111111
10111011011000100011101000011111111
10111011011100100110010111111111111
10111011101000101001000110111111111
10111011110000101011110101111111111
10111011111100101110100011111111111
10111011111100000101011100011111111
10111011110000001000001010011111111
10111011101000001010111001011111111
10111011011100001101101000011111111
10111011011000010000010111111111111
10111011010000010011000111111111111
10111011010000010101110111111111111
10111011001100011000100111111111111
10111010110100011011011000011111111
10111010110100011110001001011111111
10111010111000100000111001111111111
10111010111100100011101010011111111
10111011000100100110011010011111111
10111011001100101001001010011111111
10111011011000101011111001011111111
10111011100100101110101000011111111
10111011100100000101010111111111111
10111011011000001000000110111111111
10111011001100001010110101111111111
10111011000100001101100101111111111
10111010111100010000010101111111111
10111010111000010011000110011111111
10111010110100010101110110111111111
10111010110100011000100111111111111
10111010011000011011011000111111111
10111010011000011110001010011111111
10111010011100100000111011011111111
10111010100100100011101100011111111
10111010101000100110011101011111111
10111010110000101001001101011111111
10111010111100101011111101011111111
10111011001000101110101100111111111
10111011001000000101010011011111111
10111010111100001000000010111111111
10111010110000001010110010111111111
10111010101000001101100010111111111
10111010100100010000010011111111111
10111010011100010011000100111111111
10111010011000010101110101111111111
10111010011000011000100111011111111
10111001111100011011011001011111111
10111010000000011110001010111111111
10111010000100100000111100111111111
10111010001000100011101110011111111
10111010010000100110011111111111111
10111010011000101001010000111111111
10111010100100101100000001011111111
10111010110000101110110001011111111
10111010110000000101001110111111111
10111010100100000111111110111111111
10111010011000001010101111011111111
10111010010000001101100000011111111
10111010001000010000010001111111111
10111010000100010011000011011111111
10111010000000010101110101011111111
10111001111100011000100110111111111
10111001100100011011011001011111111
10111001100100011110001011111111111
10111001101000100000111110011111111
10111001101100100011110000111111111
10111001110100100110100010111111111
10111001111100101001010100011111111
10111010001000101100000101011111111
10111010010100101110110110011111111
10111010010100000101001001111111111
10111010001000000111111010111111111
10111001111100001010101011111111111
10111001110100001101011101011111111
10111001101100010000001111011111111
10111001101000010011000001111111111
10111001100100010101110100011111111
10111001100100011000100110111111111
10111001001000011011011001111111111
10111001001100011110001100111111111
10111001010000100000111111111111111
10111001010100100011110010111111111
10111001011100100110100101011111111
10111001100100101001010111111111111
10111001101100101100001001011111111
10111001111100101110111010111111111
10111001111100000101000101011111111
10111001101100000111110110111111111
10111001100100001010101000011111111
10111001011100001101011010111111111
10111001010100010000001101011111111
10111001010000010011000000011111111
10111001001100010101110011011111111
10111001001000011000100110011111111
11000101111000011011010000111111111
11000101111000011101110010111111111
11000101111100100000010100011111111
11000110000000100010110101111111111
11000110000100100101010110111111111
11000110001100100111110111111111111
11000110011000101010011000011111111
11000110100100101100111000111111111
11000110100100000111000111011111111
11000110011000001001100111111111111
11000110001100001100001000011111111
11000110000100001110101001011111111
11000110000000010001001010011111111
11000101111100010011101011111111111
11000101111000010110001101011111111
11000101111000011000101111011111111
11000101011100011011010001011111111
11000101011100011101110011011111111
11000101100000100000010101011111111
11000101100100100010110111011111111
11000101101100100101011001011111111
11000101110100100111111010111111111
11000101111100101010011011111111111
11000110001000101100111100011111111
11000110001000000111000011111111111
11000101111100001001100100011111111
11000101110100001100000101011111111
11000101101100001110100110111111111
11000101100100010001001000111111111
11000101100000010011101010111111111
11000101011100010110001100111111111
11000101011100011000101110111111111
11000101000000011011010001011111111
11000101000100011101110100011111111
11000101001000100000010110111111111
11000101001100100010111001011111111
11000101010000100101011011011111111
11000101011000100111111101011111111
11000101100100101010011110111111111
11000101110000101101000000011111111
11000101110000000110111111111111111
11000101100100001001100001011111111
11000101011000001100000010111111111
11000101010000001110100100111111111
11000101001100010001000110111111111
11000101001000010011101001011111111
11000101000100010110001011111111111
11000101000000011000101110111111111
11000100101000011011010001111111111
11000100101000011101110100111111111
11000100101100100000010111111111111
11000100110000100010111010111111111
11000100111000100101011101111111111
11000101000000101000000000011111111
11000101001000101010100010011111111
11000101010100101101000100011111111
11000101010100000110111011111111111
11000101001000001001011101111111111
11000101000000001011111111111111111
11000100111000001110100010011111111
11000100110000010001000101011111111
11000100101100010011101000011111111
11000100101000010110001011011111111
11000100101000011000101110011111111
11000100001100011011010001111111111
11000100010000011101110101111111111
11000100010100100000011001011111111
11000100011000100010111100111111111
11000100011100100101100000011111111
11000100100100101000000011011111111
11000100110000101010100101111111111
11000100111000101101000111111111111
11000100111000000110111000011111111
11000100110000001001011010011111111
11000100100100001011111100111111111
11000100011100001110011111111111111
11000100011000010001000011011111111
11000100010100010011100110111111111
11000100010000010110001010011111111
11000100001100011000101110011111111
11000011110100011011010010011111111
11000011110100011101110110011111111
11000011111000100000011010111111111
11000011111100100010111110111111111
11000100000100100101100010011111111
11000100001100101000000101111111111
11000100010100101010101001011111111
11000100100000101101001011111111111
11000100100000000110110100011111111
11000100010100001001010110111111111
11000100001100001011111010011111111
11000100000100001110011101111111111
11000011111100010001000001011111111
11000011111000010011100101011111111
11000011110100010110001001111111111
11000011110100011000101101111111111
11000011011000011011010010011111111
11000011011100011101110111011111111
11000011011100100000011011111111111
11000011100100100011000000011111111
11000011101000100101100100111111111
11000011110000101000001000111111111
11000011111100101010101100011111111
11000100000100101101001111111111111
11000100000100000110110000011111111
11000011111100001001010011111111111
11000011110000001011110111011111111
11000011101000001110011011011111111
11000011100100010000111111111111111
11000011011100010011100100011111111
11000011011100010110001000111111111
11000011011000011000101101111111111
11000011000000011011010010111111111
11000011000000011101111000011111111
11000011000100100000011101011111111
11000011001000100011000010011111111
11000011010000100101100111011111111
11000011011000101000001011111111111
11000011100000101010101111111111111
11000011101100101101010011111111111
11000011101100000110101100011111111
11000011100000001001010000011111111
11000011011000001011110100011111111
11000011010000001110011000111111111
11000011001000010000111101111111111
11000011000100010011100010111111111
11000011000000010110000111111111111
11000011000000011000101101011111111
11000010100100011011010010111111111
11000010101000011101111000111111111
11000010101000100000011110111111111
11000010110000100011000100011111111
11000010110100100101101001111111111
11000010111100101000001110111111111
11000011001000101010110011011111111
11000011010000101101010111111111111
11000011010000000110101000011111111
11000011001000001001001100111111111
11000010111100001011110001011111111
11000010110100001110010110011111111
11000010110000010000111011111111111
11000010101000010011100001011111111
11000010101000010110000111011111111
11000010100100011000101101011111111
11000010001100011011010011011111111
11000010001100011101111001111111111
11000010010000100000011111111111111
11000010010100100011000110011111111
11000010011100100101101011111111111
11000010100100101000010001111111111
11000010101100101010110110111111111
11000010111000101101011011111111111
11000010111000000110100100011111111
11000010101100001001001001011111111
11000010100100001011101110011111111
11000010011100001110010100011111111
11000010010100010000111001111111111
11000010010000010011100000011111111
11000010001100010110000110011111111
11000010001100011000101100111111111
11000001110000011011010011011111111
11000001110000011101111010011111111
11000001110100100000100001011111111
11000001111000100011000111111111111
11000010000000100101101110011111111
11000010001000101000010100111111111
11000010010100101010111010011111111
11000010011100101101011111111111111
11000010011100000110100000011111111
11000010010100001001000101111111111
11000010001000001011101011011111111
11000010000000001110010001111111111
11000001111000010000111000011111111
11000001110100010011011110111111111
11000001110000010110000101111111111
11000001110000011000101100111111111
11000001010100011011010011111111111
11000001011000011101111011011111111
11000001011100100000100010111111111
11000001100000100011001001111111111
11000001101000100101110000111111111
11000001110000101000010111111111111
11000001111000101010111101111111111
11000010000100101101100011111111111
11000010000100000110011100011111111
11000001111000001001000010011111111
11000001110000001011101000011111111
11000001101000001110001111011111111
11000001100000010000110110011111111
11000001011100010011011101011111111
11000001011000010110000100111111111
11000001010100011000101100011111111
11000000111100011011010100011111111
11000000111100011101111100011111111
11000001000000100000100100011111111
11000001000100100011001011111111111
11000001001100100101110011011111111
11000001010100101000011010111111111
11000001011100101011000001011111111
11000001101000101101100111111111111
11000001101000000110011000011111111
11000001011100001000111110111111111
11000001010100001011100101011111111
11000001001100001110001100111111111
11000001000100010000110100011111111
11000001000000010011011011111111111
11000000111100010110000011111111111
11000000111100011000101011111111111
11000000100000011011010100011111111
11000000100100011101111100111111111
11000000101000100000100101011111111
11000000101100100011001101111111111
11000000110000100101110101111111111
11000000111000101000011101111111111
11000001000100101011000100111111111
11000001010000101101101011111111111
11000001010000000110010100011111111
11000001000100001000111011011111111
11000000111000001011100010011111111
11000000110000001110001010011111111
11000000101100010000110010011111111
11000000101000010011011010111111111
11000000100100010110000011011111111
11000000100000011000101011111111111
11000000001000011011010100111111111
11000000001000011101111101111111111
11000000001100100000100110111111111
11000000010000100011001111111111111
11000000011000100101111000011111111
11000000100000101000100000111111111
11000000101000101011001000111111111
11000000110100101101110000011111111
11000000110100000110001111111111111
11000000101000001000110111011111111
11000000100000001011011111011111111
11000000011000001110000111111111111
11000000010000010000110000011111111
11000000001100010011011001011111111
11000000001000010110000010011111111
11000000001000011000101011011111111
10111111101100011011010100111111111
10111111110000011101111110111111111
10111111110000100000101000011111111
10111111111000100011010001111111111
10111111111100100101111010111111111
11000000000100101000100011111111111
11000000010000101011001100011111111
11000000011100101101110100011111111
11000000011100000110001011111111111
11000000010000001000110011111111111
11000000000100001011011100011111111
10111111111100001110000101011111111
10111111111000010000101110011111111
10111111110000010011010111111111111
10111111110000010110000001011111111
10111111101100011000101011011111111
