11000010100100011010101001011111111
11000010100100011011111100011111111
11000010100100011101001111011111111
11000010101000011110100010011111111
11000010101000011111110101011111111
11000010101100100001001000011111111
11000010101100100010011010111111111
11000010110000100011101101111111111
11000010110100100101000000011111111
11000010111000100110010010111111111
11000010111100100111100101011111111
11000011000000101000110111111111111
11000011000100101010001010011111111
11000011001000101011011100011111111
11000011010000101100101110111111111
11000011010100101110000000111111111
11000011010100000101111111011111111
11000011010000000111010001011111111
11000011001000001000100011111111111
11000011000100001001110101111111111
11000011000000001011001000011111111
11000010111100001100011010111111111
11000010111000001101101101011111111
11000010110100001110111111111111111
11000010110000010000010010011111111
11000010101100010001100101011111111
11000010101100010010110111111111111
11000010101000010100001010111111111
11000010101000010101011101111111111
11000010100100010110110000111111111
11000010100100011000000011111111111
11000010100100011001010110111111111
11000010001100011010101001111111111
11000010001100011011111100111111111
11000010001100011101010000011111111
11000010001100011110100011011111111
11000010010000011111110110011111111
11000010010000100001001001011111111
11000010010100100010011100111111111
11000010010100100011101111111111111
11000010011000100101000010111111111
11000010011100100110010101011111111
11000010100000100111101000011111111
11000010100100101000111010111111111
11000010101000101010001101111111111
11000010110000101011100000011111111
11000010110100101100110010011111111
11000010111100101110000100111111111
11000010111100000101111011011111111
11000010110100000111001101111111111
11000010110000001000011111111111111
11000010101000001001110010011111111
11000010100100001011000101011111111
11000010100000001100010111111111111
11000010011100001101101010111111111
11000010011000001110111101011111111
11000010010100010000010000011111111
11000010010100010001100011011111111
11000010010000010010110110111111111
11000010010000010100001001111111111
11000010001100010101011100111111111
11000010001100010110101111111111111
11000010001100011000000011011111111
11000010001100011001010110011111111
11000001110000011010101001111111111
11000001110000011011111101011111111
11000001110000011101010000111111111
11000001110100011110100100011111111
11000001110100011111110111111111111
11000001110100100001001010111111111
11000001111000100010011110011111111
11000001111100100011110001111111111
11000010000000100101000100111111111
11000010000100100110010111111111111
11000010001000100111101011011111111
11000010001100101000111110011111111
11000010010000101010010000111111111
11000010010100101011100011111111111
11000010011100101100110110011111111
11000010100000101110001000111111111
11000010100000000101110111011111111
11000010011100000111001001111111111
11000010010100001000011100011111111
11000010010000001001101111011111111
11000010001100001011000001111111111
11000010001000001100010100111111111
11000010000100001101101000011111111
11000010000000001110111011011111111
11000001111100010000001110011111111
11000001111000010001100001111111111
11000001110100010010110101011111111
11000001110100010100001000011111111
11000001110100010101011011111111111
11000001110000010110101111011111111
11000001110000011000000010111111111
11000001110000011001010110011111111
11000001010100011010101001111111111
11000001011000011011111101111111111
11000001011000011101010001011111111
11000001011000011110100101011111111
11000001011000011111111000111111111
11000001011100100001001100011111111
11000001100000100010100000011111111
11000001100000100011110011111111111
11000001100100100101000111011111111
11000001101000100110011010111111111
11000001101100100111101101111111111
11000001110000101001000001011111111
11000001110100101010010100011111111
11000001111100101011100111011111111
11000010000000101100111010011111111
11000010001000101110001101011111111
11000010001000000101110010111111111
11000010000000000111000101111111111
11000001111100001000011000111111111
11000001110100001001101011111111111
11000001110000001010111110111111111
11000001101100001100010010011111111
11000001101000001101100101011111111
11000001100100001110111000111111111
11000001100000010000001100011111111
11000001100000010001011111111111111
11000001011100010010110011111111111
11000001011000010100000111011111111
11000001011000010101011010111111111
11000001011000010110101110111111111
11000001011000011000000010011111111
11000001010100011001010110011111111
11000000111100011010101010011111111
11000000111100011011111110011111111
11000000111100011101010010011111111
11000000111100011110100110011111111
11000001000000011111111010011111111
11000001000000100001001101111111111
11000001000100100010100001111111111
11000001001000100011110101111111111
11000001001100100101001001011111111
11000001001100100110011101011111111
11000001010000100111110000111111111
11000001011000101001000100011111111
11000001011100101010010111111111111
11000001100000101011101011011111111
11000001101000101100111110011111111
11000001101100101110010001011111111
11000001101100000101101110111111111
11000001101000000111000001111111111
11000001100000001000010100111111111
11000001011100001001101000011111111
11000001011000001010111011111111111
11000001010000001100001111011111111
11000001001100001101100010111111111
11000001001100001110110110111111111
11000001001000010000001010011111111
11000001000100010001011110011111111
11000001000000010010110010011111111
11000001000000010100000101111111111
11000000111100010101011001111111111
11000000111100010110101101111111111
11000000111100011000000001111111111
11000000111100011001010101111111111
11000000100000011010101010011111111
11000000100000011011111110011111111
11000000100100011101010010111111111
11000000100100011110100111011111111
11000000100100011111111011011111111
11000000101000100001001111111111111
11000000101000100010100011111111111
11000000101100100011110111111111111
11000000110000100101001011111111111
11000000110100100110011111111111111
11000000111000100111110011111111111
11000000111100101001000111011111111
11000001000000101010011011011111111
11000001001000101011101110111111111
11000001001100101101000010011111111
11000001010100101110010101111111111
11000001010100000101101010011111111
11000001001100000110111101111111111
11000001001000001000010001011111111
11000001000000001001100100111111111
11000000111100001010111000111111111
11000000111000001100001100011111111
11000000110100001101100000011111111
11000000110000001110110100011111111
11000000101100010000001000011111111
11000000101000010001011100011111111
11000000101000010010110000011111111
11000000100100010100000100111111111
11000000100100010101011000111111111
11000000100100010110101101011111111
11000000100000011000000001111111111
11000000100000011001010101111111111
11000000001000011010101010011111111
11000000001000011011111110111111111
11000000001000011101010011011111111
11000000001000011110101000011111111
11000000001100011111111100111111111
11000000001100100001010001011111111
11000000010000100010100101011111111
11000000010100100011111001111111111
11000000010100100101001110011111111
11000000011000100110100010011111111
11000000011100100111110110111111111
11000000100100101001001010111111111
11000000101000101010011110111111111
11000000101100101011110010011111111
11000000110100101101000110011111111
11000000111000101110011001111111111
11000000111000000101100110011111111
11000000110100000110111001111111111
11000000101100001000001101111111111
11000000101000001001100001011111111
11000000100100001010110101011111111
11000000011100001100001001011111111
11000000011000001101011101111111111
11000000010100001110110001111111111
11000000010100010000000110011111111
11000000010000010001011010111111111
11000000001100010010101110111111111
11000000001100010100000011011111111
11000000001000010101010111111111111
11000000001000010110101100111111111
11000000001000011000000001011111111
11000000001000011001010101111111111
10111111101100011010101010011111111
10111111101100011011111111011111111
10111111101100011101010100011111111
10111111110000011110101001011111111
10111111110000011111111101111111111
10111111110100100001010010111111111
10111111110100100010100111011111111
10111111111000100011111011111111111
10111111111100100101010000111111111
11000000000000100110100101011111111
11000000000100100111111001111111111
11000000001000101001001101111111111
11000000001100101010100010011111111
11000000010100101011110110011111111
11000000011000101101001010011111111
11000000100000101110011110011111111
11000000100000000101100001111111111
11000000011000000110110101111111111
11000000010100001000001001111111111
11000000001100001001011101111111111
11000000001000001010110010011111111
11000000000100001100000110011111111
11000000000000001101011010111111111
10111111111100001110101111011111111
10111111111000010000000100011111111
10111111110100010001011000111111111
10111111110100010010101101011111111
10111111110000010100000010011111111
10111111110000010101010110111111111
10111111101100010110101011111111111
10111111101100011000000000111111111
10111111101100011001010101111111111
11000101111000011010101000011111111
11000101111000011011111001011111111
11000101111000011101001010011111111
11000101111000011110011010111111111
11000101111100011111101011111111111
11000101111100100000111100011111111
11000110000000100010001101011111111
11000110000000100011011101111111111
11000110000100100100101110011111111
11000110001000100101111111011111111
11000110001100100111001111111111111
11000110010000101000011111111111111
11000110010100101001110000011111111
11000110011000101011000000011111111
11000110100000101100010000111111111
11000110100100101101100000111111111
11000110100100000110011111011111111
11000110100000000111101111011111111
11000110011000001000111111111111111
11000110010100001010001111111111111
11000110010000001011100000011111111
11000110001100001100110000011111111
11000110001000001110000000111111111
11000110000100001111010001111111111
11000110000000010000100010011111111
11000110000000010001110010111111111
11000101111100010011000011111111111
11000101111100010100010100011111111
11000101111000010101100101011111111
11000101111000010110110101111111111
11000101111000011000000110111111111
11000101111000011001010111111111111
11000101011100011010101000111111111
11000101011100011011111001111111111
11000101011100011101001010111111111
11000101100000011110011011111111111
11000101100000011111101100111111111
11000101100000100000111101111111111
11000101100100100010001110111111111
11000101101000100011011111111111111
11000101101100100100110000111111111
11000101101100100110000001011111111
11000101110000100111010010011111111
11000101110100101000100010111111111
11000101111100101001110011011111111
11000110000000101011000011111111111
11000110000100101100010100011111111
11000110001100101101100100011111111
11000110001100000110011011111111111
11000110000100000111101011111111111
11000110000000001000111100011111111
11000101111100001010001100111111111
11000101110100001011011101011111111
11000101110000001100101101111111111
11000101101100001101111110111111111
11000101101100001111001111011111111
11000101101000010000100000011111111
11000101100100010001110001011111111
11000101100000010011000010011111111
11000101100000010100010011011111111
11000101100000010101100100011111111
11000101011100010110110101011111111
11000101011100011000000110011111111
11000101011100011001010111011111111
11000101000000011010101000111111111
11000101000100011011111010011111111
11000101000100011101001011011111111
11000101000100011110011100111111111
11000101000100011111101110011111111
11000101001000100000111111011111111
11000101001000100010010000111111111
11000101001100100011100001111111111
11000101010000100100110010111111111
11000101010100100110000011111111111
11000101011000100111010100111111111
11000101011100101000100101111111111
11000101100000101001110110111111111
11000101100100101011000111011111111
11000101101100101100010111111111111
11000101110000101101101000011111111
11000101110000000110010111111111111
11000101101100000111101000011111111
11000101100100001000111000111111111
11000101100000001010001001011111111
11000101011100001011011010011111111
11000101011000001100101011011111111
11000101010100001101111100011111111
11000101010000001111001101011111111
11000101001100010000011110011111111
11000101001000010001101111011111111
11000101001000010011000000111111111
11000101000100010100010001111111111
11000101000100010101100011011111111
11000101000100010110110100111111111
11000101000100011000000101111111111
11000101000000011001010111011111111
11000100101000011010101000111111111
11000100101000011011111010011111111
11000100101000011101001100011111111
11000100101000011110011101111111111
11000100101100011111101111011111111
11000100101100100001000000111111111
11000100110000100010010010011111111
11000100110100100011100011111111111
11000100110100100100110101011111111
11000100111000100110000110011111111
11000100111100100111010111111111111
11000101000000101000101000111111111
11000101001000101001111001111111111
11000101001100101011001010111111111
11000101010000101100011011111111111
11000101011000101101101100011111111
11000101011000000110010011111111111
11000101010000000111100100011111111
11000101001100001000110101011111111
11000101001000001010000110011111111
11000101000000001011010111011111111
11000100111100001100101000011111111
11000100111000001101111001111111111
11000100110100001111001010111111111
11000100110100010000011100011111111
11000100110000010001101101111111111
11000100101100010010111111011111111
11000100101100010100010000111111111
11000100101000010101100010011111111
11000100101000010110110011111111111
11000100101000011000000101111111111
11000100101000011001010111011111111
11000100001100011010101000111111111
11000100001100011011111010111111111
11000100010000011101001100111111111
11000100010000011110011110111111111
11000100010000011111110000011111111
11000100010100100001000010011111111
11000100010100100010010011111111111
11000100011000100011100101111111111
11000100011100100100110111011111111
11000100100000100110001000111111111
11000100100100100111011010011111111
11000100101000101000101011111111111
11000100101100101001111101011111111
11000100110000101011001110011111111
11000100111000101100011111011111111
11000100111100101101110000011111111
11000100111100000110001111111111111
11000100111000000111100000111111111
11000100110000001000110001111111111
11000100101100001010000010111111111
11000100101000001011010100011111111
11000100100100001100100101111111111
11000100100000001101110111011111111
11000100011100001111001000111111111
11000100011000010000011010011111111
11000100010100010001101100011111111
11000100010100010010111101111111111
11000100010000010100001111111111111
11000100010000010101100001011111111
11000100010000010110110011011111111
11000100001100011000000101011111111
11000100001100011001010111011111111
11000011110100011010101001011111111
11000011110100011011111011011111111
11000011110100011101001101011111111
11000011110100011110011111011111111
11000011111000011111110001111111111
11000011111000100001000011111111111
11000011111100100010010101111111111
11000100000000100011100111111111111
11000100000000100100111001011111111
11000100000100100110001011011111111
11000100001000100111011101011111111
11000100001100101000101110111111111
11000100010100101010000000011111111
11000100011000101011010001111111111
11000100011100101100100011011111111
11000100100100101101110100011111111
11000100100100000110001011111111111
11000100011100000111011100111111111
11000100011000001000101110011111111
11000100010100001001111111111111111
11000100001100001011010001011111111
11000100001000001100100010111111111
11000100000100001101110100111111111
11000100000000001111000110111111111
11000100000000010000011000011111111
11000011111100010001101010011111111
11000011111000010010111100011111111
11000011111000010100001110011111111
11000011110100010101100000111111111
11000011110100010110110010111111111
11000011110100011000000100111111111
11000011110100011001010110111111111
11000011011000011010101001011111111
11000011011000011011111011111111111
11000011011000011101001110011111111
11000011011100011110100000011111111
11000011011100011111110010111111111
11000011100000100001000101011111111
11000011100000100010010111011111111
11000011100100100011101001111111111
11000011101000100100111011111111111
11000011101100100110001101111111111
11000011110000100111011111111111111
11000011110100101000110001111111111
11000011111000101010000011111111111
11000011111100101011010101011111111
11000100000100101100100110111111111
11000100001000101101111000011111111
11000100001000000110000111111111111
11000100000100000111011001011111111
11000011111100001000101010111111111
11000011111000001001111100011111111
11000011110100001011001110011111111
11000011110000001100100000011111111
11000011101100001101110010011111111
11000011101000001111000100011111111
11000011100100010000010110011111111
11000011100000010001101000111111111
11000011100000010010111010111111111
11000011011100010100001101011111111
11000011011100010101011111111111111
11000011011000010110110001111111111
11000011011000011000000100011111111
11000011011000011001010110111111111
11000011000000011010101001011111111
11000011000000011011111100011111111
11000011000000011101001110111111111
11000011000000011110100001011111111
11000011000100011111110011111111111
11000011000100100001000110111111111
11000011001000100010011001011111111
11000011001000100011101011111111111
11000011001100100100111101111111111
11000011010000100110010000011111111
11000011010100100111100010111111111
11000011011000101000110100111111111
11000011011100101010000110111111111
11000011100100101011011000111111111
11000011101000101100101010111111111
11000011110000101101111100111111111
11000011110000000110000011011111111
11000011101000000111010101011111111
11000011100100001000100111011111111
11000011011100001001111001011111111
11000011011000001011001011011111111
11000011010100001100011101011111111
11000011010000001101101111111111111
11000011001100001111000010011111111
11000011001000010000010100011111111
11000011001000010001100110111111111
11000011000100010010111001011111111
11000011000100010100001100011111111
11000011000000010101011110111111111
11000011000000010110110001011111111
11000011000000011000000011111111111
11000011000000011001010110111111111
