11000111110100011011001111111011101
11000111110100011101101110111011101
11000111111000100000001110011011101
11000111111100100010101101011011101
11001000000100100101001011111011101
11001000001100100111101010011011101
11001000010100101010001000111011101
11001000100000101100100110111011101
11001000100000000111011001011011101
11001000010100001001110111011011101
11001000001100001100010101111011101
11001000000100001110110100011011101
11000111111100010001010010111011101
11000111111000010011110001111011101
11000111110100010110010001011011101
11000111110100011000110000011011101
11000111011100011011001111111011101
11000111011100011101101111111011101
11000111100000100000001111011011101
11000111100100100010101110111011101
11000111101000100101001110011011101
11000111110000100111101101011011101
11000111111100101010001011111011101
11001000000100101100101010011011101
11001000000100000111010101111011101
11000111111100001001110100011011101
11000111110000001100010010111011101
11000111101000001110110001111011101
11000111100100010001010001011011101
11000111100000010011110000111011101
11000111011100010110010000011011101
11000111011100011000110000011011101
11000111000000011011010000011011101
11000111000000011101110000011011101
11000111000100100000010000111011101
11000111001000100010110000111011101
11000111010000100101010000011011101
11000111011000100111101111111011101
11000111100000101010001111011011101
11000111101100101100101101111011101
11000111101100000111010010011011101
11000111100000001001110000111011101
11000111011000001100010000011011101
11000111010000001110101111111011101
11000111001000010001001111011011101
11000111000100010011101111011011101
11000111000000010110001111111011101
11000111000000011000101111111011101
11000110100100011011010000011011101
11000110101000011101110001011011101
11000110101100100000010001111011101
11000110110000100010110010011011101
11000110110100100101010010111011101
11000110111100100111110010111011101
11000111001000101010010010011011101
11000111010000101100110001111011101
11000111010000000111001110011011101
11000111001000001001101101111011101
11000110111100001100001101011011101
11000110110100001110101101011011101
11000110110000010001001101111011101
11000110101100010011101110011011101
11000110101000010110001110111011101
11000110100100011000101111111011101
11000110001100011011010000111011101
11000110001100011101110001111011101
11000110010000100000010011011011101
11000110010100100010110100011011101
11000110011100100101010100111011101
11000110100100100111110101011011101
11000110101100101010010101111011101
11000110111000101100110101011011101
11000110111000000111001010111011101
11000110101100001001101010011011101
11000110100100001100001010111011101
11000110011100001110101011011011101
11000110010100010001001011111011101
11000110010000010011101100111011101
11000110001100010110001110011011101
11000110001100011000101111011011101
11000101110000011011010000111011101
11000101110100011101110010111011101
11000101110100100000010100011011101
11000101111100100010110101111011101
11000110000000100101010111011011101
11000110001000100111111000011011101
11000110010100101010011000111011101
11000110011100101100111001011011101
11000110011100000111000110111011101
11000110010100001001100111011011101
11000110001000001100000111111011101
11000110000000001110101000111011101
11000101111100010001001010011011101
11000101110100010011101011111011101
11000101110100010110001101011011101
11000101110000011000101111011011101
11000101011000011011010001011011101
11000101011000011101110011011011101
11000101011100100000010101111011101
11000101100000100010110111111011101
11000101101000100101011001111011101
11000101110000100111111011011011101
11000101111000101010011100011011101
11000110000100101100111101011011101
11000110000100000111000010111011101
11000101111000001001100011111011101
11000101110000001100000100111011101
11000101101000001110100110011011101
11000101100000010001001000011011101
11000101011100010011101010011011101
11000101011000010110001100111011101
11000101011000011000101110111011101
11000100111100011011010001011011101
11000101000000011101110100011011101
11000101000000100000010110111011101
11000101001000100010111001011011101
11000101001100100101011011111011101
11000101010100100111111101111011101
11000101100000101010011111111011101
11000101101000101101000000111011101
11000101101000000110111111011011101
11000101100000001001100000011011101
11000101010100001100000010011011101
11000101001100001110100100011011101
11000101001000010001000110111011101
11000101000000010011101001011011101
11000101000000010110001011111011101
11000100111100011000101110111011101
11000100100100011011010001111011101
11000100100100011101110101011011101
11000100101000100000011000011011101
11000100101100100010111011011011101
11000100110100100101011110011011101
11000100111100101000000000111011101
11000101000100101010100010111011101
11000101010000101101000100111011101
11000101010000000110111011011011101
11000101000100001001011101011011101
11000100111100001011111111011011101
11000100110100001110100001111011101
11000100101100010001000100111011101
11000100101000010011100111111011101
11000100100100010110001010111011101
11000100100100011000101110011011101
11000100001000011011010001111011101
11000100001000011101110101111011101
11000100001100100000011001111011101
11000100010000100010111101011011101
11000100011000100101100000011011101
11000100100000101000000011111011101
11000100101000101010100110011011101
11000100110100101101001000111011101
11000100110100000110110111011011101
11000100101000001001011001111011101
11000100100000001011111100011011101
11000100011000001110011111111011101
11000100010000010001000010111011101
11000100001100010011100110011011101
11000100001000010110001010011011101
11000100001000011000101110011011101
11000011110000011011010010011011101
11000011110000011101110110111011101
11000011110100100000011010111011101
11000011111000100010111110111011101
11000100000000100101100010111011101
11000100001000101000000110011011101
11000100010000101010101001111011101
11000100011100101101001100111011101
11000100011100000110110011011011101
11000100010000001001010110011011101
11000100001000001011111001111011101
11000100000000001110011101011011101
11000011111000010001000001011011101
11000011110100010011100101011011101
11000011110000010110001001011011101
11000011110000011000101101111011101
11000011010100011011010010011011101
11000011010100011101110111011011101
11000011011000100000011100011011101
11000011011100100011000000111011101
11000011100100100101100101011011101
11000011101100101000001001011011101
11000011110100101010101101011011101
11000100000000101101010000011011101
11000100000000000110101111111011101
11000011110100001001010010111011101
11000011101100001011110110111011101
11000011100100001110011010111011101
11000011011100010000111111011011101
11000011011000010011100011111011101
11000011010100010110001000111011101
11000011010100011000101101111011101
11000010111000011011010010111011101
11000010111100011101111000011011101
11000011000000100000011101111011101
11000011000100100011000010111011101
11000011001000100101100111111011101
11000011010000101000001100011011101
11000011011100101010110000111011101
11000011101000101101010100011011101
11000011101000000110101011111011101
11000011011100001001001111011011101
11000011010000001011110011111011101
11000011001000001110011000011011101
11000011000100010000111101011011101
11000011000000010011100010011011101
11000010111100010110000111111011101
11000010111000011000101101011011101
11000010100000011011010011011011101
11000010100000011101111000111011101
11000010100100100000011110111011101
11000010101000100011000100111011101
11000010110000100101101010011011101
11000010111000101000001111011011101
11000011000000101010110100011011101
11000011001100101101011000011011101
11000011001100000110100111111011101
11000011000000001001001011111011101
11000010111000001011110000111011101
11000010110000001110010101111011101
11000010101000010000111011011011101
11000010100100010011100001011011101
11000010100000010110000111011011101
11000010100000011000101100111011101
11000010000100011011010011011011101
11000010001000011101111001111011101
11000010001100100000100000011011101
11000010010000100011000110011011101
11000010010100100101101100011011101
11000010011100101000010010011011101
11000010101000101010110111011011101
11000010110100101101011100011011101
11000010110100000110100011111011101
11000010101000001001001000111011101
11000010011100001011101101111011101
11000010010100001110010011111011101
11000010010000010000111001111011101
11000010001100010011011111111011101
11000010001000010110000110011011101
11000010000100011000101100111011101
11000001101100011011010011111011101
11000001101100011101111010111011101
11000001110000100000100001111011101
11000001110100100011001000011011101
11000001111100100101101110111011101
11000010000100101000010101011011101
11000010001100101010111010111011101
11000010011000101101100000011011101
11000010011000000110011111111011101
11000010001100001001000100111011101
11000010000100001011101010111011101
11000001111100001110010001011011101
11000001110100010000110111111011101
11000001110000010011011110011011101
11000001101100010110000101011011101
11000001101100011000101100011011101
11001110011000011011001011111011101
11001110011000011101100011111011101
11001110011100011111111011011011101
11001110100000100010010010111011101
11001110101000100100101010011011101
11001110110000100111000001011011101
11001110111000101001010111111011101
11001111000000101011101110011011101
11001111000000001000010001111011101
11001110111000001010101000011011101
11001110110000001100111110111011101
11001110101000001111010101111011101
11001110100000010001101101011011101
11001110011100010100000100111011101
11001110011000010110011100011011101
11001110011000011000110100011011101
11001101111100011011001100011011101
11001110000000011101100100011011101
11001110000100011111111100011011101
11001110001000100010010100011011101
11001110001100100100101100011011101
11001110010100100111000011111011101
11001110011100101001011010111011101
11001110101000101011110001111011101
11001110101000001000001110011011101
11001110011100001010100101011011101
11001110010100001100111100011011101
11001110001100001111010011111011101
11001110001000010001101011111011101
11001110000100010100000011111011101
11001110000000010110011011111011101
11001101111100011000110011111011101
11001101100100011011001100011011101
11001101100100011101100100111011101
11001101101000011111111101011011101
11001101101100100010010101111011101
11001101110100100100101110011011101
11001101111000100111000110011011101
11001110000100101001011101111011101
11001110001100101011110101011011101
11001110001100001000001010111011101
11001110000100001010100010011011101
11001101111000001100111001111011101
11001101110100001111010001111011101
11001101101100010001101010011011101
11001101101000010100000010111011101
11001101100100010110011011011011101
11001101100100011000110011111011101
11001101001000011011001100111011101
11001101001100011101100101111011101
11001101001100011111111110111011101
11001101010100100010010111011011101
11001101011000100100110000011011101
11001101100000100111001000111011101
11001101101000101001100000111011101
11001101110100101011111000111011101
11001101110100001000000111011011101
11001101101000001010011111011011101
11001101100000001100110111011011101
11001101011000001111001111111011101
11001101010100010001101000111011101
11001101001100010100000001011011101
11001101001100010110011010011011101
11001101001000011000110011011011101
11001100110000011011001100111011101
11001100110000011101100110011011101
11001100110100011111111111111011101
11001100111000100010011001011011101
11001100111100100100110010011011101
11001101000100100111001011011011101
11001101010000101001100011111011101
11001101011000101011111100011011101
11001101011000001000000011111011101
11001101010000001010011100011011101
11001101000100001100110100111011101
11001100111100001111001101111011101
11001100111000010001100110111011101
11001100110100010100000000011011101
11001100110000010110011001111011101
11001100110000011000110011011011101
11001100010100011011001101011011101
11001100011000011101100110111011101
11001100011000100000000000111011101
11001100011100100010011010111011101
11001100100100100100110100011011101
11001100101100100111001101111011101
11001100110100101001100110111011101
11001101000000101011111111011011101
11001101000000001000000000111011101
11001100110100001010011001011011101
11001100101100001100110010011011101
11001100100100001111001011111011101
11001100011100010001100101011011101
11001100011000010011111111011011101
11001100011000010110011001011011101
11001100010100011000110010111011101
11001011111100011011001101011011101
11001011111100011101100111111011101
11001100000000100000000010011011101
11001100000100100010011100011011101
11001100001000100100110110011011101
11001100010000100111010000011011101
11001100011100101001101001111011101
11001100100100101100000010111011101
11001100100100000111111101011011101
11001100011100001010010110011011101
11001100010000001100101111111011101
11001100001000001111001001111011101
11001100000100010001100011111011101
11001100000000010011111101111011101
11001011111100010110011000011011101
11001011111100011000110010111011101
11001011100000011011001101011011101
11001011100000011101101000011011101
11001011100100100000000011011011101
11001011101000100010011101111011101
11001011110000100100111000011011101
11001011111000100111010010111011101
11001100000000101001101100111011101
11001100001100101100000110011011101
11001100001100000111111001111011101
11001100000000001010010011011011101
11001011111000001100101101011011101
11001011110000001111000111111011101
11001011101000010001100010011011101
11001011100100010011111100111011101
11001011100000010110010111111011101
11001011100000011000110010111011101
11001011001000011011001101111011101
11001011001000011101101001011011101
11001011001100100000000100011011101
11001011010000100010011111111011101
11001011010100100100111010111011101
11001011011100100111010101011011101
11001011100100101001101111111011101
11001011110000101100001001111011101
11001011110000000111110110011011101
11001011100100001010010000011011101
11001011011100001100101010111011101
11001011010100001111000101011011101
11001011010000010001100000011011101
11001011001100010011111011111011101
11001011001000010110010110111011101
11001011001000011000110010011011101
11001010101100011011001101111011101
11001010101100011101101001111011101
11001010110000100000000101111011101
11001010110100100010100001011011101
11001010111100100100111100111011101
11001011000100100111010111111011101
11001011001100101001110010111011101
11001011011000101100001101011011101
11001011011000000111110010111011101
11001011001100001010001101011011101
11001011000100001100101000011011101
11001010111100001111000011011011101
11001010110100010001011110111011101
11001010110000010011111010011011101
11001010101100010110010110011011101
11001010101100011000110010011011101
11001010010000011011001110011011101
11001010010100011101101010111011101
11001010011000100000000110111011101
11001010011100100010100010111011101
11001010100000100100111110111011101
11001010101000100111011010111011101
11001010110000101001110101111011101
11001010111100101100010000111011101
11001010111100000111101111011011101
11001010110000001010001010011011101
11001010101000001100100101011011101
11001010100000001111000001011011101
11001010011100010001011101011011101
11001010011000010011111001011011101
11001010010100010110010101011011101
11001010010000011000110001111011101
11001001111000011011001110011011101
11001001111000011101101011011011101
11001001111100100000000111111011101
11001010000000100010100100111011101
11001010001000100101000000111011101
11001010010000100111011101011011101
11001010011000101001111000111011101
11001010100100101100010100011011101
11001010100100000111101011111011101
11001010011000001010000111011011101
11001010010000001100100010111011101
11001010001000001110111111011011101
11001010000000010001011011011011101
11001001111100010011111000011011101
11001001111000010110010100111011101
11001001111000011000110001111011101
11001001011100011011001110111011101
11001001100000011101101011111011101
11001001100000100000001001011011101
11001001101000100010100110011011101
11001001101100100101000011011011101
11001001110100100111011111111011101
11001001111100101001111100011011101
11001010001000101100011000011011101
11001010001000000111100111111011101
11001001111100001010000011111011101
11001001110100001100100000011011101
11001001101100001110111100111011101
11001001101000010001011001111011101
11001001100000010011110110111011101
11001001100000010110010100011011101
11001001011100011000110001011011101
11001001000100011011001110111011101
11001001000100011101101100111011101
11001001001000100000001010011011101
11001001001100100010100111111011101
11001001010100100101000101011011101
11001001011100100111100010011011101
11001001100100101001111111011011101
11001001101100101100011011111011101
11001001101100000111100100011011101
11001001100100001010000000111011101
11001001011100001100011101111011101
11001001010100001110111010111011101
11001001001100010001011000011011101
11001001001000010011110101111011101
11001001000100010110010011011011101
11001001000100011000110001011011101
11001000101000011011001111011011101
11001000101100011101101101011011101
11001000101100100000001011111011101
11001000110100100010101001111011101
11001000111000100101000111111011101
11001001000000100111100101011011101
11001001001000101010000010011011101
11001001010100101100011111011011101
11001001010100000111100000111011101
11001001001000001001111101111011101
11001001000000001100011010111011101
11001000111000001110111000011011101
11001000110100010001010110011011101
11001000101100010011110100011011101
11001000101100010110010010111011101
11001000101000011000110000111011101
11001000010000011011001111011011101
11001000010000011101101110011011101
11001000010100100000001100111011101
11001000011000100010101011011011101
11001000100000100101001001111011101
11001000100100100111100111111011101
11001000110000101010000101111011101
11001000111000101100100010111011101
11001000111000000111011101011011101
11001000110000001001111010011011101
11001000100100001100011000011011101
11001000100000001110110110011011101
11001000011000010001010100111011101
11001000010100010011110011011011101
11001000010000010110010001111011101
11001000010000011000110000111011101
