11001011000100011010100110111011101
11001011001000011011110100111011101
11001011001000011101000010011011101
11001011001000011110001111111011101
11001011001000011111011101111011101
11001011001100100000101011011011101
11001011001100100001111000111011101
11001011010000100011000110011011101
11001011010100100100010011111011101
11001011011000100101100001011011101
11001011011100100110101110111011101
11001011100000100111111011111011101
11001011100100101001001001011011101
11001011101000101010010110011011101
11001011101100101011100011011011101
11001011110100101100110000011011101
11001011110100000111001111111011101
11001011101100001000011100111011101
11001011101000001001101001111011101
11001011100100001010110110111011101
11001011100000001100000100011011101
11001011011100001101010001011011101
11001011011000001110011110111011101
11001011010100001111101100011011101
11001011010000010000111001111011101
11001011001100010010000111011011101
11001011001100010011010100111011101
11001011001000010100100010011011101
11001011001000010101110000011011101
11001011001000010110111101111011101
11001011001000011000001011011011101
11001011000100011001011001011011101
11001010101100011010100110111011101
11001010101100011011110100111011101
11001010101100011101000010111011101
11001010110000011110010000111011101
11001010110000011111011110111011101
11001010110000100000101100111011101
11001010110100100001111010011011101
11001010111000100011001000011011101
11001010111000100100010101111011101
11001010111100100101100011111011101
11001011000000100110110001011011101
11001011000100100111111110111011101
11001011001000101001001100011011101
11001011010000101010011001011011101
11001011010100101011100110111011101
11001011011000101100110011111011101
11001011011000000111001100011011101
11001011010100001000011001011011101
11001011010000001001100110111011101
11001011001000001010110011111011101
11001011000100001100000001011011101
11001011000000001101001110111011101
11001010111100001110011100011011101
11001010111000001111101010011011101
11001010111000010000110111111011101
11001010110100010010000101111011101
11001010110000010011010011011011101
11001010110000010100100001011011101
11001010110000010101101111011011101
11001010101100010110111101011011101
11001010101100011000001011011011101
11001010101100011001011001011011101
11001010010000011010100111011011101
11001010010000011011110101011011101
11001010010100011101000011011011101
11001010010100011110010001111011101
11001010010100011111011111111011101
11001010011000100000101101111011101
11001010011000100001111011111011101
11001010011100100011001001111011101
11001010100000100100010111111011101
11001010100100100101100101111011101
11001010101000100110110011111011101
11001010101100101000000001011011101
11001010110000101001001111011011101
11001010110100101010011100111011101
11001010111000101011101010011011101
11001011000000101100110111111011101
11001011000000000111001000011011101
11001010111000001000010101111011101
11001010110100001001100011011011101
11001010110000001010110000111011101
11001010101100001011111110111011101
11001010101000001101001100011011101
11001010100100001110011010011011101
11001010100000001111101000011011101
11001010011100010000110110011011101
11001010011000010010000100011011101
11001010011000010011010010011011101
11001010010100010100100000011011101
11001010010100010101101110011011101
11001010010100010110111100111011101
11001010010000011000001010111011101
11001010010000011001011000111011101
11001001111000011010100111011011101
11001001111000011011110101111011101
11001001111000011101000100011011101
11001001111000011110010010011011101
11001001111100011111100000111011101
11001001111100100000101111011011101
11001010000000100001111101011011101
11001010000000100011001011111011101
11001010000100100100011001111011101
11001010001000100101101000011011101
11001010001100100110110110011011101
11001010010000101000000100011011101
11001010010100101001010010011011101
11001010011100101010011111111011101
11001010100000101011101101111011101
11001010100100101100111011011011101
11001010100100000111000100111011101
11001010100000001000010010011011101
11001010011100001001100000011011101
11001010010100001010101101111011101
11001010010000001011111011111011101
11001010001100001101001001111011101
11001010001000001110010111111011101
11001010000100001111100110011011101
11001010000000010000110100011011101
11001010000000010010000010111011101
11001001111100010011010000111011101
11001001111100010100011111011011101
11001001111000010101101101111011101
11001001111000010110111011111011101
11001001111000011000001010011011101
11001001111000011001011000111011101
11001001011100011010100111011011101
11001001011100011011110101111011101
11001001100000011101000100111011101
11001001100000011110010011011011101
11001001100000011111100001111011101
11001001100100100000110000011011101
11001001100100100001111111011011101
11001001101000100011001101111011101
11001001101100100100011011111011101
11001001110000100101101010011011101
11001001110100100110111000111011101
11001001111000101000000110111011101
11001001111100101001010101011011101
11001010000000101010100011011011101
11001010000100101011110001011011101
11001010001100101100111110111011101
11001010001100000111000001011011101
11001010000100001000001110111011101
11001010000000001001011100111011101
11001001111100001010101010111011101
11001001111000001011111001011011101
11001001110100001101000111011011101
11001001110000001110010101111011101
11001001101100001111100100011011101
11001001101000010000110010011011101
11001001100100010010000000111011101
11001001100100010011001111111011101
11001001100000010100011110011011101
11001001100000010101101100111011101
11001001100000010110111011011011101
11001001011100011000001010011011101
11001001011100011001011000111011101
11001001000100011010100111011011101
11001001000100011011110110011011101
11001001000100011101000101011011101
11001001000100011110010100011011101
11001001001000011111100010111011101
11001001001000100000110001111011101
11001001001100100010000000111011101
11001001001100100011001111011011101
11001001010000100100011101111011101
11001001010100100101101100111011101
11001001011000100110111011011011101
11001001011100101000001001111011101
11001001100000101001011000011011101
11001001100100101010100110011011101
11001001101100101011110100111011101
11001001110000101101000010111011101
11001001110000000110111101011011101
11001001101100001000001011011011101
11001001100100001001011001111011101
11001001100000001010100111111011101
11001001011100001011110110011011101
11001001011000001101000100111011101
11001001010100001110010011011011101
11001001010000001111100010011011101
11001001001100010000110000111011101
11001001001100010001111111011011101
11001001001000010011001110011011101
11001001001000010100011101011011101
11001001000100010101101011111011101
11001001000100010110111010111011101
11001001000100011000001001111011101
11001001000100011001011000111011101
11001000101000011010100111111011101
11001000101000011011110110111011101
11001000101000011101000101111011101
11001000101100011110010100111011101
11001000101100011111100100011011101
11001000110000100000110011011011101
11001000110000100010000010011011101
11001000110100100011010001011011101
11001000111000100100100000011011101
11001000111000100101101110111011101
11001000111100100110111101111011101
11001001000100101000001100011011101
11001001001000101001011011011011101
11001001001100101010101001111011101
11001001010000101011111000011011101
11001001011000101101000110011011101
11001001011000000110111001111011101
11001001010000001000000111111011101
11001001001100001001010110011011101
11001001001000001010100100111011101
11001001000100001011110011111011101
11001000111100001101000010011011101
11001000111000001110010001011011101
11001000111000001111011111111011101
11001000110100010000101110111011101
11001000110000010001111101111011101
11001000110000010011001100111011101
11001000101100010100011011111011101
11001000101100010101101011011011101
11001000101000010110111010011011101
11001000101000011000001001011011101
11001000101000011001011000011011101
11001000010000011010100111111011101
11001000010000011011110111011011101
11001000010000011101000110011011101
11001000010000011110010101111011101
11001000010100011111100101011011101
11001000010100100000110100011011101
11001000011000100010000011111011101
11001000011000100011010010111011101
11001000011100100100100010011011101
11001000100000100101110001011011101
11001000100100100111000000011011101
11001000101000101000001111011011101
11001000101100101001011110011011101
11001000110000101010101100111011101
11001000111000101011111011111011101
11001000111100101101001010011011101
11001000111100000110110101111011101
11001000111000001000000100011011101
11001000110000001001010011011011101
11001000101100001010100001111011101
11001000101000001011110000111011101
11001000100100001100111111111011101
11001000100000001110001110111011101
11001000011100001111011101111011101
11001000011000010000101101011011101
11001000011000010001111100011011101
11001000010100010011001011111011101
11001000010100010100011010111011101
11001000010000010101101010011011101
11001000010000010110111001111011101
11001000010000011000001000111011101
11001000010000011001011000011011101
11001110011000011010100101111011101
11001110011000011011110001111011101
11001110011000011100111101111011101
11001110011000011110001001011011101
11001110011100011111010101011011101
11001110011100100000100001011011101
11001110100000100001101100111011101
11001110100100100010111000111011101
11001110100100100100000100011011101
11001110101000100101001111111011101
11001110101100100110011011011011101
11001110110000100111100110111011101
11001110110100101000110010011011101
11001110111000101001111101111011101
11001111000000101011001000111011101
11001111000100101100010100011011101
11001111000100000111101011111011101
11001111000000001000110111011011101
11001110111000001010000010011011101
11001110110100001011001101111011101
11001110110000001100011001011011101
11001110101100001101100100111011101
11001110101000001110110000011011101
11001110100100001111111011111011101
11001110100100010001000111011011101
11001110100000010010010011011011101
11001110011100010011011110111011101
11001110011100010100101010111011101
11001110011000010101110110111011101
11001110011000010111000010011011101
11001110011000011000001110011011101
11001110011000011001011010011011101
11001101111100011010100110011011101
11001101111100011011110010011011101
11001110000000011100111110011011101
11001110000000011110001010011011101
11001110000000011111010110011011101
11001110000100100000100010011011101
11001110000100100001101110011011101
11001110001000100010111010011011101
11001110001100100100000110011011101
11001110010000100101010001111011101
11001110010000100110011101111011101
11001110010100100111101001011011101
11001110011100101000110101011011101
11001110100000101010000000111011101
11001110100100101011001100011011101
11001110101000101100010111111011101
11001110101000000111101000011011101
11001110100100001000110011111011101
11001110100000001001111111011011101
11001110011100001011001010111011101
11001110010100001100010110111011101
11001110010000001101100010011011101
11001110010000001110101110011011101
11001110001100001111111001111011101
11001110001000010001000101111011101
11001110000100010010010001111011101
11001110000100010011011101111011101
11001110000000010100101001111011101
11001110000000010101110101111011101
11001110000000010111000001111011101
11001101111100011000001101111011101
11001101111100011001011001111011101
11001101100100011010100110011011101
11001101100100011011110010011011101
11001101100100011100111110111011101
11001101100100011110001011011011101
11001101101000011111010111011011101
11001101101000100000100011111011101
11001101101100100001101111111011101
11001101101100100010111011111011101
11001101110000100100001000011011101
11001101110100100101010100011011101
11001101111000100110100000011011101
11001101111100100111101100011011101
11001110000000101000110111111011101
11001110000100101010000011111011101
11001110001100101011001111011011101
11001110010000101100011010111011101
11001110010000000111100101011011101
11001110001100001000110000111011101
11001110000100001001111100011011101
11001110000000001011001000011011101
11001101111100001100010011111011101
11001101111000001101011111111011101
11001101110100001110101011111011101
11001101110000001111110111111011101
11001101101100010001000100011011101
11001101101100010010010000011011101
11001101101000010011011100011011101
11001101101000010100101000111011101
11001101100100010101110100111011101
11001101100100010111000001011011101
11001101100100011000001101111011101
11001101100100011001011001111011101
11001101001000011010100110011011101
11001101001000011011110010111011101
11001101001100011100111111011011101
11001101001100011110001011111011101
11001101001100011111011000011011101
11001101010000100000100100111011101
11001101010000100001110001011011101
11001101010100100010111101111011101
11001101011000100100001010011011101
11001101011000100101010110011011101
11001101011100100110100010111011101
11001101100000100111101110111011101
11001101101000101000111010111011101
11001101101100101010000110111011101
11001101110000101011010010111011101
11001101110100101100011110011011101
11001101110100000111100001111011101
11001101110000001000101101011011101
11001101101100001001111001011011101
11001101101000001011000101011011101
11001101100000001100010001011011101
11001101011100001101011101011011101
11001101011000001110101001111011101
11001101011000001111110101111011101
11001101010100010001000010011011101
11001101010000010010001110111011101
11001101010000010011011011011011101
11001101001100010100100111111011101
11001101001100010101110100011011101
11001101001100010111000000111011101
11001101001000011000001101011011101
11001101001000011001011001111011101
11001100110000011010100110011011101
11001100110000011011110011011011101
11001100110000011100111111111011101
11001100110000011110001100111011101
11001100110100011111011001011011101
11001100110100100000100110011011101
11001100111000100001110010111011101
11001100111000100010111111011011101
11001100111100100100001011111011101
11001101000000100101011000011011101
11001101000100100110100100111011101
11001101001000100111110001011011101
11001101001100101000111101111011101
11001101010000101010001001111011101
11001101011000101011010101111011101
11001101011100101100100010011011101
11001101011100000111011101111011101
11001101011000001000101010011011101
11001101010000001001110110011011101
11001101001100001011000010011011101
11001101001000001100001110111011101
11001101000100001101011011011011101
11001101000000001110100111111011101
11001100111100001111110100011011101
11001100111000010001000000111011101
11001100111000010010001101011011101
11001100110100010011011001111011101
11001100110100010100100110111011101
11001100110000010101110011011011101
11001100110000010111000000011011101
11001100110000011000001100111011101
11001100110000011001011001111011101
11001100010100011010100110111011101
11001100010100011011110011111011101
11001100010100011101000000111011101
11001100011000011110001101011011101
11001100011000011111011010011011101
11001100011100100000100111011011101
11001100011100100001110100011011101
11001100100000100011000001011011101
11001100100100100100001101111011101
11001100100100100101011010111011101
11001100101000100110100111011011101
11001100101100100111110011111011101
11001100110000101001000000011011101
11001100111000101010001100111011101
11001100111100101011011001011011101
11001101000000101100100101111011101
11001101000000000111011010011011101
11001100111100001000100110111011101
11001100111000001001110011011011101
11001100110000001010111111111011101
11001100101100001100001100011011101
11001100101000001101011000111011101
11001100100100001110100101011011101
11001100100100001111110010011011101
11001100100000010000111110111011101
11001100011100010010001011111011101
11001100011100010011011000111011101
11001100011000010100100101111011101
11001100011000010101110010111011101
11001100010100010110111111011011101
11001100010100011000001100011011101
11001100010100011001011001011011101
11001011111100011010100110111011101
11001011111100011011110011111011101
11001011111100011101000001011011101
11001011111100011110001110011011101
11001100000000011111011011011011101
11001100000000100000101000111011101
11001100000100100001110101111011101
11001100000100100011000010111011101
11001100001000100100001111111011101
11001100001100100101011100111011101
11001100010000100110101001111011101
11001100010100100111110110111011101
11001100011000101001000011011011101
11001100011100101010010000011011101
11001100100000101011011100111011101
11001100101000101100101001011011101
11001100101000000111010110111011101
11001100100000001000100011011011101
11001100011100001001101111111011101
11001100011000001010111100111011101
11001100010100001100001001011011101
11001100010000001101010110011011101
11001100001100001110100011011011101
11001100001000001111110000011011101
11001100000100010000111101011011101
11001100000100010010001010011011101
11001100000000010011010111011011101
11001100000000010100100100111011101
11001011111100010101110001111011101
11001011111100010110111110111011101
11001011111100011000001100011011101
11001011111100011001011001011011101
11001011100000011010100110111011101
11001011100000011011110100011011101
11001011100000011101000001111011101
11001011100100011110001111011011101
11001011100100011111011100111011101
11001011100100100000101001111011101
11001011101000100001110111011011101
11001011101100100011000100111011101
11001011101100100100010001111011101
11001011110000100101011111011011101
11001011110100100110101100011011101
11001011111000100111111001011011101
11001011111100101001000110011011101
11001100000100101010010011011011101
11001100001000101011011111111011101
11001100001100101100101100111011101
11001100001100000111010011011011101
11001100001000001000100000011011101
11001100000100001001101100111011101
11001011111100001010111001111011101
11001011111000001100000110111011101
11001011110100001101010011111011101
11001011110000001110100000111011101
11001011101100001111101110011011101
11001011101100010000111011011011101
11001011101000010010001000111011101
11001011100100010011010110011011101
11001011100100010100100011011011101
11001011100100010101110000111011101
11001011100000010110111110011011101
11001011100000011000001011111011101
11001011100000011001011001011011101
