11000100100100011010101000111011101
11000100100100011011111010111011101
11000100100100011101001100011011101
11000100100100011110011101111011101
11000100101000011111101111011011101
11000100101000100001000001011011101
11000100101100100010010010111011101
11000100101100100011100100011011101
11000100110000100100110101011011101
11000100110100100110000110111011101
11000100111000100111011000011011101
11000100111100101000101001011011101
11000101000000101001111010011011101
11000101001000101011001011011011101
11000101001100101100011100011011101
11000101010100101101101101011011101
11000101010100000110010010111011101
11000101001100000111100011111011101
11000101001000001000110100111011101
11000101000000001010000101111011101
11000100111100001011010110111011101
11000100111000001100100111111011101
11000100110100001101111001011011101
11000100110000001111001010111011101
11000100101100010000011011111011101
11000100101100010001101101011011101
11000100101000010010111110111011101
11000100101000010100010000111011101
11000100100100010101100010011011101
11000100100100010110110011111011101
11000100100100011000000101011011101
11000100100100011001010111011011101
11000100001000011010101000111011101
11000100001000011011111010111011101
11000100001000011101001100111011101
11000100001100011110011110111011101
11000100001100011111110000111011101
11000100010000100001000010011011101
11000100010000100010010100011011101
11000100010100100011100101111011101
11000100011000100100110111111011101
11000100011100100110001001011011101
11000100100000100111011010111011101
11000100100100101000101100011011101
11000100101000101001111101111011101
11000100101100101011001110111011101
11000100110000101100100000011011101
11000100111000101101110001011011101
11000100111000000110001110111011101
11000100110000000111011111111011101
11000100101100001000110001011011101
11000100101000001010000010011011101
11000100100100001011010011111011101
11000100100000001100100101011011101
11000100011100001101110110111011101
11000100011000001111001000011011101
11000100010100010000011010011011101
11000100010000010001101011111011101
11000100010000010010111101111011101
11000100001100010100001111011011101
11000100001100010101100001011011101
11000100001000010110110011011011101
11000100001000011000000101011011101
11000100001000011001010111011011101
11000011101100011010101001011011101
11000011110000011011111011011011101
11000011110000011101001101011011101
11000011110000011110011111111011101
11000011110000011111110001111011101
11000011110100100001000011111011101
11000011111000100010010101111011101
11000011111000100011100111111011101
11000011111100100100111001111011101
11000100000000100110001011111011101
11000100000100100111011101111011101
11000100001000101000101111011011101
11000100001100101010000000111011101
11000100010100101011010010011011101
11000100011000101100100011111011101
11000100011100101101110101011011101
11000100011100000110001010111011101
11000100011000000111011100011011101
11000100010100001000101101111011101
11000100001100001001111111011011101
11000100001000001011010000111011101
11000100000100001100100010011011101
11000100000000001101110100011011101
11000011111100001111000110011011101
11000011111000010000011000011011101
11000011111000010001101010011011101
11000011110100010010111100011011101
11000011110000010100001110011011101
11000011110000010101100000011011101
11000011110000010110110010111011101
11000011110000011000000100111011101
11000011101100011001010110111011101
11000011010100011010101001011011101
11000011010100011011111011111011101
11000011010100011101001110011011101
11000011011000011110100000111011101
11000011011000011111110010111011101
11000011011000100001000101011011101
11000011011100100010010111111011101
11000011100000100011101001111011101
11000011100100100100111100011011101
11000011100100100110001110011011101
11000011101000100111100000011011101
11000011110000101000110010011011101
11000011110100101010000100011011101
11000011111000101011010101111011101
11000011111100101100100111111011101
11000100000100101101111001011011101
11000100000100000110000110111011101
11000011111100000111011000011011101
11000011111000001000101001111011101
11000011110100001001111011111011101
11000011110000001011001101111011101
11000011101000001100011111111011101
11000011100100001101110001111011101
11000011100100001111000011111011101
11000011100000010000010110011011101
11000011011100010001101000011011101
11000011011000010010111010111011101
11000011011000010100001101011011101
11000011011000010101011111011011101
11000011010100010110110001111011101
11000011010100011000000100011011101
11000011010100011001010110111011101
11000010111000011010101001011011101
11000010111000011011111100011011101
11000010111100011101001110111011101
11000010111100011110100001111011101
11000010111100011111110100011011101
11000011000000100001000110111011101
11000011000000100010011001011011101
11000011000100100011101011111011101
11000011001000100100111110011011101
11000011001100100110010000111011101
11000011010000100111100011011011101
11000011010100101000110101011011101
11000011011000101010000111111011101
11000011100000101011011001111011101
11000011100100101100101011111011101
11000011101000101101111101011011101
11000011101000000110000010111011101
11000011100100000111010100011011101
11000011100000001000100110011011101
11000011011000001001111000011011101
11000011010100001011001010111011101
11000011010000001100011100111011101
11000011001100001101101111011011101
11000011001000001111000001111011101
11000011000100010000010100011011101
11000011000000010001100110111011101
11000011000000010010111001011011101
11000010111100010100001011111011101
11000010111100010101011110011011101
11000010111100010110110001011011101
11000010111000011000000011111011101
11000010111000011001010110111011101
11000010100000011010101001111011101
11000010100000011011111100011011101
11000010100000011101001111011011101
11000010100000011110100010011011101
11000010100100011111110101011011101
11000010100100100001001000011011101
11000010101000100010011011011011101
11000010101100100011101101111011101
11000010101100100101000000111011101
11000010110000100110010011011011101
11000010110100100111100101111011101
11000010111000101000111000011011101
11000011000000101010001010111011101
11000011000100101011011101011011101
11000011001000101100101111011011101
11000011010000101110000001011011101
11000011010000000101111110111011101
11000011001000000111010000111011101
11000011000100001000100010111011101
11000011000000001001110101011011101
11000010111000001011000111111011101
11000010110100001100011010011011101
11000010110000001101101100111011101
11000010101100001110111111011011101
11000010101100010000010010011011101
11000010101000010001100100111011101
11000010100100010010110111111011101
11000010100100010100001010111011101
11000010100000010101011101111011101
11000010100000010110110000111011101
11000010100000011000000011011011101
11000010100000011001010110011011101
11000010000100011010101001111011101
11000010000100011011111100111011101
11000010001000011101010000011011101
11000010001000011110100011011011101
11000010001000011111110110111011101
11000010001100100001001001111011101
11000010001100100010011100111011101
11000010010000100011101111111011101
11000010010100100101000010111011101
11000010011000100110010101111011101
11000010011100100111101000111011101
11000010100000101000111011111011101
11000010100100101010001110011011101
11000010101000101011100000111011101
11000010110000101100110011011011101
11000010110100101110000101111011101
11000010110100000101111010011011101
11000010110000000111001100111011101
11000010101000001000011111011011101
11000010100100001001110001111011101
11000010100000001011000100011011101
11000010011100001100010111011011101
11000010011000001101101010011011101
11000010010100001110111101011011101
11000010010000010000010000011011101
11000010001100010001100011011011101
11000010001100010010110110011011101
11000010001000010100001001011011101
11000010001000010101011100111011101
11000010001000010110101111111011101
11000010000100011000000011011011101
11000010000100011001010110011011101
11000001101100011010101001111011101
11000001101100011011111101011011101
11000001101100011101010000111011101
11000001101100011110100100011011101
11000001110000011111110111111011101
11000001110000100001001011011011101
11000001110100100010011110111011101
11000001111000100011110001111011101
11000001111000100101000101011011101
11000001111100100110011000011011101
11000010000000100111101011111011101
11000010000100101000111110111011101
11000010001100101010010001111011101
11000010010000101011100100011011101
11000010010100101100110111011011101
11000010011100101110001001111011101
11000010011100000101110110011011101
11000010010100000111001000111011101
11000010010000001000011011111011101
11000010001100001001101110011011101
11000010000100001011000001011011101
11000010000000001100010100011011101
11000001111100001101100111111011101
11000001111000001110111010111011101
11000001111000010000001110011011101
11000001110100010001100001011011101
11000001110000010010110100111011101
11000001110000010100001000011011101
11000001101100010101011011111011101
11000001101100010110101111011011101
11000001101100011000000010111011101
11000001101100011001010110011011101
11000111110100011010100111111011101
11000111110100011011110111011011101
11000111110100011101000111011011101
11000111111000011110010110111011101
11000111111000011111100110011011101
11000111111000100000110101111011101
11000111111100100010000101011011101
11001000000000100011010100111011101
11001000000100100100100100011011101
11001000000100100101110011111011101
11001000001000100111000010111011101
11001000001100101000010010011011101
11001000010100101001100001011011101
11001000011000101010110000011011101
11001000011100101011111111011011101
11001000100100101101001101111011101
11001000100100000110110010011011101
11001000011100001000000000111011101
11001000011000001001001111111011101
11001000010100001010011110111011101
11001000001100001011101101111011101
11001000001000001100111101011011101
11001000000100001110001100011011101
11001000000100001111011011111011101
11001000000000010000101011011011101
11000111111100010001111010111011101
11000111111000010011001010011011101
11000111111000010100011001111011101
11000111111000010101101001011011101
11000111110100010110111000111011101
11000111110100011000001000111011101
11000111110100011001011000011011101
11000111011000011010100111111011101
11000111011100011011110111111011101
11000111011100011101000111111011101
11000111011100011110010111111011101
11000111011100011111100111011011101
11000111100000100000110111011011101
11000111100100100010000110111011101
11000111100100100011010110111011101
11000111101000100100100110011011101
11000111101100100101110101111011101
11000111110000100111000101011011101
11000111110100101000010100111011101
11000111111000101001100100011011101
11000111111100101010110011111011101
11001000000100101100000010111011101
11001000001000101101010001111011101
11001000001000000110101110011011101
11001000000100000111111101011011101
11000111111100001001001100011011101
11000111111000001010011011111011101
11000111110100001011101011011011101
11000111110000001100111010111011101
11000111101100001110001010011011101
11000111101000001111011001111011101
11000111100100010000101001011011101
11000111100100010001111001011011101
11000111100000010011001000111011101
11000111011100010100011000111011101
11000111011100010101101000011011101
11000111011100010110111000011011101
11000111011100011000001000011011101
11000111011000011001011000011011101
11000111000000011010101000011011101
11000111000000011011111000011011101
11000111000000011101001000011011101
11000111000100011110011000011011101
11000111000100011111101000111011101
11000111000100100000111000111011101
11000111001000100010001000111011101
11000111001100100011011000111011101
11000111001100100100101000011011101
11000111010000100101111000011011101
11000111010100100111001000011011101
11000111011000101000010111111011101
11000111100000101001100111011011101
11000111100100101010110110111011101
11000111101000101100000110011011101
11000111110000101101010101111011101
11000111110000000110101010011011101
11000111101000000111111001111011101
11000111100100001001001001011011101
11000111100000001010011000111011101
11000111011000001011101000011011101
11000111010100001100110111111011101
11000111010000001110000111111011101
11000111001100001111010111111011101
11000111001100010000100111011011101
11000111001000010001110111011011101
11000111000100010011000111011011101
11000111000100010100010111011011101
11000111000100010101100111111011101
11000111000000010110110111111011101
11000111000000011000000111111011101
11000111000000011001010111111011101
11000110100100011010101000011011101
11000110100100011011111000111011101
11000110101000011101001000111011101
11000110101000011110011001011011101
11000110101000011111101001111011101
11000110101100100000111001111011101
11000110101100100010001010011011101
11000110110000100011011010011011101
11000110110100100100101010111011101
11000110111000100101111010111011101
11000110111100100111001010111011101
11000111000000101000011010111011101
11000111000100101001101010111011101
11000111001000101010111010011011101
11000111010000101100001001111011101
11000111010100101101011001011011101
11000111010100000110100110111011101
11000111010000000111110110011011101
11000111001000001001000101111011101
11000111000100001010010101011011101
11000111000000001011100101011011101
11000110111100001100110101011011101
11000110111000001110000101011011101
11000110110100001111010101011011101
11000110110000010000100101111011101
11000110101100010001110101111011101
11000110101100010011000110011011101
11000110101000010100010110011011101
11000110101000010101100110111011101
11000110101000010110110111011011101
11000110100100011000000111011011101
11000110100100011001010111111011101
11000110001100011010101000011011101
11000110001100011011111000111011101
11000110001100011101001001111011101
11000110001100011110011010011011101
11000110010000011111101010111011101
11000110010000100000111011011011101
11000110010100100010001011111011101
11000110011000100011011100011011101
11000110011000100100101100111011101
11000110011100100101111101011011101
11000110100000100111001101011011101
11000110100100101000011101111011101
11000110101000101001101101111011101
11000110110000101010111101111011101
11000110110100101100001101111011101
11000110111100101101011101011011101
11000110111100000110100010111011101
11000110110100000111110010011011101
11000110110000001001000010011011101
11000110101000001010010010011011101
11000110100100001011100010011011101
11000110100000001100110010111011101
11000110011100001110000010111011101
11000110011000001111010011011011101
11000110011000010000100011111011101
11000110010100010001110100011011101
11000110010000010011000100111011101
11000110010000010100010101011011101
11000110001100010101100101111011101
11000110001100010110110110011011101
11000110001100011000000111011011101
11000110001100011001010111111011101
11000101110000011010101000011011101
11000101110000011011111001011011101
11000101110100011101001010011011101
11000101110100011110011011011011101
11000101110100011111101011111011101
11000101111000100000111100111011101
11000101111000100010001101111011101
11000101111100100011011110011011101
11000110000000100100101110111011101
11000110000100100101111111011011101
11000110001000100111010000011011101
11000110001100101000100000011011101
11000110010000101001110000111011101
11000110010100101011000001011011101
11000110011100101100010001011011101
11000110100000101101100001011011101
11000110100000000110011110111011101
11000110011100000111101110111011101
11000110010100001000111110111011101
11000110010000001010001111011011101
11000110001100001011011111111011101
11000110001000001100101111111011101
11000110000100001110000000111011101
11000110000000001111010001011011101
11000101111100010000100001111011101
11000101111000010001110010011011101
11000101111000010011000011011011101
11000101110100010100010100011011101
11000101110100010101100100111011101
11000101110100010110110101111011101
11000101110000011000000110111011101
11000101110000011001010111111011101
11000101011000011010101000111011101
11000101011000011011111001111011101
11000101011000011101001010111011101
11000101011000011110011100011011101
11000101011100011111101101011011101
11000101011100100000111110011011101
11000101100000100010001111011011101
11000101100000100011100000011011101
11000101100100100100110001011011101
11000101101000100110000001111011101
11000101101100100111010010111011101
11000101110000101000100011011011101
11000101110100101001110011111011101
11000101111100101011000100111011101
11000110000000101100010100111011101
11000110001000101101100101011011101
11000110001000000110011010111011101
11000110000000000111101011011011101
11000101111100001000111011011011101
11000101110100001010001100011011101
11000101110000001011011100111011101
11000101101100001100101101011011101
11000101101000001101111110011011101
11000101100100001111001110111011101
11000101100000010000011111111011101
11000101100000010001110000111011101
11000101011100010011000001111011101
11000101011100010100010010111011101
11000101011000010101100011111011101
11000101011000010110110101011011101
11000101011000011000000110011011101
11000101011000011001010111011011101
11000100111100011010101000111011101
11000100111100011011111010011011101
11000100111100011101001011111011101
11000101000000011110011100111011101
11000101000000011111101110011011101
11000101000100100000111111111011101
11000101000100100010010000111011101
11000101001000100011100010011011101
11000101001100100100110011011011101
11000101010000100110000100011011101
11000101010100100111010101011011101
11000101011000101000100110011011101
11000101011100101001110111011011101
11000101100000101011000111111011101
11000101101000101100011000111011101
11000101101100101101101001011011101
11000101101100000110010110111011101
11000101101000000111100111011011101
11000101100000001000111000011011101
11000101011100001010001000111011101
11000101011000001011011001111011101
11000101010100001100101010111011101
11000101010000001101111011111011101
11000101001100001111001100111011101
11000101001000010000011101111011101
11000101000100010001101111011011101
11000101000100010011000000011011101
11000101000000010100010001111011101
11000101000000010101100011011011101
11000100111100010110110100011011101
11000100111100011000000101111011101
11000100111100011001010111011011101
