10100110010111010110001111011111111
10100110010111011001100101011111111
10100110011011011100111010011111111
10100110100011100000001111111111111
10100110101011100011100100011111111
10100110110011100110111000011111111
10100110111111101010001011011111111
10100111001111101101011101111111111
10100111001110111011101011111111111
10100110111110111110111101111111111
10100110110011000010010001011111111
10100110101011000101100101011111111
10100110100011001000111001111111111
10100110011011001100001110111111111
10100110010111001111100100011111111
10100110010111010010111001111111111
10100101111011010110001111111111111
10100101111111011001100110011111111
10100110000011011100111100111111111
10100110000111100000010010111111111
10100110001111100011101000011111111
10100110011011100110111100111111111
10100110100111101010010001011111111
10100110110111101101100100011111111
10100110110110111011100100111111111
10100110100110111110111000011111111
10100110011011000010001100011111111
10100110001111000101100000111111111
10100110000111001000110110011111111
10100110000011001100001100011111111
10100101111111001111100010111111111
10100101111011010010111001011111111
10100101011111010110010000011111111
10100101100011011001100111111111111
10100101100111011100111110111111111
10100101101111100000010101111111111
10100101110111100011101100011111111
10100101111111100111000001111111111
10100110001011101010010110111111111
10100110011011101101101010111111111
10100110011010111011011110011111111
10100110001010111110110010011111111
10100101111111000010000111011111111
10100101110111000101011100111111111
10100101101111001000110011011111111
10100101100111001100001010011111111
10100101100011001111100001011111111
10100101011111010010111000111111111
10100101000111010110010000111111111
10100101000111011001101001011111111
10100101001011011101000001011111111
10100101010011100000011001011111111
10100101011011100011110000011111111
10100101100111100111000110111111111
10100101110011101010011100111111111
10100110000011101101110001111111111
10100110000010111011010111111111111
10100101110010111110101100011111111
10100101100111000010000010011111111
10100101011011000101011000111111111
10100101010011001000110000011111111
10100101001011001100000111111111111
10100101000111001111100000011111111
10100101000111010010111000011111111
10100100101011010110010001011111111
10100100101111011001101010111111111
10100100110011011101000011111111111
10100100111011100000011100011111111
10100101000011100011110100011111111
10100101001011100111001011111111111
10100101010111101010100010111111111
10100101100111101101111000011111111
10100101100110111011010000111111111
10100101010110111110100110111111111
10100101001011000001111101011111111
10100101000011000101010100111111111
10100100111011001000101100111111111
10100100110011001100000101111111111
10100100101111001111011110111111111
10100100101011010010110111111111111
10100100010011010110010001111111111
10100100010011011001101011111111111
10100100010111011101000101111111111
10100100011111100000011111011111111
10100100100111100011111000111111111
10100100110011100111010000111111111
10100100111111101010101000011111111
10100101001111101101111111011111111
10100101001110111011001010011111111
10100100111110111110100000111111111
10100100110011000001111000011111111
10100100100111000101010000111111111
10100100011111001000101001111111111
10100100010111001100000011011111111
10100100010011001111011101011111111
10100100010011010010110111011111111
10100011110111010110010010011111111
10100011111011011001101101011111111
10100011111111011101001000011111111
10100100000011100000100010111111111
10100100001111100011111100111111111
10100100010111100111010101111111111
10100100100011101010101110011111111
10100100110011101110000101111111111
10100100110010111011000011011111111
10100100100010111110011010111111111
10100100010111000001110011011111111
10100100001111000101001100011111111
10100100000011001000100110011111111
10100011111111001100000000111111111
10100011111011001111011011111111111
10100011110111010010110110111111111
10100011011111010110010010111111111
10100011011111011001101110111111111
10100011100011011101001010111111111
10100011101011100000100101111111111
10100011110011100100000000111111111
10100011111111100111011011011111111
10100100001011101010110100011111111
10100100011011101110001100111111111
10100100011010111010111100011111111
10100100001010111110010100111111111
10100011111111000001101110011111111
10100011110011000101001000011111111
10100011101011001000100011011111111
10100011100011001011111110111111111
10100011011111001111011010011111111
10100011011111010010110110111111111
10100011000011010110010011011111111
10100011000111011001110000011111111
10100011001011011101001100111111111
10100011001111100000101001011111111
10100011010111100100000101011111111
10100011100011100111100000011111111
10100011101111101010111010111111111
10100011111111101110010011111111111
10100011111110111010110101011111111
10100011101110111110001110111111111
10100011100011000001101000111111111
10100011010111000101000100011111111
10100011001111001000011111111111111
10100011001011001011111100011111111
10100011000111001111011001011111111
10100011000011010010110110011111111
10100010101011010110010011111111111
10100010101011011001110001111111111
10100010101111011101001111011111111
10100010110111100000101100111111111
10100010111111100100001001011111111
10100011001011100111100101111111111
10100011010111101011000000111111111
10100011100111101110011010111111111
10100011100110111010101110011111111
10100011010110111110001000011111111
10100011001011000001100011111111111
10100010111111000100111111111111111
10100010110111001000011100111111111
10100010101111001011111001111111111
10100010101011001111010111111111111
10100010101011010010110101111111111
10100010001111010110010100011111111
10100010010011011001110011011111111
10100010010111011101010001111111111
10100010011011100000110000011111111
10100010100011100100001101111111111
10100010101111100111101010111111111
10100010111011101011000110111111111
10100011001011101110100010011111111
10100011001010111010100111011111111
10100010111010111110000010011111111
10100010101111000001011110011111111
10100010100011000100111011011111111
10100010011011001000011001011111111
10100010010111001011110111011111111
10100010010011001111010110011111111
10100010001111010010110101011111111
10100001110011010110010100111111111
10100001110111011001110100011111111
10100001111011011101010100011111111
10100010000011100000110011011111111
10100010001011100100010010011111111
10100010010111100111110000011111111
10100010100011101011001101011111111
10100010110011101110101001011111111
10100010110010111010011111111111111
10100010100010111101111011111111111
10100010010111000001011001011111111
10100010001011000100110111011111111
10100010000011001000010101111111111
10100001111011001011110100111111111
10100001110111001111010100111111111
10100001110011010010110100111111111
10100001011011010110010101011111111
10100001011011011001110101111111111
10100001100011011101010110111111111
10100001100111100000110110111111111
10100001101111100100010110111111111
10100001111011100111110101011111111
10100010000111101011010011011111111
10100010010111101110110000011111111
10100010010110111010011000111111111
10100010000110111101110101111111111
10100001111011000001010011111111111
10100001101111000100110010111111111
10100001100111001000010010011111111
10100001100011001011110010111111111
10100001011011001111010011011111111
10100001011011010010110100011111111
10100000111111010110010101111111111
10100001000011011001110111011111111
10100001000111011101011001011111111
10100001001111100000111010011111111
10100001010111100100011010111111111
10100001100011100111111010111111111
10100001101111101011011001111111111
10100001111111101110110111111111111
10100001111110111010010001011111111
10100001101110111101101111011111111
10100001100011000001001110011111111
10100001010111000100101110011111111
10100001001111001000001110111111111
10100001000111001011110000011111111
10100001000011001111010001111111111
10100000111111010010110011111111111
10100000100111010110010110011111111
10100000100111011001111000111111111
10100000101011011101011011111111111
10100000110011100000111101111111111
10100000111011100100011111011111111
10100001000111101000000000011111111
10100001010011101011100000011111111
10100001100011101110111111011111111
10100001100010111010001010011111111
10100001010010111101101000111111111
10100001000111000001001000111111111
10100000111011000100101001111111111
10100000110011001000001011011111111
10100000101011001011101101111111111
10100000100111001111010000011111111
10100000100111010010110011011111111
10100000001011010110010110111111111
10100000001111011001111010011111111
10100000010011011101011110011111111
10100000011011100001000001011111111
10100000100011100100100011111111111
10100000101111101000000101111111111
10100000111011101011100110111111111
10100001001011101111000110111111111
10100001001010111010000010111111111
10100000111010111101100010011111111
10100000101111000001000011011111111
10100000100011000100100101011111111
10100000011011001000000111111111111
10100000010011001011101011011111111
10100000001111001111001110111111111
10100000001011010010110010111111111
10101100110111010110001000111111111
10101100111011011001010001011111111
10101100111111011100011001011111111
10101101000011011111100000111111111
10101101001011100010101000011111111
10101101010111100101101111011111111
10101101100011101000110101011111111
10101101101111101011111010111111111
10101101101110111101001110011111111
10101101100011000000010011111111111
10101101010111000011011001111111111
10101101001011000110100000111111111
10101101000011001001101000011111111
10101100111111001100110000011111111
10101100111011001111111000011111111
10101100110111010011000000011111111
10101100011111010110001001011111111
10101100011111011001010010011111111
10101100100011011100011011011111111
10101100101011011111100011111111111
10101100110011100010101011111111111
10101100111011100101110011011111111
10101101000111101000111010011111111
10101101010111101100000000111111111
10101101010110111101001000011111111
10101101000111000000001110111111111
10101100111011000011010101111111111
10101100110011000110011101011111111
10101100101011001001100101011111111
10101100100011001100101110011111111
10101100011111001111110110111111111
10101100011111010011000000011111111
10101100000011010110001001111111111
10101100000111011001010011011111111
10101100001011011100011101011111111
10101100001111011111100110011111111
10101100010111100010101111011111111
10101100100011100101110111111111111
10101100101111101000111111111111111
10101100111011101100000110111111111
10101100111010111101000010111111111
10101100101111000000001001111111111
10101100100011000011010001011111111
10101100010111000110011001111111111
10101100001111001001100010111111111
10101100001011001100101100011111111
10101100000111001111110101111111111
10101100000011010010111111111111111
10101011101011010110001001111111111
10101011101011011001010100111111111
10101011101111011100011111011111111
10101011110111011111101001011111111
10101011111111100010110010111111111
10101100000111100101111100011111111
10101100010011101001000100111111111
10101100100011101100001100011111111
10101100100010111100111100111111111
10101100010011000000000100011111111
10101100000111000011001100111111111
10101011111111000110010110011111111
10101011110111001001011111111111111
10101011101111001100101010011111111
10101011101011001111110100111111111
10101011101011010010111111011111111
10101011001111010110001010011111111
10101011010011011001010101111111111
10101011010111011100100001011111111
10101011011011011111101100011111111
10101011100011100010110110111111111
10101011101111100110000000111111111
10101011111011101001001001111111111
10101100000111101100010010011111111
10101100000110111100110110111111111
10101011111010111111111111011111111
10101011101111000011001000111111111
10101011100011000110010010111111111
10101011011011001001011101011111111
10101011010111001100101000011111111
10101011010011001111110011011111111
10101011001111010010111110111111111
10101010110111010110001010111111111
10101010110111011001010110111111111
10101010111011011100100011011111111
10101011000011011111101110111111111
10101011001011100010111010011111111
10101011010011100110000100111111111
10101011011111101001001111011111111
10101011101111101100011000011111111
10101011101110111100110000111111111
10101011011110111111111010011111111
10101011010011000011000100011111111
10101011001011000110001110111111111
10101011000011001001011010011111111
10101010111011001100100110011111111
10101010110111001111110010011111111
10101010110111010010111110011111111
10101010011011010110001011011111111
10101010011111011001011000011111111
10101010100011011100100101011111111
10101010100111011111110001111111111
10101010101111100010111101111111111
10101010111011100110001001011111111
10101011000111101001010100011111111
10101011010011101100011110011111111
10101011010010111100101010111111111
10101011000110111111110100111111111
10101010111011000010111111111111111
10101010101111000110001011011111111
10101010100111001001010111011111111
10101010100011001100100100011111111
10101010011111001111110000111111111
10101010011011010010111101111111111
10101010000011010110001011111111111
10101010000011011001011001011111111
10101010000111011100100111011111111
10101010001111011111110100111111111
10101010010111100011000001111111111
10101010011111100110001101111111111
10101010101011101001011001111111111
10101010111011101100100100111111111
10101010111010111100100100111111111
10101010101010111111101111011111111
10101010011111000010111011011111111
10101010010111000110000111111111111
10101010001111001001010100111111111
10101010000111001100100001111111111
10101010000011001111101111111111111
10101010000011010010111101111111111
10101001100111010110001011111111111
10101001101011011001011010111111111
10101001101111011100101001011111111
10101001110011011111110111011111111
10101001111011100011000101011111111
10101010000111100110010010011111111
10101010010011101001011110111111111
10101010011111101100101010111111111
10101010011110111100011110011111111
10101010010010111111101010011111111
10101010000111000010110110111111111
10101001111011000110000011111111111
10101001110011001001010001111111111
10101001101111001100011111111111111
10101001101011001111101110011111111
10101001100111010010111101011111111
10101001001011010110001100011111111
10101001001111011001011011111111111
10101001010011011100101011011111111
10101001010111011111111010011111111
10101001100011100011001001011111111
10101001101011100110010111011111111
10101001110111101001100100011111111
10101010000111101100110000111111111
10101010000110111100011000011111111
10101001110110111111100100111111111
10101001101011000010110010011111111
10101001100011000110000000011111111
10101001010111001001001110111111111
10101001010011001100011101111111111
10101001001111001111101101011111111
10101001001011010010111100111111111
10101000110011010110001100111111111
10101000110011011001011101011111111
10101000110111011100101101011111111
10101000111111011111111101011111111
10101001000111100011001100111111111
10101001010011100110011011111111111
10101001011111101001101001111111111
10101001101011101100110111011111111
10101001101010111100010010011111111
10101001011110111111011111011111111
10101001010011000010101101011111111
10101001000111000101111100011111111
10101000111111001001001011111111111
10101000110111001100011011111111111
10101000110011001111101011111111111
10101000110011010010111100011111111
10101000010111010110001101011111111
10101000011011011001011110111111111
10101000011111011100101111111111111
10101000100011100000000000011111111
10101000101011100011010000111111111
10101000110111100110100000011111111
10101001000011101001101111011111111
10101001010011101100111101011111111
10101001010010111100001011111111111
10101001000010111111011001111111111
10101000110111000010101000111111111
10101000101011000101111000111111111
10101000100011001001001000111111111
10101000011111001100011001111111111
10101000011011001111101010111111111
10101000010111010010111011111111111
10100111111111010110001101111111111
10100111111111011001011111111111111
10101000000011011100110001111111111
10101000001011100000000011011111111
10101000010011100011010100011111111
10101000011011100110100100111111111
10101000101011101001110100111111111
10101000110111101101000011111111111
10101000110110111100000101011111111
10101000101010111111010100011111111
10101000011011000010100100011111111
10101000010011000101110100111111111
10101000001011001001000101111111111
10101000000011001100010111011111111
10100111111111001111101001011111111
10100111111111010010111011011111111
10100111100011010110001110011111111
10100111100111011001100001011111111
10100111101011011100110011111111111
10100111101111100000000110011111111
10100111110111100011011000011111111
10101000000011100110101001111111111
10101000001111101001111010011111111
10101000011111101101001010011111111
10101000011110111011111111011111111
10101000001110111111001110111111111
10101000000011000010011111011111111
10100111110111000101110000111111111
10100111101111001001000010111111111
10100111101011001100010101011111111
10100111100111001111101000011111111
10100111100011010010111011011111111
10100111001011010110001110111111111
10100111001011011001100010011111111
10100111001111011100110110011111111
10100111010111100000001001011111111
10100111011111100011011100011111111
10100111100111100110101110011111111
10100111110011101001111111111111111
10101000000011101101010000111111111
10101000000010111011111000111111111
10100111110010111111001001011111111
10100111100111000010011010111111111
10100111011111000101101100111111111
10100111010111001000111111111111111
10100111001111001100010011011111111
10100111001011001111100110111111111
10100111001011010010111010111111111
10100110101111010110001110111111111
10100110110011011001100011111111111
10100110110111011100111000011111111
10100110111011100000001100011111111
10100111000011100011100000011111111
10100111001111100110110011011111111
10100111011011101010000101111111111
10100111101011101101010111011111111
10100111101010111011110010011111111
10100111011010111111000011111111111
10100111001111000010010101111111111
10100111000011000101101000111111111
10100110111011001000111100111111111
10100110110111001100010000111111111
10100110110011001111100101011111111
10100110101111010010111010011111111
