10111111010111010011010101011111111
10111111010111010101111111011111111
10111111011011011000101001111111111
10111111011111011011010011111111111
10111111100111011101111101011111111
10111111101111100000100110111111111
10111111110111100011001111111111111
11000000000011100101111000011111111
11000000000010111110000111111111111
10111111110111000000110000011111111
10111111101111000011011001011111111
10111111100111000110000010111111111
10111111011111001000101100011111111
10111111011011001011010110011111111
10111111010111001110000000111111111
10111111010111010000101010111111111
10111110111011010011010101011111111
10111110111111010110000000011111111
10111110111111011000101011011111111
10111111000111011011010101111111111
10111111001011011101111111111111111
10111111010011100000101001111111111
10111111011111100011010011011111111
10111111101011100101111100111111111
10111111101010111110000011011111111
10111111011111000000101100111111111
10111111010011000011010110011111111
10111111001011000110000000011111111
10111111000111001000101010011111111
10111110111111001011010100111111111
10111110111111001101111111111111111
10111110111011010000101010111111111
10111110100011010011010101111111111
10111110100011010110000001011111111
10111110100111011000101100011111111
10111110101011011011010111111111111
10111110110011011110000010011111111
10111110111011100000101101011111111
10111111000011100011010111011111111
10111111001111100110000000111111111
10111111001110111101111111011111111
10111111000011000000101000111111111
10111110111011000011010010111111111
10111110110011000101111101111111111
10111110101011001000101000011111111
10111110100111001011010011111111111
10111110100011001101111110111111111
10111110100011010000101010011111111
10111110000111010011010110011111111
10111110000111010110000010011111111
10111110001011011000101101111111111
10111110010011011011011001111111111
10111110010111011110000101011111111
10111110011111100000110000011111111
10111110101011100011011010111111111
10111110110111100110000101011111111
10111110110110111101111010111111111
10111110101011000000100101011111111
10111110011111000011001111111111111
10111110010111000101111010111111111
10111110010011001000100110011111111
10111110001011001011010010011111111
10111110000111001101111101111111111
10111110000111010000101001111111111
10111101101011010011010110011111111
10111101101111010110000010111111111
10111101110011011000101111011111111
10111101110111011011011011111111111
10111101111111011110000111111111111
10111110000111100000110011011111111
10111110001111100011011110111111111
10111110011011100110001001011111111
10111110011010111101110110111111111
10111110001111000000100001011111111
10111110000111000011001100111111111
10111101111111000101111000011111111
10111101110111001000100100011111111
10111101110011001011010000111111111
10111101101111001101111101011111111
10111101101011010000101001111111111
10111101010011010011010110111111111
10111101010011010110000011111111111
10111101010111011000110000111111111
10111101011011011011011101111111111
10111101100011011110001010011111111
10111101101011100000110110111111111
10111101110111100011100010011111111
10111110000011100110001101111111111
10111110000010111101110010011111111
10111101110111000000011101111111111
10111101101011000011001001011111111
10111101100011000101110101111111111
10111101011011001000100010011111111
10111101010111001011001111011111111
10111101010011001101111100011111111
10111101010011010000101001011111111
10111100110111010011010110111111111
10111100111011010110000100111111111
10111100111111011000110010011111111
10111101000011011011011111111111111
10111101001011011110001100111111111
10111101010011100000111001111111111
10111101011011100011100110011111111
10111101100111100110010010011111111
10111101100110111101101101111111111
10111101011011000000011001111111111
10111101010011000011000110011111111
10111101001011000101110011011111111
10111101000011001000100000011111111
10111100111111001011001101111111111
10111100111011001101111011011111111
10111100110111010000101001011111111
10111100011111010011010111011111111
10111100011111010110000101111111111
10111100100011011000110011111111111
10111100100111011011100001111111111
10111100101111011110001111111111111
10111100110111100000111100111111111
10111101000011100011101001111111111
10111101001111100110010110011111111
10111101001110111101101001111111111
10111101000011000000010110011111111
10111100110111000011000011011111111
10111100101111000101110000011111111
10111100100111001000011110011111111
10111100100011001011001100011111111
10111100011111001101111010011111111
10111100011111010000101000111111111
10111100000011010011010111011111111
10111100000111010110000110011111111
10111100001011011000110101011111111
10111100001111011011100011111111111
10111100010011011110010010011111111
10111100011111100001000000011111111
10111100100111100011101101111111111
10111100110011100110011010111111111
10111100110010111101100101011111111
10111100100111000000010010011111111
10111100011111000010111111111111111
10111100010011000101101101111111111
10111100001111001000011100011111111
10111100001011001011001010111111111
10111100000111001101111001111111111
10111100000011010000101000111111111
10111011101011010011010111111111111
10111011101011010110000111011111111
10111011101111011000110110111111111
10111011110011011011100101111111111
10111011111011011110010100111111111
10111100000011100001000011011111111
10111100001111100011110001111111111
10111100011011100110011111011111111
10111100011010111101100000111111111
10111100001111000000001110011111111
10111100000011000010111100111111111
10111011111011000101101011011111111
10111011110011001000011010011111111
10111011101111001011001001011111111
10111011101011001101111000111111111
10111011101011010000101000011111111
10111011001111010011011000011111111
10111011010011010110001000011111111
10111011010011011000111000011111111
10111011011011011011101000011111111
10111011011111011110010111111111111
10111011101011100001000110111111111
10111011110011100011110101111111111
10111011111111100110100011111111111
10111011111110111101011100011111111
10111011110011000000001010011111111
10111011101011000010111001011111111
10111011011111000101101000011111111
10111011011011001000010111111111111
10111011010011001011000111111111111
10111011010011001101110111111111111
10111011001111010000100111111111111
10111010110111010011011000011111111
10111010110111010110001001011111111
10111010111011011000111001111111111
10111010111111011011101010011111111
10111011000111011110011010011111111
10111011001111100001001010011111111
10111011011011100011111001011111111
10111011100111100110101000011111111
10111011100110111101010111111111111
10111011011011000000000110111111111
10111011001111000010110101111111111
10111011000111000101100101111111111
10111010111111001000010101111111111
10111010111011001011000110011111111
10111010110111001101110110111111111
10111010110111010000100111111111111
10111010011011010011011000111111111
10111010011011010110001010011111111
10111010011111011000111011011111111
10111010100111011011101100011111111
10111010101011011110011101011111111
10111010110011100001001101011111111
10111010111111100011111101011111111
10111011001011100110101100111111111
10111011001010111101010011011111111
10111010111111000000000010111111111
10111010110011000010110010111111111
10111010101011000101100010111111111
10111010100111001000010011111111111
10111010011111001011000100111111111
10111010011011001101110101111111111
10111010011011010000100111011111111
10111001111111010011011001011111111
10111010000011010110001010111111111
10111010000111011000111100111111111
10111010001011011011101110011111111
10111010010011011110011111111111111
10111010011011100001010000111111111
10111010100111100100000001011111111
10111010110011100110110001011111111
10111010110010111101001110111111111
10111010100110111111111110111111111
10111010011011000010101111011111111
10111010010011000101100000011111111
10111010001011001000010001111111111
10111010000111001011000011011111111
10111010000011001101110101011111111
10111001111111010000100110111111111
10111001100111010011011001011111111
10111001100111010110001011111111111
10111001101011011000111110011111111
10111001101111011011110000111111111
10111001110111011110100010111111111
10111001111111100001010100011111111
10111010001011100100000101011111111
10111010010111100110110110011111111
10111010010110111101001001111111111
10111010001010111111111010111111111
10111001111111000010101011111111111
10111001110111000101011101011111111
10111001101111001000001111011111111
10111001101011001011000001111111111
10111001100111001101110100011111111
10111001100111010000100110111111111
10111001001011010011011001111111111
10111001001111010110001100111111111
10111001010011011000111111111111111
10111001010111011011110010111111111
10111001011111011110100101011111111
10111001100111100001010111111111111
10111001101111100100001001011111111
10111001111111100110111010111111111
10111001111110111101000101011111111
10111001101110111111110110111111111
10111001100111000010101000011111111
10111001011111000101011010111111111
10111001010111001000001101011111111
10111001010011001011000000011111111
10111001001111001101110011011111111
10111001001011010000100110011111111
11000101111011010011010000111111111
11000101111011010101110010111111111
11000101111111011000010100011111111
11000110000011011010110101111111111
11000110000111011101010110111111111
11000110001111011111110111111111111
11000110011011100010011000011111111
11000110100111100100111000111111111
11000110100110111111000111011111111
11000110011011000001100111111111111
11000110001111000100001000011111111
11000110000111000110101001011111111
11000110000011001001001010011111111
11000101111111001011101011111111111
11000101111011001110001101011111111
11000101111011010000101111011111111
11000101011111010011010001011111111
11000101011111010101110011011111111
11000101100011011000010101011111111
11000101100111011010110111011111111
11000101101111011101011001011111111
11000101110111011111111010111111111
11000101111111100010011011111111111
11000110001011100100111100011111111
11000110001010111111000011111111111
11000101111111000001100100011111111
11000101110111000100000101011111111
11000101101111000110100110111111111
11000101100111001001001000111111111
11000101100011001011101010111111111
11000101011111001110001100111111111
11000101011111010000101110111111111
11000101000011010011010001011111111
11000101000111010101110100011111111
11000101001011011000010110111111111
11000101001111011010111001011111111
11000101010011011101011011011111111
11000101011011011111111101011111111
11000101100111100010011110111111111
11000101110011100101000000011111111
11000101110010111110111111111111111
11000101100111000001100001011111111
11000101011011000100000010111111111
11000101010011000110100100111111111
11000101001111001001000110111111111
11000101001011001011101001011111111
11000101000111001110001011111111111
11000101000011010000101110111111111
11000100101011010011010001111111111
11000100101011010101110100111111111
11000100101111011000010111111111111
11000100110011011010111010111111111
11000100111011011101011101111111111
11000101000011100000000000011111111
11000101001011100010100010011111111
11000101010111100101000100011111111
11000101010110111110111011111111111
11000101001011000001011101111111111
11000101000011000011111111111111111
11000100111011000110100010011111111
11000100110011001001000101011111111
11000100101111001011101000011111111
11000100101011001110001011011111111
11000100101011010000101110011111111
11000100001111010011010001111111111
11000100010011010101110101111111111
11000100010111011000011001011111111
11000100011011011010111100111111111
11000100011111011101100000011111111
11000100100111100000000011011111111
11000100110011100010100101111111111
11000100111011100101000111111111111
11000100111010111110111000011111111
11000100110011000001011010011111111
11000100100111000011111100111111111
11000100011111000110011111111111111
11000100011011001001000011011111111
11000100010111001011100110111111111
11000100010011001110001010011111111
11000100001111010000101110011111111
11000011110111010011010010011111111
11000011110111010101110110011111111
11000011111011011000011010111111111
11000011111111011010111110111111111
11000100000111011101100010011111111
11000100001111100000000101111111111
11000100010111100010101001011111111
11000100100011100101001011111111111
11000100100010111110110100011111111
11000100010111000001010110111111111
11000100001111000011111010011111111
11000100000111000110011101111111111
11000011111111001001000001011111111
11000011111011001011100101011111111
11000011110111001110001001111111111
11000011110111010000101101111111111
11000011011011010011010010011111111
11000011011111010101110111011111111
11000011011111011000011011111111111
11000011100111011011000000011111111
11000011101011011101100100111111111
11000011110011100000001000111111111
11000011111111100010101100011111111
11000100000111100101001111111111111
11000100000110111110110000011111111
11000011111111000001010011111111111
11000011110011000011110111011111111
11000011101011000110011011011111111
11000011100111001000111111111111111
11000011011111001011100100011111111
11000011011111001110001000111111111
11000011011011010000101101111111111
11000011000011010011010010111111111
11000011000011010101111000011111111
11000011000111011000011101011111111
11000011001011011011000010011111111
11000011010011011101100111011111111
11000011011011100000001011111111111
11000011100011100010101111111111111
11000011101111100101010011111111111
11000011101110111110101100011111111
11000011100011000001010000011111111
11000011011011000011110100011111111
11000011010011000110011000111111111
11000011001011001000111101111111111
11000011000111001011100010111111111
11000011000011001110000111111111111
11000011000011010000101101011111111
11000010100111010011010010111111111
11000010101011010101111000111111111
11000010101011011000011110111111111
11000010110011011011000100011111111
11000010110111011101101001111111111
11000010111111100000001110111111111
11000011001011100010110011011111111
11000011010011100101010111111111111
11000011010010111110101000011111111
11000011001011000001001100111111111
11000010111111000011110001011111111
11000010110111000110010110011111111
11000010110011001000111011111111111
11000010101011001011100001011111111
11000010101011001110000111011111111
11000010100111010000101101011111111
11000010001111010011010011011111111
11000010001111010101111001111111111
11000010010011011000011111111111111
11000010010111011011000110011111111
11000010011111011101101011111111111
11000010100111100000010001111111111
11000010101111100010110110111111111
11000010111011100101011011111111111
11000010111010111110100100011111111
11000010101111000001001001011111111
11000010100111000011101110011111111
11000010011111000110010100011111111
11000010010111001000111001111111111
11000010010011001011100000011111111
11000010001111001110000110011111111
11000010001111010000101100111111111
11000001110011010011010011011111111
11000001110011010101111010011111111
11000001110111011000100001011111111
11000001111011011011000111111111111
11000010000011011101101110011111111
11000010001011100000010100111111111
11000010010111100010111010011111111
11000010011111100101011111111111111
11000010011110111110100000011111111
11000010010111000001000101111111111
11000010001011000011101011011111111
11000010000011000110010001111111111
11000001111011001000111000011111111
11000001110111001011011110111111111
11000001110011001110000101111111111
11000001110011010000101100111111111
11000001010111010011010011111111111
11000001011011010101111011011111111
11000001011111011000100010111111111
11000001100011011011001001111111111
11000001101011011101110000111111111
11000001110011100000010111111111111
11000001111011100010111101111111111
11000010000111100101100011111111111
11000010000110111110011100011111111
11000001111011000001000010011111111
11000001110011000011101000011111111
11000001101011000110001111011111111
11000001100011001000110110011111111
11000001011111001011011101011111111
11000001011011001110000100111111111
11000001010111010000101100011111111
11000000111111010011010100011111111
11000000111111010101111100011111111
11000001000011011000100100011111111
11000001000111011011001011111111111
11000001001111011101110011011111111
11000001010111100000011010111111111
11000001011111100011000001011111111
11000001101011100101100111111111111
11000001101010111110011000011111111
11000001011111000000111110111111111
11000001010111000011100101011111111
11000001001111000110001100111111111
11000001000111001000110100011111111
11000001000011001011011011111111111
11000000111111001110000011111111111
11000000111111010000101011111111111
11000000100011010011010100011111111
11000000100111010101111100111111111
11000000101011011000100101011111111
11000000101111011011001101111111111
11000000110011011101110101111111111
11000000111011100000011101111111111
11000001000111100011000100111111111
11000001010011100101101011111111111
11000001010010111110010100011111111
11000001000111000000111011011111111
11000000111011000011100010011111111
11000000110011000110001010011111111
11000000101111001000110010011111111
11000000101011001011011010111111111
11000000100111001110000011011111111
11000000100011010000101011111111111
11000000001011010011010100111111111
11000000001011010101111101111111111
11000000001111011000100110111111111
11000000010011011011001111111111111
11000000011011011101111000011111111
11000000100011100000100000111111111
11000000101011100011001000111111111
11000000110111100101110000011111111
11000000110110111110001111111111111
11000000101011000000110111011111111
11000000100011000011011111011111111
11000000011011000110000111111111111
11000000010011001000110000011111111
11000000001111001011011001011111111
11000000001011001110000010011111111
11000000001011010000101011011111111
10111111101111010011010100111111111
10111111110011010101111110111111111
10111111110011011000101000011111111
10111111111011011011010001111111111
10111111111111011101111010111111111
11000000000111100000100011111111111
11000000010011100011001100011111111
11000000011111100101110100011111111
11000000011110111110001011111111111
11000000010011000000110011111111111
11000000000111000011011100011111111
10111111111111000110000101011111111
10111111111011001000101110011111111
10111111110011001011010111111111111
10111111110011001110000001011111111
10111111101111010000101011011111111
