10111100000011010010101011111111111
10111100000011010100000011011111111
10111100000111010101011010111111111
10111100000111010110110010011111111
10111100000111011000001001111111111
10111100001011011001100000111111111
10111100001011011010111000011111111
10111100001111011100001111011111111
10111100010011011101100110111111111
10111100010111011110111101111111111
10111100011011100000010100111111111
10111100011111100001101011111111111
10111100100011100011000010011111111
10111100101011100100011001011111111
10111100101111100101101111111111111
10111100110111100111000110011111111
10111100110110111100111001111111111
10111100101110111110010000011111111
10111100101010111111100110111111111
10111100100011000000111101111111111
10111100011111000010010100011111111
10111100011011000011101011011111111
10111100010111000101000010011111111
10111100010011000110011001011111111
10111100001111000111110000111111111
10111100001011001001000111111111111
10111100001011001010011111011111111
10111100000111001011110110011111111
10111100000111001101001101111111111
10111100000111001110100101011111111
10111100000011001111111100111111111
10111100000011010001010100011111111
10111011101011010010101011111111111
10111011101011010100000011111111111
10111011101011010101011011011111111
10111011101011010110110011011111111
10111011101111011000001010111111111
10111011101111011001100010111111111
10111011110011011010111010011111111
10111011110111011100010001111111111
10111011110111011101101001011111111
10111011111011011111000000111111111
10111100000011100000010111111111111
10111100000111100001101111011111111
10111100001011100011000110011111111
10111100001111100100011101011111111
10111100010111100101110011111111111
10111100011011100111001010111111111
10111100011010111100110101011111111
10111100010110111110001100011111111
10111100001110111111100010111111111
10111100001011000000111001111111111
10111100000111000010010000111111111
10111100000011000011101000011111111
10111011111011000100111111011111111
10111011110111000110010110111111111
10111011110111000111101110011111111
10111011110011001001000101111111111
10111011101111001010011101011111111
10111011101111001011110101011111111
10111011101011001101001100111111111
10111011101011001110100100111111111
10111011101011001111111100011111111
10111011101011010001010100011111111
10111011001111010010101100011111111
10111011001111010100000100011111111
10111011001111010101011100011111111
10111011010011010110110100011111111
10111011010011011000001100011111111
10111011010111011001100100011111111
10111011010111011010111100011111111
10111011011011011100010011111111111
10111011011111011101101011111111111
10111011100011011111000011011111111
10111011100111100000011011011111111
10111011101011100001110010111111111
10111011101111100011001001111111111
10111011110111100100100001011111111
10111011111011100101111000011111111
10111100000011100111001111011111111
10111100000010111100110000111111111
10111011111010111110000111111111111
10111011110110111111011110111111111
10111011101111000000110110011111111
10111011101011000010001101011111111
10111011100111000011100100111111111
10111011100011000100111100111111111
10111011011111000110010100011111111
10111011011011000111101100011111111
10111011010111001001000011111111111
10111011010111001010011011111111111
10111011010011001011110011111111111
10111011010011001101001011111111111
10111011001111001110100011111111111
10111011001111001111111011111111111
10111011001111010001010011111111111
10111010110111010010101100011111111
10111010110111010100000100111111111
10111010110111010101011100111111111
10111010110111010110110101011111111
10111010111011011000001101111111111
10111010111011011001100101111111111
10111010111111011010111110011111111
10111011000011011100010110011111111
10111011000011011101101110011111111
10111011000111011111000110011111111
10111011001011100000011110011111111
10111011010011100001110110011111111
10111011010111100011001101111111111
10111011011011100100100101011111111
10111011100011100101111100111111111
10111011100111100111010011111111111
10111011100110111100101100011111111
10111011100010111110000011011111111
10111011011010111111011010111111111
10111011010111000000110010011111111
10111011010011000010001001111111111
10111011001011000011100001111111111
10111011000111000100111001111111111
10111011000011000110010001111111111
10111011000011000111101001111111111
10111010111111001001000001111111111
10111010111011001010011010011111111
10111010111011001011110010011111111
10111010110111001101001010111111111
10111010110111001110100011011111111
10111010110111001111111011011111111
10111010110111010001010011111111111
10111010011011010010101100011111111
10111010011011010100000101011111111
10111010011011010101011101111111111
10111010011111010110110110011111111
10111010011111011000001110111111111
10111010100011011001100111111111111
10111010100011011011000000011111111
10111010100111011100011000111111111
10111010101011011101110000111111111
10111010101111011111001001011111111
10111010110011100000100001011111111
10111010110111100001111001111111111
10111010111011100011010001011111111
10111011000011100100101001011111111
10111011000111100110000001011111111
10111011001111100111011000111111111
10111011001110111100100111011111111
10111011000110111101111110111111111
10111011000010111111010110111111111
10111010111011000000101110111111111
10111010110111000010000110011111111
10111010110011000011011110111111111
10111010101111000100110110111111111
10111010101011000110001111011111111
10111010100111000111100111011111111
10111010100011001000111111111111111
10111010100011001010011000011111111
10111010011111001011110001011111111
10111010011111001101001001111111111
10111010011011001110100010011111111
10111010011011001111111010111111111
10111010011011010001010011111111111
10111001111111010010101100111111111
10111010000011010100000101111111111
10111010000011010101011110011111111
10111010000011010110110111011111111
10111010000011011000010000011111111
10111010000111011001101001011111111
10111010001011011011000010011111111
10111010001011011100011010111111111
10111010001111011101110011111111111
10111010010011011111001100011111111
10111010010111100000100100111111111
10111010011111100001111101011111111
10111010100011100011010101011111111
10111010100111100100101101011111111
10111010101111100110000101011111111
10111010110011100111011101011111111
10111010110010111100100010111111111
10111010101110111101111010111111111
10111010100110111111010010111111111
10111010100011000000101010111111111
10111010011111000010000010111111111
10111010010111000011011011011111111
10111010010011000100110011111111111
10111010001111000110001100011111111
10111010001011000111100101011111111
10111010001011001000111101111111111
10111010000111001010010110111111111
10111010000011001011101111111111111
10111010000011001101001000111111111
10111010000011001110100001111111111
10111010000011001111111010011111111
10111001111111010001010011011111111
10111001100111010010101100111111111
10111001100111010100000101111111111
10111001100111010101011111011111111
10111001100111010110111000111111111
10111001101011011000010001111111111
10111001101011011001101010111111111
10111001101111011011000100011111111
10111001110011011100011101011111111
10111001110111011101110110011111111
10111001111011011111001111011111111
10111001111111100000100111111111111
10111010000011100010000000111111111
10111010000111100011011001011111111
10111010001111100100110001111111111
10111010010011100110001001111111111
10111010011011100111100010011111111
10111010011010111100011101111111111
10111010010010111101110110011111111
10111010001110111111001110011111111
10111010000111000000100110111111111
10111010000011000001111111011111111
10111001111111000011011000011111111
10111001111011000100110000111111111
10111001110111000110001001111111111
10111001110011000111100010111111111
10111001101111001000111011111111111
10111001101011001010010101011111111
10111001101011001011101110011111111
10111001100111001101000111011111111
10111001100111001110100000111111111
10111001100111001111111010011111111
10111001100111010001010011011111111
10111001001011010010101100111111111
10111001001011010100000110011111111
10111001001111010101100000011111111
10111001001111010110111001111111111
10111001001111011000010011011111111
10111001010011011001101100111111111
10111001010111011011000110011111111
10111001010111011100011111111111111
10111001011011011101111000111111111
10111001011111011111010010011111111
10111001100011100000101011011111111
10111001100111100010000100011111111
10111001101111100011011101011111111
10111001110011100100110101111111111
10111001111011100110001110011111111
10111001111111100111100110111111111
10111001111110111100011001011111111
10111001111010111101110001111111111
10111001110010111111001010011111111
10111001101111000000100010111111111
10111001100111000001111011111111111
10111001100011000011010100111111111
10111001011111000100101101111111111
10111001011011000110000111011111111
10111001010111000111100000011111111
10111001010111001000111001111111111
10111001010011001010010011011111111
10111001001111001011101100111111111
10111001001111001101000110011111111
10111001001111001110011111111111111
10111001001011001111111001111111111
10111001001011010001010011011111111
10111111010111010010101010111111111
10111111010111010011111111111111111
10111111010111010101010100111111111
10111111010111010110101001111111111
10111111011011010111111111011111111
10111111011011011001010100011111111
10111111011111011010101001011111111
10111111100011011011111110011111111
10111111100011011101010010111111111
10111111100111011110100111111111111
10111111101011011111111100011111111
10111111101111100001010001011111111
10111111110111100010100101111111111
10111111111011100011111001111111111
10111111111111100101001110011111111
11000000000111100110100010011111111
11000000000110111101011101111111111
10111111111110111110110001111111111
10111111111011000000000110011111111
10111111110111000001011010011111111
10111111101111000010101110111111111
10111111101011000100000011111111111
10111111100111000101011000011111111
10111111100011000110101101011111111
10111111100011001000000001111111111
10111111011111001001010110111111111
10111111011011001010101011111111111
10111111011011001100000000111111111
10111111010111001101010110011111111
10111111010111001110101011011111111
10111111010111010000000000011111111
10111111010111010001010101011111111
10111110111011010010101010111111111
10111110111011010100000000011111111
10111110111011010101010101111111111
10111110111111010110101010111111111
10111110111111011000000000011111111
10111111000011011001010101111111111
10111111000011011010101010111111111
10111111000111011100000000011111111
10111111001011011101010101011111111
10111111001111011110101010011111111
10111111010011011111111111011111111
10111111010111100001010100011111111
10111111011011100010101001011111111
10111111100011100011111101111111111
10111111100111100101010010011111111
10111111101111100110100110111111111
10111111101110111101011001011111111
10111111100110111110101101111111111
10111111100011000000000010011111111
10111111011011000001010110111111111
10111111010111000010101011111111111
10111111010011000100000000111111111
10111111001111000101010101111111111
10111111001011000110101010111111111
10111111000111000111111111111111111
10111111000011001001010101011111111
10111111000011001010101010011111111
10111110111111001011111111111111111
10111110111111001101010101011111111
10111110111011001110101010011111111
10111110111011001111111111111111111
10111110111011010001010101011111111
10111110100011010010101010111111111
10111110100011010100000000111111111
10111110100011010101010110011111111
10111110100011010110101011111111111
10111110100111011000000001111111111
10111110100111011001010111011111111
10111110101011011010101100111111111
10111110101011011100000010011111111
10111110101111011101010111111111111
10111110110011011110101101011111111
10111110110111100000000010011111111
10111110111011100001010111111111111
10111111000011100010101100111111111
10111111000111100100000001111111111
10111111001011100101010110011111111
10111111010011100110101011011111111
10111111010010111101010100111111111
10111111001010111110101001111111111
10111111000110111111111110011111111
10111111000011000001010011011111111
10111110111011000010101000011111111
10111110110111000011111101111111111
10111110110011000101010010111111111
10111110101111000110101000011111111
10111110101011000111111101111111111
10111110101011001001010011011111111
10111110100111001010101000111111111
10111110100111001011111110011111111
10111110100011001101010100011111111
10111110100011001110101001111111111
10111110100011001111111111011111111
10111110100011010001010101011111111
10111110000111010010101011011111111
10111110000111010100000001011111111
10111110000111010101010111011111111
10111110001011010110101100111111111
10111110001011011000000010111111111
10111110001111011001011000111111111
10111110001111011010101110111111111
10111110010011011100000100011111111
10111110010111011101011010011111111
10111110011011011110101111111111111
10111110011111100000000101011111111
10111110100011100001011010111111111
10111110100111100010110000011111111
10111110101011100100000101011111111
10111110110011100101011010111111111
10111110111011100110101111111111111
10111110111010111101010000011111111
10111110110010111110100101011111111
10111110101010111111111010111111111
10111110100111000001001111111111111
10111110100011000010100101011111111
10111110011111000011111010111111111
10111110011011000101010000011111111
10111110010111000110100101111111111
10111110010011000111111011111111111
10111110001111001001010001011111111
10111110001111001010100111011111111
10111110001011001011111101011111111
10111110001011001101010011011111111
10111110000111001110101000111111111
10111110000111001111111110111111111
10111110000111010001010100111111111
10111101101011010010101011011111111
10111101101111010100000001011111111
10111101101111010101010111111111111
10111101101111010110101110011111111
10111101101111011000000100011111111
10111101110011011001011010011111111
10111101110111011010110000111111111
10111101110111011100000110111111111
10111101111011011101011100111111111
10111101111111011110110010111111111
10111110000011100000001000011111111
10111110000111100001011110011111111
10111110001111100010110011111111111
10111110010011100100001001011111111
10111110010111100101011110111111111
10111110011111100110110100011111111
10111110011110111101001011111111111
10111110010110111110100001011111111
10111110010010111111110110111111111
10111110001111000001001100011111111
10111110000111000010100001111111111
10111110000011000011110111111111111
10111101111111000101001101011111111
10111101111011000110100011011111111
10111101110111000111111001011111111
10111101110111001001001111011111111
10111101110011001010100101111111111
10111101101111001011111011111111111
10111101101111001101010001111111111
10111101101111001110101000011111111
10111101101111001111111110111111111
10111101101011010001010100111111111
10111101010011010010101011011111111
10111101010011010100000001111111111
10111101010011010101011000011111111
10111101010011010110101111011111111
10111101010111011000000101111111111
10111101010111011001011100011111111
10111101011011011010110010011111111
10111101011111011100001000111111111
10111101100011011101011111011111111
10111101100111011110110101011111111
10111101101011100000001011011111111
10111101101111100001100001111111111
10111101110011100010110111011111111
10111101110111100100001101011111111
10111101111111100101100010111111111
10111110000011100110111000011111111
10111110000010111101000111111111111
10111101111110111110011101011111111
10111101110110111111110010111111111
10111101110011000001001000111111111
10111101101111000010011110011111111
10111101101011000011110100111111111
10111101100111000101001010111111111
10111101100011000110100000111111111
10111101011111000111110111011111111
10111101011011001001001101111111111
10111101010111001010100011111111111
10111101010111001011111010011111111
10111101010011001101010000111111111
10111101010011001110100111111111111
10111101010011001111111110011111111
10111101010011010001010100111111111
10111100110111010010101011011111111
10111100110111010100000010011111111
10111100111011010101011001011111111
10111100111011010110110000011111111
10111100111011011000000110111111111
10111100111111011001011101111111111
10111101000011011010110100011111111
10111101000011011100001011011111111
10111101000111011101100001111111111
10111101001011011110111000011111111
10111101001111100000001110111111111
10111101010011100001100100111111111
10111101011011100010111011011111111
10111101011111100100010001011111111
10111101100011100101100111011111111
10111101101011100110111100111111111
10111101101010111101000011011111111
10111101100010111110011000111111111
10111101011110111111101110111111111
10111101011011000001000100111111111
10111101010011000010011011011111111
10111101001111000011110001011111111
10111101001011000101000111111111111
10111101000111000110011110011111111
10111101000011000111110100111111111
10111101000011001001001011111111111
10111100111111001010100010011111111
10111100111011001011111001011111111
10111100111011001101001111111111111
10111100111011001110100110111111111
10111100110111001111111101111111111
10111100110111010001010100111111111
10111100011111010010101011111111111
10111100011111010100000010111111111
10111100011111010101011001111111111
10111100011111010110110001011111111
10111100100011011000001000011111111
10111100100011011001011111011111111
10111100100111011010110110011111111
10111100101011011100001101011111111
10111100101111011101100100011111111
10111100110011011110111010111111111
10111100110111100000010001111111111
10111100111011100001101000011111111
10111100111111100010111110111111111
10111101000011100100010101011111111
10111101001011100101101011011111111
10111101001111100111000001111111111
10111101001110111100111110011111111
10111101001010111110010100111111111
10111101000010111111101010111111111
10111100111111000001000001011111111
10111100111011000010010111111111111
10111100110111000011101110011111111
10111100110011000101000101011111111
10111100101111000110011011111111111
10111100101011000111110010111111111
10111100100111001001001001111111111
10111100100011001010100000111111111
10111100100011001011110111111111111
10111100011111001101001110111111111
10111100011111001110100110011111111
10111100011111001111111101011111111
10111100011111010001010100011111111
