10000111111100100010011010110001011
10000111111100100111010000010001011
10001000000100101100000100110001011
10001000001100110000111000010001011
10001000011000110101101010010001011
10001000101000111010011010110001011
10001000111000111111001000010001011
10001001001101000011110011110001011
10001001001111111100001100010001011
10001000111000000000110111110001011
10001000101000000101100101010001011
10001000011000001010010101110001011
10001000001100001111000111110001011
10001000000100010011111011010001011
10000111111100011000101111110001011
10000111111100011101100101010001011
10000111111100100010011010110001011
10000111111100100111010000010001011
10001000000100101100000100110001011
10001000001100110000111000010001011
10001000011000110101101010010001011
10001000101000111010011010110001011
10001000111000111111001000010001011
10001001001101000011110011110001011
10001001001111111100001100010001011
10001000111000000000110111110001011
10001000101000000101100101010001011
10001000011000001010010101110001011
10001000001100001111000111110001011
10001000000100010011111011010001011
10000111111100011000101111110001011
10000111111100011101100101010001011
10000111111100100010011010110001011
10000111111100100111010000010001011
10001000000100101100000100110001011
10001000001100110000111000010001011
10001000011000110101101010010001011
10001000101000111010011010110001011
10001000111000111111001000010001011
10001001001101000011110011110001011
10001001001111111100001100010001011
10001000111000000000110111110001011
10001000101000000101100101010001011
10001000011000001010010101110001011
10001000001100001111000111110001011
10001000000100010011111011010001011
10000111111100011000101111110001011
10000111111100011101100101010001011
10000111111100100010011010110001011
10000111111100100111010000010001011
10001000000100101100000100110001011
10001000001100110000111000010001011
10001000011000110101101010010001011
10001000101000111010011010110001011
10001000111000111111001000010001011
10001001001101000011110011110001011
10001001001111111100001100010001011
10001000111000000000110111110001011
10001000101000000101100101010001011
10001000011000001010010101110001011
10001000001100001111000111110001011
10001000000100010011111011010001011
10000111111100011000101111110001011
10000111111100011101100101010001011
10000111111100100010011010110001011
10000111111100100111010000010001011
10001000000100101100000100110001011
10001000001100110000111000010001011
10001000011000110101101010010001011
10001000101000111010011010110001011
10001000111000111111001000010001011
10001001001101000011110011110001011
10001001001111111100001100010001011
10001000111000000000110111110001011
10001000101000000101100101010001011
10001000011000001010010101110001011
10001000001100001111000111110001011
10001000000100010011111011010001011
10000111111100011000101111110001011
10000111111100011101100101010001011
10000111111100100010011010110001011
10000111111100100111010000010001011
10001000000100101100000100110001011
10001000001100110000111000010001011
10001000011000110101101010010001011
10001000101000111010011010110001011
10001000111000111111001000010001011
10001001001101000011110011110001011
10001001001111111100001100010001011
10001000111000000000110111110001011
10001000101000000101100101010001011
10001000011000001010010101110001011
10001000001100001111000111110001011
10001000000100010011111011010001011
10000111111100011000101111110001011
10000111111100011101100101010001011
10000111111100100010011010110001011
10000111111100100111010000010001011
10001000000100101100000100110001011
10001000001100110000111000010001011
10001000011000110101101010010001011
10001000101000111010011010110001011
10001000111000111111001000010001011
10001001001101000011110011110001011
10001001001111111100001100010001011
10001000111000000000110111110001011
10001000101000000101100101010001011
10001000011000001010010101110001011
10001000001100001111000111110001011
10001000000100010011111011010001011
10000111111100011000101111110001011
10000111111100011101100101010001011
10000111111100100010011010110001011
10000111111100100111010000010001011
10001000000100101100000100110001011
10001000001100110000111000010001011
10001000011000110101101010010001011
10001000101000111010011010110001011
10001000111000111111001000010001011
10001001001101000011110011110001011
10001001001111111100001100010001011
10001000111000000000110111110001011
10001000101000000101100101010001011
10001000011000001010010101110001011
10001000001100001111000111110001011
10001000000100010011111011010001011
10000111111100011000101111110001011
10000111111100011101100101010001011
10000111111100100010011010110001011
10000111111100100111010000010001011
10001000000100101100000100110001011
10001000001100110000111000010001011
10001000011000110101101010010001011
10001000101000111010011010110001011
10001000111000111111001000010001011
10001001001101000011110011110001011
10001001001111111100001100010001011
10001000111000000000110111110001011
10001000101000000101100101010001011
10001000011000001010010101110001011
10001000001100001111000111110001011
10001000000100010011111011010001011
10000111111100011000101111110001011
10000111111100011101100101010001011
10000111111100100010011010110001011
10000111111100100111010000010001011
10001000000100101100000100110001011
10001000001100110000111000010001011
10001000011000110101101010010001011
10001000101000111010011010110001011
10001000111000111111001000010001011
10001001001101000011110011110001011
10001001001111111100001100010001011
10001000111000000000110111110001011
10001000101000000101100101010001011
10001000011000001010010101110001011
10001000001100001111000111110001011
10001000000100010011111011010001011
10000111111100011000101111110001011
10000111111100011101100101010001011
10000111111100100010011010110001011
10000111111100100111010000010001011
10001000000100101100000100110001011
10001000001100110000111000010001011
10001000011000110101101010010001011
10001000101000111010011010110001011
10001000111000111111001000010001011
10001001001101000011110011110001011
10001001001111111100001100010001011
10001000111000000000110111110001011
10001000101000000101100101010001011
10001000011000001010010101110001011
10001000001100001111000111110001011
10001000000100010011111011010001011
10000111111100011000101111110001011
10000111111100011101100101010001011
10000111111100100010011010110001011
10000111111100100111010000010001011
10001000000100101100000100110001011
10001000001100110000111000010001011
10001000011000110101101010010001011
10001000101000111010011010110001011
10001000111000111111001000010001011
10001001001101000011110011110001011
10001001001111111100001100010001011
10001000111000000000110111110001011
10001000101000000101100101010001011
10001000011000001010010101110001011
10001000001100001111000111110001011
10001000000100010011111011010001011
10000111111100011000101111110001011
10000111111100011101100101010001011
10000111111100100010011010110001011
10000111111100100111010000010001011
10001000000100101100000100110001011
10001000001100110000111000010001011
10001000011000110101101010010001011
10001000101000111010011010110001011
10001000111000111111001000010001011
10001001001101000011110011110001011
10001001001111111100001100010001011
10001000111000000000110111110001011
10001000101000000101100101010001011
10001000011000001010010101110001011
10001000001100001111000111110001011
10001000000100010011111011010001011
10000111111100011000101111110001011
10000111111100011101100101010001011
10000111111100100010011010110001011
10000111111100100111010000010001011
10001000000100101100000100110001011
10001000001100110000111000010001011
10001000011000110101101010010001011
10001000101000111010011010110001011
10001000111000111111001000010001011
10001001001101000011110011110001011
10001001001111111100001100010001011
10001000111000000000110111110001011
10001000101000000101100101010001011
10001000011000001010010101110001011
10001000001100001111000111110001011
10001000000100010011111011010001011
10000111111100011000101111110001011
10000111111100011101100101010001011
10000111111100100010011010110001011
10000111111100100111010000010001011
10001000000100101100000100110001011
10001000001100110000111000010001011
10001000011000110101101010010001011
10001000101000111010011010110001011
10001000111000111111001000010001011
10001001001101000011110011110001011
10001001001111111100001100010001011
10001000111000000000110111110001011
10001000101000000101100101010001011
10001000011000001010010101110001011
10001000001100001111000111110001011
10001000000100010011111011010001011
10000111111100011000101111110001011
10000111111100011101100101010001011
10000111111100100010011010110001011
10000111111100100111010000010001011
10001000000100101100000100110001011
10001000001100110000111000010001011
10001000011000110101101010010001011
10001000101000111010011010110001011
10001000111000111111001000010001011
10001001001101000011110011110001011
10001001001111111100001100010001011
10001000111000000000110111110001011
10001000101000000101100101010001011
10001000011000001010010101110001011
10001000001100001111000111110001011
10001000000100010011111011010001011
10000111111100011000101111110001011
10000111111100011101100101010001011
10000111111100100010011010110001010
10000111111100100111010000010001010
10001000000100101100000100110001010
10001000001100110000111000010001010
10001000011000110101101010010001010
10001000101000111010011010110001010
10001000111000111111001000010001010
10001001001101000011110011110001010
10001001001111111100001100010001010
10001000111000000000110111110001010
10001000101000000101100101010001010
10001000011000001010010101110001010
10001000001100001111000111110001010
10001000000100010011111011010001010
10000111111100011000101111110001010
10000111111100011101100101010001010
10000111111100100010011010110001010
10000111111100100111010000010001010
10001000000100101100000100110001010
10001000001100110000111000010001010
10001000011000110101101010010001010
10001000101000111010011010110001010
10001000111000111111001000010001010
10001001001101000011110011110001010
10001001001111111100001100010001010
10001000111000000000110111110001010
10001000101000000101100101010001010
10001000011000001010010101110001010
10001000001100001111000111110001010
10001000000100010011111011010001010
10000111111100011000101111110001010
10000111111100011101100101010001010
10000111111100100010011010110001010
10000111111100100111010000010001010
10001000000100101100000100110001010
10001000001100110000111000010001010
10001000011000110101101010010001010
10001000101000111010011010110001010
10001000111000111111001000010001010
10001001001101000011110011110001010
10001001001111111100001100010001010
10001000111000000000110111110001010
10001000101000000101100101010001010
10001000011000001010010101110001010
10001000001100001111000111110001010
10001000000100010011111011010001010
10000111111100011000101111110001010
10000111111100011101100101010001010
10000111111100100010011010110001010
10000111111100100111010000010001010
10001000000100101100000100110001010
10001000001100110000111000010001010
10001000011000110101101010010001010
10001000101000111010011010110001010
10001000111000111111001000010001010
10001001001101000011110011110001010
10001001001111111100001100010001010
10001000111000000000110111110001010
10001000101000000101100101010001010
10001000011000001010010101110001010
10001000001100001111000111110001010
10001000000100010011111011010001010
10000111111100011000101111110001010
10000111111100011101100101010001010
10000111111100100010011010110001010
10000111111100100111010000010001010
10001000000100101100000100110001010
10001000001100110000111000010001010
10001000011000110101101010010001010
10001000101000111010011010110001010
10001000111000111111001000010001010
10001001001101000011110011110001010
10001001001111111100001100010001010
10001000111000000000110111110001010
10001000101000000101100101010001010
10001000011000001010010101110001010
10001000001100001111000111110001010
10001000000100010011111011010001010
10000111111100011000101111110001010
10000111111100011101100101010001010
10000111111100100010011010110001010
10000111111100100111010000010001010
10001000000100101100000100110001010
10001000001100110000111000010001010
10001000011000110101101010010001010
10001000101000111010011010110001010
10001000111000111111001000010001010
10001001001101000011110011110001010
10001001001111111100001100010001010
10001000111000000000110111110001010
10001000101000000101100101010001010
10001000011000001010010101110001010
10001000001100001111000111110001010
10001000000100010011111011010001010
10000111111100011000101111110001010
10000111111100011101100101010001010
10000111111100100010011010110001011
10000111111100100111010000010001011
10001000000100101100000100110001011
10001000001100110000111000010001011
10001000011000110101101010010001010
10001000101000111010011010110001010
10001000111000111111001000010001010
10001001001101000011110011110001010
10001001001111111100001100010001010
10001000111000000000110111110001010
10001000101000000101100101010001010
10001000011000001010010101110001010
10001000001100001111000111110001011
10001000000100010011111011010001011
10000111111100011000101111110001011
10000111111100011101100101010001011
10000111111100100010011010110001011
10000111111100100111010000010001011
10001000000100101100000100110001011
10001000001100110000111000010001011
10001000011000110101101010010001011
10001000101000111010011010110001010
10001000111000111111001000010001010
10001001001101000011110011110001010
10001001001111111100001100010001010
10001000111000000000110111110001010
10001000101000000101100101010001010
10001000011000001010010101110001011
10001000001100001111000111110001011
10001000000100010011111011010001011
10000111111100011000101111110001011
10000111111100011101100101010001011
10000111111100100010011010110001011
10000111111100100111010000010001011
10001000000100101100000100110001011
10001000001100110000111000010001011
10001000011000110101101010010001011
10001000101000111010011010110001011
10001000111000111111001000010001011
10001001001101000011110011110001010
10001001001111111100001100010001010
10001000111000000000110111110001011
10001000101000000101100101010001011
10001000011000001010010101110001011
10001000001100001111000111110001011
10001000000100010011111011010001011
10000111111100011000101111110001011
10000111111100011101100101010001011
10000111111100100010011010110001011
10000111111100100111010000010001011
10001000000100101100000100110001011
10001000001100110000111000010001011
10001000011000110101101010010001011
10001000101000111010011010110001011
10001000111000111111001000010001011
10001001001101000011110011110001011
10001001001111111100001100010001011
10001000111000000000110111110001011
10001000101000000101100101010001011
10001000011000001010010101110001011
10001000001100001111000111110001011
10001000000100010011111011010001011
10000111111100011000101111110001011
10000111111100011101100101010001011
10000111111100100010011010110001011
10000111111100100111010000010001011
10001000000100101100000100110001011
10001000001100110000111000010001011
10001000011000110101101010010001011
10001000101000111010011010110001011
10001000111000111111001000010001011
10001001001101000011110011110001011
10001001001111111100001100010001011
10001000111000000000110111110001011
10001000101000000101100101010001011
10001000011000001010010101110001011
10001000001100001111000111110001011
10001000000100010011111011010001011
10000111111100011000101111110001011
10000111111100011101100101010001011
10000111111100100010011010110001011
10000111111100100111010000010001011
10001000000100101100000100110001011
10001000001100110000111000010001011
10001000011000110101101010010001011
10001000101000111010011010110001011
10001000111000111111001000010001011
10001001001101000011110011110001011
10001001001111111100001100010001011
10001000111000000000110111110001011
10001000101000000101100101010001011
10001000011000001010010101110001011
10001000001100001111000111110001011
10001000000100010011111011010001011
10000111111100011000101111110001011
10000111111100011101100101010001011
10000111111100100010011010110001011
10000111111100100111010000010001011
10001000000100101100000100110001011
10001000001100110000111000010001011
10001000011000110101101010010001011
10001000101000111010011010110001011
10001000111000111111001000010001011
10001001001101000011110011110001011
10001001001111111100001100010001011
10001000111000000000110111110001011
10001000101000000101100101010001011
10001000011000001010010101110001011
10001000001100001111000111110001011
10001000000100010011111011010001011
10000111111100011000101111110001011
10000111111100011101100101010001011
10000111111100100010011010110001011
10000111111100100111010000010001011
10001000000100101100000100110001011
10001000001100110000111000010001011
10001000011000110101101010010001011
10001000101000111010011010110001011
10001000111000111111001000010001011
10001001001101000011110011110001011
10001001001111111100001100010001011
10001000111000000000110111110001011
10001000101000000101100101010001011
10001000011000001010010101110001011
10001000001100001111000111110001011
10001000000100010011111011010001011
10000111111100011000101111110001011
10000111111100011101100101010001011
10000111111100100010011010110001011
10000111111100100111010000010001011
10001000000100101100000100110001011
10001000001100110000111000010001011
10001000011000110101101010010001011
10001000101000111010011010110001011
10001000111000111111001000010001011
10001001001101000011110011110001011
10001001001111111100001100010001011
10001000111000000000110111110001011
10001000101000000101100101010001011
10001000011000001010010101110001011
10001000001100001111000111110001011
10001000000100010011111011010001011
10000111111100011000101111110001011
10000111111100011101100101010001011
10000111111100100010011010110001011
10000111111100100111010000010001011
10001000000100101100000100110001011
10001000001100110000111000010001011
10001000011000110101101010010001011
10001000101000111010011010110001011
10001000111000111111001000010001011
10001001001101000011110011110001011
10001001001111111100001100010001011
10001000111000000000110111110001011
10001000101000000101100101010001011
10001000011000001010010101110001011
10001000001100001111000111110001011
10001000000100010011111011010001011
10000111111100011000101111110001011
10000111111100011101100101010001011
