10000111111000100001001101010001011
10000111111100100011101000010001011
10000111111100100110000010110001011
10001000000000101000011101010001011
10001000000000101010110111110001011
10001000000100101101010001110001011
10001000001000101111101011010001011
10001000010000110010000100110001011
10001000010100110100011101110001011
10001000011100110110110110110001011
10001000100100111001001110110001011
10001000101100111011100110010001011
10001000110100111101111101010001011
10001000111101000000010011110001011
10001001001001000010101001010001011
10001001010101000100111110010001011
10001001010111111011000001110001011
10001001001011111101010110110001011
10001000111111111111101100010001011
10001000110100000010000010110001011
10001000101100000100011001110001011
10001000100100000110110001010001011
10001000011100001001001001010001011
10001000010100001011100010010001011
10001000010000001101111011010001011
10001000001000010000010100110001011
10001000000100010010101110010001011
10001000000000010101001000010001011
10001000000000010111100010110001011
10000111111100011001111101010001011
10000111111100011100010111110001011
10000111111000011110110010110001011
10000111111000100001001101010001011
10000111111100100011101000010001011
10000111111100100110000010110001011
10001000000000101000011101010001011
10001000000000101010110111110001011
10001000000100101101010001110001011
10001000001000101111101011010001011
10001000010000110010000100110001011
10001000010100110100011101110001011
10001000011100110110110110110001011
10001000100100111001001110110001011
10001000101100111011100110010001011
10001000110100111101111101010001011
10001000111101000000010011110001011
10001001001001000010101001010001011
10001001010101000100111110010001011
10001001010111111011000001110001011
10001001001011111101010110110001011
10001000111111111111101100010001011
10001000110100000010000010110001011
10001000101100000100011001110001011
10001000100100000110110001010001011
10001000011100001001001001010001011
10001000010100001011100010010001011
10001000010000001101111011010001011
10001000001000010000010100110001011
10001000000100010010101110010001011
10001000000000010101001000010001011
10001000000000010111100010110001011
10000111111100011001111101010001011
10000111111100011100010111110001011
10000111111000011110110010110001011
10000111111000100001001101010001011
10000111111100100011101000010001011
10000111111100100110000010110001011
10001000000000101000011101010001011
10001000000000101010110111110001011
10001000000100101101010001110001011
10001000001000101111101011010001011
10001000010000110010000100110001011
10001000010100110100011101110001011
10001000011100110110110110110001011
10001000100100111001001110110001011
10001000101100111011100110010001011
10001000110100111101111101010001011
10001000111101000000010011110001011
10001001001001000010101001010001011
10001001010101000100111110010001011
10001001010111111011000001110001011
10001001001011111101010110110001011
10001000111111111111101100010001011
10001000110100000010000010110001011
10001000101100000100011001110001011
10001000100100000110110001010001011
10001000011100001001001001010001011
10001000010100001011100010010001011
10001000010000001101111011010001011
10001000001000010000010100110001011
10001000000100010010101110010001011
10001000000000010101001000010001011
10001000000000010111100010110001011
10000111111100011001111101010001011
10000111111100011100010111110001011
10000111111000011110110010110001011
10000111111000100001001101010001011
10000111111100100011101000010001011
10000111111100100110000010110001011
10001000000000101000011101010001011
10001000000000101010110111110001011
10001000000100101101010001110001011
10001000001000101111101011010001011
10001000010000110010000100110001011
10001000010100110100011101110001011
10001000011100110110110110110001011
10001000100100111001001110110001011
10001000101100111011100110010001011
10001000110100111101111101010001011
10001000111101000000010011110001011
10001001001001000010101001010001011
10001001010101000100111110010001011
10001001010111111011000001110001011
10001001001011111101010110110001011
10001000111111111111101100010001011
10001000110100000010000010110001011
10001000101100000100011001110001011
10001000100100000110110001010001011
10001000011100001001001001010001011
10001000010100001011100010010001011
10001000010000001101111011010001011
10001000001000010000010100110001011
10001000000100010010101110010001011
10001000000000010101001000010001011
10001000000000010111100010110001011
10000111111100011001111101010001011
10000111111100011100010111110001011
10000111111000011110110010110001011
10000111111000100001001101010001011
10000111111100100011101000010001011
10000111111100100110000010110001011
10001000000000101000011101010001011
10001000000000101010110111110001011
10001000000100101101010001110001011
10001000001000101111101011010001011
10001000010000110010000100110001011
10001000010100110100011101110001011
10001000011100110110110110110001011
10001000100100111001001110110001011
10001000101100111011100110010001011
10001000110100111101111101010001011
10001000111101000000010011110001011
10001001001001000010101001010001011
10001001010101000100111110010001011
10001001010111111011000001110001011
10001001001011111101010110110001011
10001000111111111111101100010001011
10001000110100000010000010110001011
10001000101100000100011001110001011
10001000100100000110110001010001011
10001000011100001001001001010001011
10001000010100001011100010010001011
10001000010000001101111011010001011
10001000001000010000010100110001011
10001000000100010010101110010001011
10001000000000010101001000010001011
10001000000000010111100010110001011
10000111111100011001111101010001011
10000111111100011100010111110001011
10000111111000011110110010110001011
10000111111000100001001101010001011
10000111111100100011101000010001011
10000111111100100110000010110001011
10001000000000101000011101010001011
10001000000000101010110111110001011
10001000000100101101010001110001011
10001000001000101111101011010001011
10001000010000110010000100110001011
10001000010100110100011101110001011
10001000011100110110110110110001011
10001000100100111001001110110001011
10001000101100111011100110010001011
10001000110100111101111101010001011
10001000111101000000010011110001011
10001001001001000010101001010001011
10001001010101000100111110010001011
10001001010111111011000001110001011
10001001001011111101010110110001011
10001000111111111111101100010001011
10001000110100000010000010110001011
10001000101100000100011001110001011
10001000100100000110110001010001011
10001000011100001001001001010001011
10001000010100001011100010010001011
10001000010000001101111011010001011
10001000001000010000010100110001011
10001000000100010010101110010001011
10001000000000010101001000010001011
10001000000000010111100010110001011
10000111111100011001111101010001011
10000111111100011100010111110001011
10000111111000011110110010110001011
10000111111000100001001101010001011
10000111111100100011101000010001011
10000111111100100110000010110001011
10001000000000101000011101010001011
10001000000000101010110111110001011
10001000000100101101010001110001011
10001000001000101111101011010001011
10001000010000110010000100110001011
10001000010100110100011101110001011
10001000011100110110110110110001011
10001000100100111001001110110001011
10001000101100111011100110010001011
10001000110100111101111101010001011
10001000111101000000010011110001011
10001001001001000010101001010001011
10001001010101000100111110010001011
10001001010111111011000001110001011
10001001001011111101010110110001011
10001000111111111111101100010001011
10001000110100000010000010110001011
10001000101100000100011001110001011
10001000100100000110110001010001011
10001000011100001001001001010001011
10001000010100001011100010010001011
10001000010000001101111011010001011
10001000001000010000010100110001011
10001000000100010010101110010001011
10001000000000010101001000010001011
10001000000000010111100010110001011
10000111111100011001111101010001011
10000111111100011100010111110001011
10000111111000011110110010110001011
10000111111000100001001101010001011
10000111111100100011101000010001011
10000111111100100110000010110001011
10001000000000101000011101010001011
10001000000000101010110111110001011
10001000000100101101010001110001011
10001000001000101111101011010001011
10001000010000110010000100110001011
10001000010100110100011101110001011
10001000011100110110110110110001011
10001000100100111001001110110001011
10001000101100111011100110010001011
10001000110100111101111101010001011
10001000111101000000010011110001011
10001001001001000010101001010001011
10001001010101000100111110010001011
10001001010111111011000001110001011
10001001001011111101010110110001011
10001000111111111111101100010001011
10001000110100000010000010110001011
10001000101100000100011001110001011
10001000100100000110110001010001011
10001000011100001001001001010001011
10001000010100001011100010010001011
10001000010000001101111011010001011
10001000001000010000010100110001011
10001000000100010010101110010001011
10001000000000010101001000010001011
10001000000000010111100010110001011
10000111111100011001111101010001011
10000111111100011100010111110001011
10000111111000011110110010110001011
10000111111000100001001101010001011
10000111111100100011101000010001011
10000111111100100110000010110001011
10001000000000101000011101010001011
10001000000000101010110111110001011
10001000000100101101010001110001011
10001000001000101111101011010001011
10001000010000110010000100110001011
10001000010100110100011101110001011
10001000011100110110110110110001011
10001000100100111001001110110001011
10001000101100111011100110010001011
10001000110100111101111101010001011
10001000111101000000010011110001011
10001001001001000010101001010001011
10001001010101000100111110010001011
10001001010111111011000001110001011
10001001001011111101010110110001011
10001000111111111111101100010001011
10001000110100000010000010110001011
10001000101100000100011001110001011
10001000100100000110110001010001011
10001000011100001001001001010001011
10001000010100001011100010010001011
10001000010000001101111011010001011
10001000001000010000010100110001011
10001000000100010010101110010001011
10001000000000010101001000010001011
10001000000000010111100010110001011
10000111111100011001111101010001011
10000111111100011100010111110001011
10000111111000011110110010110001011
10000111111000100001001101010001011
10000111111100100011101000010001011
10000111111100100110000010110001011
10001000000000101000011101010001011
10001000000000101010110111110001011
10001000000100101101010001110001011
10001000001000101111101011010001011
10001000010000110010000100110001011
10001000010100110100011101110001011
10001000011100110110110110110001011
10001000100100111001001110110001011
10001000101100111011100110010001011
10001000110100111101111101010001011
10001000111101000000010011110001011
10001001001001000010101001010001011
10001001010101000100111110010001011
10001001010111111011000001110001011
10001001001011111101010110110001011
10001000111111111111101100010001011
10001000110100000010000010110001011
10001000101100000100011001110001011
10001000100100000110110001010001011
10001000011100001001001001010001011
10001000010100001011100010010001011
10001000010000001101111011010001011
10001000001000010000010100110001011
10001000000100010010101110010001011
10001000000000010101001000010001011
10001000000000010111100010110001011
10000111111100011001111101010001011
10000111111100011100010111110001011
10000111111000011110110010110001011
10000111111000100001001101010001011
10000111111100100011101000010001011
10000111111100100110000010110001011
10001000000000101000011101010001011
10001000000000101010110111110001011
10001000000100101101010001110001011
10001000001000101111101011010001011
10001000010000110010000100110001011
10001000010100110100011101110001011
10001000011100110110110110110001011
10001000100100111001001110110001011
10001000101100111011100110010001011
10001000110100111101111101010001011
10001000111101000000010011110001011
10001001001001000010101001010001011
10001001010101000100111110010001011
10001001010111111011000001110001011
10001001001011111101010110110001011
10001000111111111111101100010001011
10001000110100000010000010110001011
10001000101100000100011001110001011
10001000100100000110110001010001011
10001000011100001001001001010001011
10001000010100001011100010010001011
10001000010000001101111011010001011
10001000001000010000010100110001011
10001000000100010010101110010001011
10001000000000010101001000010001011
10001000000000010111100010110001011
10000111111100011001111101010001011
10000111111100011100010111110001011
10000111111000011110110010110001011
10000111111000100001001101010001011
10000111111100100011101000010001011
10000111111100100110000010110001011
10001000000000101000011101010001011
10001000000000101010110111110001011
10001000000100101101010001110001011
10001000001000101111101011010001011
10001000010000110010000100110001011
10001000010100110100011101110001011
10001000011100110110110110110001011
10001000100100111001001110110001011
10001000101100111011100110010001011
10001000110100111101111101010001011
10001000111101000000010011110001011
10001001001001000010101001010001011
10001001010101000100111110010001011
10001001010111111011000001110001011
10001001001011111101010110110001011
10001000111111111111101100010001011
10001000110100000010000010110001011
10001000101100000100011001110001011
10001000100100000110110001010001011
10001000011100001001001001010001011
10001000010100001011100010010001011
10001000010000001101111011010001011
10001000001000010000010100110001011
10001000000100010010101110010001011
10001000000000010101001000010001011
10001000000000010111100010110001011
10000111111100011001111101010001011
10000111111100011100010111110001011
10000111111000011110110010110001011
10000111111000100001001101010001011
10000111111100100011101000010001011
10000111111100100110000010110001011
10001000000000101000011101010001011
10001000000000101010110111110001011
10001000000100101101010001110001011
10001000001000101111101011010001011
10001000010000110010000100110001011
10001000010100110100011101110001011
10001000011100110110110110110001011
10001000100100111001001110110001011
10001000101100111011100110010001011
10001000110100111101111101010001011
10001000111101000000010011110001011
10001001001001000010101001010001011
10001001010101000100111110010001011
10001001010111111011000001110001011
10001001001011111101010110110001011
10001000111111111111101100010001011
10001000110100000010000010110001011
10001000101100000100011001110001011
10001000100100000110110001010001011
10001000011100001001001001010001011
10001000010100001011100010010001011
10001000010000001101111011010001011
10001000001000010000010100110001011
10001000000100010010101110010001011
10001000000000010101001000010001011
10001000000000010111100010110001011
10000111111100011001111101010001011
10000111111100011100010111110001011
10000111111000011110110010110001011
10000111111000100001001101010001011
10000111111100100011101000010001011
10000111111100100110000010110001011
10001000000000101000011101010001011
10001000000000101010110111110001011
10001000000100101101010001110001011
10001000001000101111101011010001011
10001000010000110010000100110001011
10001000010100110100011101110001011
10001000011100110110110110110001011
10001000100100111001001110110001011
10001000101100111011100110010001011
10001000110100111101111101010001011
10001000111101000000010011110001011
10001001001001000010101001010001011
10001001010101000100111110010001011
10001001010111111011000001110001011
10001001001011111101010110110001011
10001000111111111111101100010001011
10001000110100000010000010110001011
10001000101100000100011001110001011
10001000100100000110110001010001011
10001000011100001001001001010001011
10001000010100001011100010010001011
10001000010000001101111011010001011
10001000001000010000010100110001011
10001000000100010010101110010001011
10001000000000010101001000010001011
10001000000000010111100010110001011
10000111111100011001111101010001011
10000111111100011100010111110001011
10000111111000011110110010110001011
10000111111000100001001101010001011
10000111111100100011101000010001011
10000111111100100110000010110001011
10001000000000101000011101010001011
10001000000000101010110111110001011
10001000000100101101010001110001011
10001000001000101111101011010001011
10001000010000110010000100110001011
10001000010100110100011101110001011
10001000011100110110110110110001011
10001000100100111001001110110001011
10001000101100111011100110010001011
10001000110100111101111101010001011
10001000111101000000010011110001011
10001001001001000010101001010001011
10001001010101000100111110010001011
10001001010111111011000001110001011
10001001001011111101010110110001011
10001000111111111111101100010001011
10001000110100000010000010110001011
10001000101100000100011001110001011
10001000100100000110110001010001011
10001000011100001001001001010001011
10001000010100001011100010010001011
10001000010000001101111011010001011
10001000001000010000010100110001011
10001000000100010010101110010001011
10001000000000010101001000010001011
10001000000000010111100010110001011
10000111111100011001111101010001011
10000111111100011100010111110001011
10000111111000011110110010110001011
10000111111000100001001101010001011
10000111111100100011101000010001011
10000111111100100110000010110001011
10001000000000101000011101010001011
10001000000000101010110111110001011
10001000000100101101010001110001011
10001000001000101111101011010001011
10001000010000110010000100110001011
10001000010100110100011101110001011
10001000011100110110110110110001011
10001000100100111001001110110001011
10001000101100111011100110010001011
10001000110100111101111101010001011
10001000111101000000010011110001011
10001001001001000010101001010001011
10001001010101000100111110010001011
10001001010111111011000001110001011
10001001001011111101010110110001011
10001000111111111111101100010001011
10001000110100000010000010110001011
10001000101100000100011001110001011
10001000100100000110110001010001011
10001000011100001001001001010001011
10001000010100001011100010010001011
10001000010000001101111011010001011
10001000001000010000010100110001011
10001000000100010010101110010001011
10001000000000010101001000010001011
10001000000000010111100010110001011
10000111111100011001111101010001011
10000111111100011100010111110001011
10000111111000011110110010110001011
