11000010100111010010101001011101110
11000010100111010011111100011101110
11000010100111010101001111011101110
11000010101011010110100010011101110
11000010101011010111110101011101110
11000010101111011001001000011101110
11000010101111011010011010111101110
11000010110011011011101101111101110
11000010110111011101000000011101110
11000010111011011110010010111101110
11000010111111011111100101011101110
11000011000011100000110111111101110
11000011000111100010001010011101110
11000011001011100011011100011101110
11000011010011100100101110111101110
11000011010111100110000000111101110
11000011010110111101111111011101110
11000011010010111111010001011101110
11000011001011000000100011111101110
11000011000111000001110101111101110
11000011000011000011001000011101110
11000010111111000100011010111101110
11000010111011000101101101011101110
11000010110111000110111111111101110
11000010110011001000010010011101110
11000010101111001001100101011101110
11000010101111001010110111111101110
11000010101011001100001010111101110
11000010101011001101011101111101110
11000010100111001110110000111101110
11000010100111010000000011111101110
11000010100111010001010110111101110
11000010001111010010101001111101110
11000010001111010011111100111101110
11000010001111010101010000011101110
11000010001111010110100011011101110
11000010010011010111110110011101110
11000010010011011001001001011101110
11000010010111011010011100111101110
11000010010111011011101111111101110
11000010011011011101000010111101110
11000010011111011110010101011101110
11000010100011011111101000011101110
11000010100111100000111010111101110
11000010101011100010001101111101110
11000010110011100011100000011101110
11000010110111100100110010011101110
11000010111111100110000100111101110
11000010111110111101111011011101110
11000010110110111111001101111101110
11000010110011000000011111111101110
11000010101011000001110010011101110
11000010100111000011000101011101110
11000010100011000100010111111101110
11000010011111000101101010111101110
11000010011011000110111101011101110
11000010010111001000010000011101110
11000010010111001001100011011101110
11000010010011001010110110111101110
11000010010011001100001001111101110
11000010001111001101011100111101110
11000010001111001110101111111101110
11000010001111010000000011011101110
11000010001111010001010110011101110
11000001110011010010101001111101110
11000001110011010011111101011101110
11000001110011010101010000111101110
11000001110111010110100100011101110
11000001110111010111110111111101110
11000001110111011001001010111101110
11000001111011011010011110011101110
11000001111111011011110001111101110
11000010000011011101000100111101110
11000010000111011110010111111101110
11000010001011011111101011011101110
11000010001111100000111110011101110
11000010010011100010010000111101110
11000010010111100011100011111101110
11000010011111100100110110011101110
11000010100011100110001000111101110
11000010100010111101110111011101110
11000010011110111111001001111101110
11000010010111000000011100011101110
11000010010011000001101111011101110
11000010001111000011000001111101110
11000010001011000100010100111101110
11000010000111000101101000011101110
11000010000011000110111011011101110
11000001111111001000001110011101110
11000001111011001001100001111101110
11000001110111001010110101011101110
11000001110111001100001000011101110
11000001110111001101011011111101110
11000001110011001110101111011101110
11000001110011010000000010111101110
11000001110011010001010110011101110
11000001010111010010101001111101110
11000001011011010011111101111101110
11000001011011010101010001011101110
11000001011011010110100101011101110
11000001011011010111111000111101110
11000001011111011001001100011101110
11000001100011011010100000011101110
11000001100011011011110011111101110
11000001100111011101000111011101110
11000001101011011110011010111101110
11000001101111011111101101111101110
11000001110011100001000001011101110
11000001110111100010010100011101110
11000001111111100011100111011101110
11000010000011100100111010011101110
11000010001011100110001101011101110
11000010001010111101110010111101110
11000010000010111111000101111101110
11000001111111000000011000111101110
11000001110111000001101011111101110
11000001110011000010111110111101110
11000001101111000100010010011101110
11000001101011000101100101011101110
11000001100111000110111000111101110
11000001100011001000001100011101110
11000001100011001001011111111101110
11000001011111001010110011111101110
11000001011011001100000111011101110
11000001011011001101011010111101110
11000001011011001110101110111101110
11000001011011010000000010011101110
11000001010111010001010110011101110
11000000111111010010101010011101110
11000000111111010011111110011101110
11000000111111010101010010011101110
11000000111111010110100110011101110
11000001000011010111111010011101110
11000001000011011001001101111101110
11000001000111011010100001111101110
11000001001011011011110101111101110
11000001001111011101001001011101110
11000001001111011110011101011101110
11000001010011011111110000111101110
11000001011011100001000100011101110
11000001011111100010010111111101110
11000001100011100011101011011101110
11000001101011100100111110011101110
11000001101111100110010001011101110
11000001101110111101101110111101110
11000001101010111111000001111101110
11000001100011000000010100111101110
11000001011111000001101000011101110
11000001011011000010111011111101110
11000001010011000100001111011101110
11000001001111000101100010111101110
11000001001111000110110110111101110
11000001001011001000001010011101110
11000001000111001001011110011101110
11000001000011001010110010011101110
11000001000011001100000101111101110
11000000111111001101011001111101110
11000000111111001110101101111101110
11000000111111010000000001111101110
11000000111111010001010101111101110
11000000100011010010101010011101111
11000000100011010011111110011101111
11000000100111010101010010111101111
11000000100111010110100111011101111
11000000100111010111111011011101111
11000000101011011001001111111101111
11000000101011011010100011111101111
11000000101111011011110111111101110
11000000110011011101001011111101110
11000000110111011110011111111101110
11000000111011011111110011111101110
11000000111111100001000111011101110
11000001000011100010011011011101110
11000001001011100011101110111101110
11000001001111100101000010011101110
11000001010111100110010101111101110
11000001010110111101101010011101110
11000001001110111110111101111101110
11000001001011000000010001011101110
11000001000011000001100100111101110
11000000111111000010111000111101110
11000000111011000100001100011101110
11000000110111000101100000011101110
11000000110011000110110100011101110
11000000101111001000001000011101110
11000000101011001001011100011101111
11000000101011001010110000011101111
11000000100111001100000100111101111
11000000100111001101011000111101111
11000000100111001110101101011101111
11000000100011010000000001111101111
11000000100011010001010101111101111
11000000001011010010101010011101111
11000000001011010011111110111101111
11000000001011010101010011011101111
11000000001011010110101000011101111
11000000001111010111111100111101111
11000000001111011001010001011101111
11000000010011011010100101011101111
11000000010111011011111001111101111
11000000010111011101001110011101111
11000000011011011110100010011101111
11000000011111011111110110111101111
11000000100111100001001010111101111
11000000101011100010011110111101111
11000000101111100011110010011101110
11000000110111100101000110011101110
11000000111011100110011001111101110
11000000111010111101100110011101110
11000000110110111110111001111101110
11000000101111000000001101111101110
11000000101011000001100001011101111
11000000100111000010110101011101111
11000000011111000100001001011101111
11000000011011000101011101111101111
11000000010111000110110001111101111
11000000010111001000000110011101111
11000000010011001001011010111101111
11000000001111001010101110111101111
11000000001111001100000011011101111
11000000001011001101010111111101111
11000000001011001110101100111101111
11000000001011010000000001011101111
11000000001011010001010101111101111
10111111101111010010101010011101111
10111111101111010011111111011101111
10111111101111010101010100011101111
10111111110011010110101001011101111
10111111110011010111111101111101111
10111111110111011001010010111101111
10111111110111011010100111011101111
10111111111011011011111011111101111
10111111111111011101010000111101111
11000000000011011110100101011101111
11000000000111011111111001111101111
11000000001011100001001101111101111
11000000001111100010100010011101111
11000000010111100011110110011101111
11000000011011100101001010011101111
11000000100011100110011110011101111
11000000100010111101100001111101111
11000000011010111110110101111101111
11000000010111000000001001111101111
11000000001111000001011101111101111
11000000001011000010110010011101111
11000000000111000100000110011101111
11000000000011000101011010111101111
10111111111111000110101111011101111
10111111111011001000000100011101111
10111111110111001001011000111101111
10111111110111001010101101011101111
10111111110011001100000010011101111
10111111110011001101010110111101111
10111111101111001110101011111101111
10111111101111010000000000111101111
10111111101111010001010101111101111
11000101111011010010101000011101110
11000101111011010011111001011101110
11000101111011010101001010011101110
11000101111011010110011010111101110
11000101111111010111101011111101110
11000101111111011000111100011101110
11000110000011011010001101011101110
11000110000011011011011101111101110
11000110000111011100101110011101110
11000110001011011101111111011101110
11000110001111011111001111111101110
11000110010011100000011111111101110
11000110010111100001110000011101110
11000110011011100011000000011101110
11000110100011100100010000111101110
11000110100111100101100000111101110
11000110100110111110011111011101110
11000110100010111111101111011101110
11000110011011000000111111111101110
11000110010111000010001111111101110
11000110010011000011100000011101110
11000110001111000100110000011101110
11000110001011000110000000111101110
11000110000111000111010001111101110
11000110000011001000100010011101110
11000110000011001001110010111101110
11000101111111001011000011111101110
11000101111111001100010100011101110
11000101111011001101100101011101110
11000101111011001110110101111101110
11000101111011010000000110111101110
11000101111011010001010111111101110
11000101011111010010101000111101110
11000101011111010011111001111101110
11000101011111010101001010111101110
11000101100011010110011011111101110
11000101100011010111101100111101110
11000101100011011000111101111101110
11000101100111011010001110111101110
11000101101011011011011111111101110
11000101101111011100110000111101110
11000101101111011110000001011101110
11000101110011011111010010011101110
11000101110111100000100010111101110
11000101111111100001110011011101110
11000110000011100011000011111101110
11000110000111100100010100011101110
11000110001111100101100100011101110
11000110001110111110011011111101110
11000110000110111111101011111101110
11000110000011000000111100011101110
11000101111111000010001100111101110
11000101110111000011011101011101110
11000101110011000100101101111101110
11000101101111000101111110111101110
11000101101111000111001111011101110
11000101101011001000100000011101110
11000101100111001001110001011101110
11000101100011001011000010011101110
11000101100011001100010011011101110
11000101100011001101100100011101110
11000101011111001110110101011101110
11000101011111010000000110011101110
11000101011111010001010111011101110
11000101000011010010101000111101110
11000101000111010011111010011101110
11000101000111010101001011011101110
11000101000111010110011100111101110
11000101000111010111101110011101110
11000101001011011000111111011101110
11000101001011011010010000111101110
11000101001111011011100001111101110
11000101010011011100110010111101110
11000101010111011110000011111101110
11000101011011011111010100111101110
11000101011111100000100101111101110
11000101100011100001110110111101110
11000101100111100011000111011101110
11000101101111100100010111111101110
11000101110011100101101000011101110
11000101110010111110010111111101110
11000101101110111111101000011101110
11000101100111000000111000111101110
11000101100011000010001001011101110
11000101011111000011011010011101110
11000101011011000100101011011101110
11000101010111000101111100011101110
11000101010011000111001101011101110
11000101001111001000011110011101110
11000101001011001001101111011101110
11000101001011001011000000111101110
11000101000111001100010001111101110
11000101000111001101100011011101110
11000101000111001110110100111101110
11000101000111010000000101111101110
11000101000011010001010111011101110
11000100101011010010101000111101110
11000100101011010011111010011101110
11000100101011010101001100011101110
11000100101011010110011101111101110
11000100101111010111101111011101110
11000100101111011001000000111101110
11000100110011011010010010011101110
11000100110111011011100011111101110
11000100110111011100110101011101110
11000100111011011110000110011101110
11000100111111011111010111111101110
11000101000011100000101000111101110
11000101001011100001111001111101110
11000101001111100011001010111101110
11000101010011100100011011111101110
11000101011011100101101100011101110
11000101011010111110010011111101110
11000101010010111111100100011101110
11000101001111000000110101011101110
11000101001011000010000110011101110
11000101000011000011010111011101110
11000100111111000100101000011101110
11000100111011000101111001111101110
11000100110111000111001010111101110
11000100110111001000011100011101110
11000100110011001001101101111101110
11000100101111001010111111011101110
11000100101111001100010000111101110
11000100101011001101100010011101110
11000100101011001110110011111101110
11000100101011010000000101111101110
11000100101011010001010111011101110
11000100001111010010101000111101110
11000100001111010011111010111101110
11000100010011010101001100111101110
11000100010011010110011110111101110
11000100010011010111110000011101110
11000100010111011001000010011101110
11000100010111011010010011111101110
11000100011011011011100101111101110
11000100011111011100110111011101110
11000100100011011110001000111101110
11000100100111011111011010011101110
11000100101011100000101011111101110
11000100101111100001111101011101110
11000100110011100011001110011101110
11000100111011100100011111011101110
11000100111111100101110000011101110
11000100111110111110001111111101110
11000100111010111111100000111101110
11000100110011000000110001111101110
11000100101111000010000010111101110
11000100101011000011010100011101110
11000100100111000100100101111101110
11000100100011000101110111011101110
11000100011111000111001000111101110
11000100011011001000011010011101110
11000100010111001001101100011101110
11000100010111001010111101111101110
11000100010011001100001111111101110
11000100010011001101100001011101110
11000100010011001110110011011101110
11000100001111010000000101011101110
11000100001111010001010111011101110
11000011110111010010101001011101110
11000011110111010011111011011101110
11000011110111010101001101011101110
11000011110111010110011111011101110
11000011111011010111110001111101110
11000011111011011001000011111101110
11000011111111011010010101111101110
11000100000011011011100111111101110
11000100000011011100111001011101110
11000100000111011110001011011101110
11000100001011011111011101011101110
11000100001111100000101110111101110
11000100010111100010000000011101110
11000100011011100011010001111101110
11000100011111100100100011011101110
11000100100111100101110100011101110
11000100100110111110001011111101110
11000100011110111111011100111101110
11000100011011000000101110011101110
11000100010111000001111111111101110
11000100001111000011010001011101110
11000100001011000100100010111101110
11000100000111000101110100111101110
11000100000011000111000110111101110
11000100000011001000011000011101110
11000011111111001001101010011101110
11000011111011001010111100011101110
11000011111011001100001110011101110
11000011110111001101100000111101110
11000011110111001110110010111101110
11000011110111010000000100111101110
11000011110111010001010110111101110
11000011011011010010101001011101110
11000011011011010011111011111101110
11000011011011010101001110011101110
11000011011111010110100000011101110
11000011011111010111110010111101110
11000011100011011001000101011101110
11000011100011011010010111011101110
11000011100111011011101001111101110
11000011101011011100111011111101110
11000011101111011110001101111101110
11000011110011011111011111111101110
11000011110111100000110001111101110
11000011111011100010000011111101110
11000011111111100011010101011101110
11000100000111100100100110111101110
11000100001011100101111000011101110
11000100001010111110000111111101110
11000100000110111111011001011101110
11000011111111000000101010111101110
11000011111011000001111100011101110
11000011110111000011001110011101110
11000011110011000100100000011101110
11000011101111000101110010011101110
11000011101011000111000100011101110
11000011100111001000010110011101110
11000011100011001001101000111101110
11000011100011001010111010111101110
11000011011111001100001101011101110
11000011011111001101011111111101110
11000011011011001110110001111101110
11000011011011010000000100011101110
11000011011011010001010110111101110
11000011000011010010101001011101110
11000011000011010011111100011101110
11000011000011010101001110111101110
11000011000011010110100001011101110
11000011000111010111110011111101110
11000011000111011001000110111101110
11000011001011011010011001011101110
11000011001011011011101011111101110
11000011001111011100111101111101110
11000011010011011110010000011101110
11000011010111011111100010111101110
11000011011011100000110100111101110
11000011011111100010000110111101110
11000011100111100011011000111101110
11000011101011100100101010111101110
11000011110011100101111100111101110
11000011110010111110000011011101110
11000011101010111111010101011101110
11000011100111000000100111011101110
11000011011111000001111001011101110
11000011011011000011001011011101110
11000011010111000100011101011101110
11000011010011000101101111111101110
11000011001111000111000010011101110
11000011001011001000010100011101110
11000011001011001001100110111101110
11000011000111001010111001011101110
11000011000111001100001100011101110
11000011000011001101011110111101110
11000011000011001110110001011101110
11000011000011010000000011111101110
11000011000011010001010110111101110
