10100010011011011001101111011101110
10100010011111011101001101111101110
10100010100011100000101011111101110
10100010100111100100001001111101110
10100010110011100111100111011101110
10100010111011101011000011111101110
10100011001011101110011111011101110
10100011010111110001111010011101110
10100011010110111110000101111101110
10100011001011000001100000111101110
10100010111011000100111100011101110
10100010110011001000011000111101110
10100010100111001011110110011101110
10100010100011001111010100011101110
10100010011111010010110010011101110
10100010011011010110010000111101110
10100010000011011001101111111101110
10100010000011011101001111011101110
10100010000111100000101110011101110
10100010001111100100001101011101110
10100010010111100111101011011101110
10100010100011101011001000111101110
10100010101111101110100101111101110
10100010111111110010000001011101110
10100010111110111101111110111101110
10100010101111000001011010011101110
10100010100011000100110111011101110
10100010010111001000010100111101110
10100010001111001011110010111101110
10100010000111001111010001111101110
10100010000011010010110000111101110
10100010000011010110010000011101110
10100001100111011001110000011101110
10100001101011011101010000111101110
10100001101111100000110000111101110
10100001110011100100010000111101110
10100001111111100111101111111101110
10100010000111101011001110011101110
10100010010011101110101011111101110
10100010100011110010001000011101110
10100010100010111101110111111101110
10100010010011000001010100011101110
10100010000111000100110001111101110
10100001111111001000010000011101110
10100001110011001011101111011101110
10100001101111001111001111011101110
10100001101011010010101111011101110
10100001100111010110001111111101110
10100001001011011001110000111101110
10100001001111011101010010011101110
10100001010011100000110011011101110
10100001011011100100010100011101110
10100001100011100111110100011101110
10100001101111101011010011111101110
10100001111011101110110010011101110
10100010001011110010001111111101110
10100010001010111101110000011101110
10100001111011000001001101111101110
10100001101111000100101100011101110
10100001100011001000001011111101110
10100001011011001011101011111101110
10100001010011001111001100111101110
10100001001111010010101101111101110
10100001001011010110001111011101110
10100000110011011001110001011101110
10100000110011011101010011111101110
10100000111011100000110101111101110
10100000111111100100010111111101110
10100001000111100111111000111101110
10100001010011101011011001011101110
10100001011111101110111000111101110
10100001101111110010010111011101110
10100001101110111101101000111101110
10100001011111000001000111011101110
10100001010011000100100110111101110
10100001000111001000000111011101110
10100000111111001011101000011101110
10100000111011001111001010011101110
10100000110011010010101100011101110
10100000110011010110001110111101110
10100000010111011001110001111101110
10100000011011011101010101011101110
10100000011111100000111000011101110
10100000100111100100011011011101110
10100000101111100111111101011101110
10100000111011101011011110111101110
10100001000111101110111111011101110
10100001010111110010011110011101110
10100001010110111101100001111101110
10100001000111000001000000111101110
10100000111011000100100001011101110
10100000101111001000000010111101110
10100000100111001011100100111101110
10100000011111001111000111111101110
10100000011011010010101010111101110
10100000010111010110001110011101110
10011111111111011001110010011101110
10011111111111011101010110111101110
10100000000011100000111010111101110
10100000001011100100011110111101110
10100000010011101000000001111101110
10100000011111101011100100011101110
10100000101011101111000101111101110
10100000111011110010100101111101110
10100000111010111101011010011101110
10100000101011000000111010011101110
10100000011111000100011011111101110
10100000010011000111111110011101110
10100000001011001011100001011101110
10100000000011001111000101011101110
10011111111111010010101001011101110
10011111111111010110001101111101110
10011111100011011001110010111101110
10011111100111011101011000011101110
10011111101011100000111101011101110
10011111110011100100100010011101110
10011111111011101000000110011101110
10100000000111101011101001111101110
10100000010011101111001100011101110
10100000100011110010101101011101110
10100000100010111101010010111101110
10100000010011000000110011111101110
10100000000111000100010110011101110
10011111111011000111111001111101110
10011111110011001011011101111101110
10011111101011001111000010111101110
10011111100111010010100111111101110
10011111100011010110001101011101110
10011111001011011001110011011101110
10011111001011011101011001111101110
10011111001111100000111111111101110
10011111010111100100100101111101110
10011111011111101000001010111101110
10011111101011101011101111011101110
10011111110111101111010010111101110
10100000000111110010110100111101110
10100000000110111101001011011101110
10011111110111000000101101011101110
10011111101011000100010000111101110
10011111011111000111110101011101110
10011111010111001011011010011101110
10011111001111001111000000011101110
10011111001011010010100110011101110
10011111001011010110001100111101110
10011110101111011001110011111101110
10011110110011011101011011011101110
10011110110111100001000010111101110
10011110111111100100101001011101110
10011111000111101000001111111101110
10011111010011101011110100111101110
10011111011111101111011001011101110
10011111101111110010111100111101110
10011111101110111101000011011101110
10011111011111000000100110111101110
10011111010011000100001011011101110
10011111000111000111110000011101110
10011110111111001011010110111101110
10011110110111001110111101011101110
10011110110011010010100100111101110
10011110101111010110001100011101110
10011110010111011001110100011101110
10011110010111011101011100111101110
10011110011011100001000101011101110
10011110100011100100101101011101110
10011110101011101000010100011101110
10011110110111101011111010111101110
10011111000011101111100000011101110
10011111010011110011000100011101110
10011111010010111100111011111101110
10011111000011000000011111111101110
10011110110111000100000101011101110
10011110101011000111101011111101110
10011110100011001011010010111101110
10011110011011001110111010111101110
10011110010111010010100011011101110
10011110010111010110001011111101110
10011101111011011001110100111101110
10011101111111011101011110111101110
10011110000011100001000111111101110
10011110000111100100110000111101110
10011110010011101000011001011101110
10011110011111101100000000011101110
10011110101011101111100110111101110
10011110111011110011001100011101110
10011110111010111100110011111101110
10011110101011000000011001011101110
10011110011111000011111111111101110
10011110010011000111100110111101110
10011110000111001011001111011101110
10011110000011001110111000011101110
10011101111111010010100001011101110
10011101111011010110001011011101110
10011101011111011001110101011101111
10011101100011011101100000011101110
10011101100111100001001010111101110
10011101101111100100110100011101110
10011101110111101000011101111101110
10011110000011101100000110011101110
10011110001111101111101101111101110
10011110011111110011010100011101110
10011110011110111100101011111101110
10011110001111000000010010011101110
10011110000011000011111001111101110
10011101110111000111100010011101110
10011101101111001011001011111101110
10011101100111001110110101011101110
10011101100011010010011111111101110
10011101011111010110001010111101111
10011101000111011001110101111101111
10011101001011011101100001111101111
10011101001111100001001101011101111
10011101010011100100111000011101111
10011101011111101000100010111101111
10011101101011101100001100011101110
10011101110111101111110100111101110
10011110000111110011011011111101110
10011110000110111100100100011101110
10011101110111000000001011011101110
10011101101011000011110011111101110
10011101011111000111011101011101111
10011101010011001011000111111101111
10011101001111001110110010111101111
10011101001011010010011110011101111
10011101000111010110001010011101111
10011100101011011001110110011101111
10011100101111011101100011011101111
10011100110011100001001111111101111
10011100111011100100111100011101111
10011101000011101000100111111101111
10011101001111101100010010011101111
10011101011011101111111011111101111
10011101101011110011100011111101110
10011101101010111100011100011101110
10011101011011000000000100011101111
10011101001111000011101101111101111
10011101000011000111011000011101111
10011100111011001011000011111101111
10011100110011001110110000011101111
10011100101111010010011100111101111
10011100101011010110001001111101111
10011100010011011001110111011101111
10011100010011011101100101011101111
10011100011011100001010010111101111
10011100011111100100111111111101111
10011100101011101000101100011101111
10011100110011101100011000011101111
10011101000011110000000010111101111
10011101010011110011101100011101111
10011101010010111100010011111101111
10011101000010111111111101011101111
10011100110011000011100111111101111
10011100101011000111010011111101111
10011100011111001011000000011101111
10011100011011001110101101011101111
10011100010011010010011010111101111
10011100010011010110001000111101111
10101000111111011001101000011101110
10101001000011011100111000011101110
10101001000111100000000111111101110
10101001001011100011010111011101110
10101001010011100110100110011101110
10101001011111101001110100111101110
10101001101011101101000010111101110
10101001110111110000001111111101110
10101001110110111111110000011101110
10101001101011000010111101011101110
10101001011111000110001011011101110
10101001010011001001011001111101110
10101001001011001100101000111101110
10101001000111001111111000011101110
10101001000011010011000111111101110
10101000111111010110010111111101110
10101000100011011001101000011101110
10101000100111011100111001011101110
10101000101011100000001001111101110
10101000110011100011011010011101110
10101000111011100110101010011101110
10101001000011101001111001011101110
10101001001111101101001000011101110
10101001011111110000010101111101110
10101001011110111111101010011101110
10101001001111000010110111111101110
10101001000011000110000110111101110
10101000111011001001010101111101110
10101000110011001100100101111101110
10101000101011001111110110011101110
10101000100111010011000110111101110
10101000100011010110010111111101110
10101000001011011001101000111101110
10101000001011011100111010111101110
10101000001111100000001100011101110
10101000010111100011011101011101110
10101000011111100110101110011101110
10101000101011101001111110011101110
10101000110111101101001101111101110
10101001000011110000011100011101110
10101001000010111111100011111101110
10101000110111000010110010011101110
10101000101011000110000001111101110
10101000011111001001010001111101110
10101000010111001100100010111101110
10101000001111001111110011111101110
10101000001011010011000101011101110
10101000001011010110010111011101110
10100111101111011001101001011101110
10100111110011011100111011111101110
10100111110111100000001110011101110
10100111111011100011100000011101110
10101000000111100110110001111101110
10101000001111101010000010111101110
10101000011011101101010011011101110
10101000101011110000100010011101110
10101000101010111111011101111101110
10101000011011000010101100111101110
10101000001111000101111101011101110
10101000000111001001001110011101110
10100111111011001100011111111101110
10100111110111001111110001111101110
10100111110011010011000100011101110
10100111101111010110010110111101110
10100111010111011001101001111101110
10100111010111011100111101011101110
10100111011011100000010000011101110
10100111100011100011100011011101110
10100111101011100110110101111101110
10100111110111101010000111111101110
10101000000011101101011000111101110
10101000001111110000101000111101110
10101000001110111111010111011101110
10101000000011000010100111011101110
10100111110111000101111000011101110
10100111101011001001001010011101110
10100111100011001100011100111101110
10100111011011001111101111111101110
10100111010111010011000010111101110
10100111010111010110010110011101110
10100110111011011001101010011101110
10100110111111011100111110111101110
10100111000011100000010010111101110
10100111000111100011100110011101110
10100111001111100110111001111101110
10100111011011101010001100011101110
10100111100111101101011110011101110
10100111110111110000101111011101110
10100111110110111111010000111101110
10100111100111000010100001111101110
10100111011011000101110011111101110
10100111001111001001000110011101110
10100111000111001100011001111101110
10100111000011001111101101011101110
10100110111111010011000001011101110
10100110111011010110010101111101110
10100110100011011001101010111101110
10100110100011011100111111111101110
10100110100111100000010100111101110
10100110101111100011101001011101110
10100110110111100110111101111101110
10100110111111101010010001011101110
10100111001111101101100011111101110
10100111011011110000110101111101110
10100111011010111111001010011101110
10100111001111000010011100011101110
10100110111111000101101110111101110
10100110110111001001000010011101110
10100110101111001100010110111101110
10100110100111001111101011011101110
10100110100011010011000000011101110
10100110100011010110010101011101110
10100110000111011001101011011101110
10100110001011011101000001011101110
10100110001111100000010111011101110
10100110010011100011101100111101110
10100110011011100111000001111101110
10100110100111101010010110011101110
10100110110011101101101001111101110
10100111000011110000111100011101110
10100111000010111111000011111101110
10100110110011000010010110011101110
10100110100111000101101001111101110
10100110011011001000111110011101110
10100110010011001100010011011101110
10100110001111001111101000111101110
10100110001011010010111110111101110
10100110000111010110010100111101110
10100101101111011001101011111101110
10100101101111011101000010111101110
10100101110011100000011001011101110
10100101111011100011101111111101110
10100110000011100111000101111101110
10100110001011101010011010111101110
10100110011011101101101111011101110
10100110100111110001000011011101110
10100110100110111110111100111101110
10100110011011000010010000111101110
10100110001011000101100101011101110
10100110000011001000111010011101110
10100101111011001100010000011101110
10100101110011001111100110111101110
10100101101111010010111101011101110
10100101101111010110010100011101110
10100101010011011001101011111101110
10100101010111011101000011111101110
10100101011011100000011011111101110
10100101011111100011110010111101110
10100101100111100111001001111101110
10100101110011101010011111111101110
10100101111111101101110101011101110
10100110001111110001001001111101110
10100110001110111110110110011101110
10100101111111000010001010111101110
10100101110011000101100000011101110
10100101100111001000110110011101110
10100101011111001100001101011101110
10100101011011001111100100011101110
10100101010111010010111100011101110
10100101010011010110010100011101110
10100100110111011001101100011101110
10100100111011011101000101011101110
10100100111111100000011101111101110
10100101000111100011110110011101110
10100101001111100111001101111101110
10100101010111101010100100111101110
10100101100111101101111011011101110
10100101110011110001010000011101110
10100101110010111110101111111101110
10100101100111000010000100111101110
10100101010111000101011011011101110
10100101001111001000110010011101110
10100101000111001100001001111101110
10100100111111001111100010011101110
10100100111011010010111010111101110
10100100110111010110010011111101110
10100100011111011001101100111101110
10100100011111011101000110111101110
10100100100111100000100000011101110
10100100101011100011111001011101110
10100100110011100111010001111101110
10100100111111101010101001111101110
10100101001011101110000001011101110
10100101011011110001010111011101110
10100101011010111110101000111101110
10100101001011000001111110111101110
10100100111111000101010110011101110
10100100110011001000101110011101110
10100100101011001100000110111101110
10100100100111001111011111111101110
10100100011111010010111001011101110
10100100011111010110010011011101110
10100100000011011001101101011101110
10100100000111011101001000011101110
10100100001011100000100010011101110
10100100010011100011111100111101110
10100100011011100111010110011101110
10100100100011101010101110111101110
10100100110011101110000111011101110
10100100111111110001011110011101110
10100100111110111110100001111101110
10100100110011000001111000111101110
10100100100011000101010001011101110
10100100011011001000101001111101110
10100100010011001100000011011101110
10100100001011001111011101111101110
10100100000111010010110111111101110
10100100000011010110010010111101110
10100011101011011001101101111101110
10100011101011011101001001011101110
10100011101111100000100100111101110
10100011110111100011111111111101110
10100011111111100111011010011101110
10100100001011101010110100011101110
10100100010111101110001101011101110
10100100100111110001100100111101110
10100100100110111110011011011101110
10100100010111000001110010111101110
10100100001011000101001011111101110
10100011111111001000100101111101110
10100011110111001100000000011101110
10100011101111001111011011011101110
10100011101011010010110110111101110
10100011101011010110010010011101110
10100011001111011001101110011101110
10100011010011011101001010111101110
10100011010111100000100111011101110
10100011011011100100000011011101110
10100011100111100111011110111101110
10100011101111101010111001011101110
10100011111111101110010011011101110
10100100001011110001101011111101110
10100100001010111110010100011101110
10100011111111000001101100111101110
10100011101111000101000110111101110
10100011100111001000100001011101110
10100011011011001011111100111101110
10100011010111001111011000111101110
10100011010011010010110101011101110
10100011001111010110010001111101110
10100010110111011001101110111101110
10100010110111011101001100011101110
10100010111011100000101001111101110
10100011000011100100000110011101110
10100011001011100111100010111101110
10100011010111101010111110011101110
10100011100011101110011001011101110
10100011110011110001110010111101110
10100011110010111110001101011101110
10100011100011000001100110111101110
10100011010111000101000001111101110
10100011001011001000011101011101110
10100011000011001011111001111101110
10100010111011001111010110011101110
10100010110111010010110011111101110
10100010110111010110010001011101110
