10100101101111011000110101111101110
10100101101111011010100001011101110
10100101101111011100001100111101110
10100101101111011101111000011101110
10100101110011011111100011111101110
10100101110111100001001110111101110
10100101110111100010111010011101110
10100101111011100100100101011101110
10100101111111100110010000011101110
10100110000011100111111011011101110
10100110001011101001100101111101110
10100110001111101011010000011101110
10100110010111101100111010011101110
10100110011011101110100100011101110
10100110100011110000001110011101110
10100110101011110001110111111101110
10100110101010111110001000011101110
10100110100010111111110001111101110
10100110011011000001011011111101110
10100110010111000011000101111101110
10100110001111000100101111111101110
10100110001011000110011010011101110
10100110000011001000000100111101110
10100101111111001001101111111101110
10100101111011001011011010111101110
10100101110111001101000101111101110
10100101110111001110110001011101110
10100101110011010000011100011101110
10100101101111010010000111111101110
10100101101111010011110011011101110
10100101101111010101011110111101110
10100101101111010111001010011101110
10100101010011011000110101111101110
10100101010011011010100001111101110
10100101010011011100001101111101110
10100101010111011101111001111101110
10100101010111011111100101111101110
10100101011011100001010001011101110
10100101011111100010111101011101110
10100101100011100100101000111101110
10100101100111100110010100011101110
10100101101011100111111111011101110
10100101101111101001101010011101110
10100101110111101011010101011101110
10100101111011101101000000011101110
10100110000011101110101010011101110
10100110001011110000010100111101110
10100110010011110001111110111101110
10100110010010111110000001011101110
10100110001010111111101011011101110
10100110000011000001010101111101110
10100101111011000010111111111101110
10100101110111000100101010111101110
10100101101111000110010101111101110
10100101101011001000000000111101110
10100101100111001001101011111101110
10100101100011001011010111011101110
10100101011111001101000010111101110
10100101011011001110101110111101110
10100101010111010000011010011101110
10100101010111010010000110011101110
10100101010011010011110010011101110
10100101010011010101011110011101110
10100101010011010111001010011101110
10100100110111011000110110011101110
10100100111011011010100010111101110
10100100111011011100001111011101110
10100100111011011101111011011101110
10100100111111011111100111111101110
10100100111111100001010011111101110
10100101000011100011000000011101110
10100101000111100100101100011101110
10100101001011100110010111111101110
10100101001111101000000011111101110
10100101010111101001101111011101110
10100101011011101011011010111101110
10100101100011101101000101111101110
10100101100111101110110000111101110
10100101101111110000011011011101110
10100101110111110010000101111101110
10100101110110111101111010011101110
10100101101110111111100100111101110
10100101100111000001001111011101110
10100101100011000010111010011101110
10100101011011000100100101011101110
10100101010111000110010000111101110
10100101001111000111111100011101110
10100101001011001001101000011101110
10100101000111001011010011111101110
10100101000011001100111111111101110
10100100111111001110101100011101110
10100100111111010000011000011101110
10100100111011010010000100111101110
10100100111011010011110000111101110
10100100111011010101011101011101110
10100100110111010111001001111101110
10100100011111011000110110011101110
10100100011111011010100011011101110
10100100011111011100010000011101110
10100100100011011101111101011101110
10100100100011011111101001111101110
10100100100111100001010110011101110
10100100101011100011000011011101110
10100100101111100100101111111101110
10100100110011100110011011111101110
10100100110111101000000111111101110
10100100111011101001110011111101110
10100101000011101011011111111101110
10100101000111101101001011011101110
10100101001111101110110110111101110
10100101010111110000100001111101110
10100101011111110010001100111101110
10100101011110111101110011011101110
10100101010110111111011110011101110
10100101001111000001001001011101110
10100101000111000010110100111101110
10100101000011000100100000011101110
10100100111011000110001100011101110
10100100110111000111111000011101110
10100100110011001001100100011101110
10100100101111001011010000011101110
10100100101011001100111100111101110
10100100100111001110101001111101110
10100100100011010000010110011101110
10100100100011010010000010111101110
10100100011111010011101111111101110
10100100011111010101011100111101110
10100100011111010111001001111101110
10100100000011011000110110111101110
10100100000011011010100100011101110
10100100000111011100010001011101110
10100100000111011101111110111101110
10100100001011011111101011111101110
10100100001011100001011001011101110
10100100001111100011000110011101110
10100100010011100100110010111101110
10100100010111100110011111111101110
10100100011011101000001100011101110
10100100100011101001111000111101110
10100100100111101011100101011101110
10100100101111101101010001011101110
10100100110011101110111100111101110
10100100111011110000101000011101110
10100101000011110010010011111101110
10100101000010111101101100011101110
10100100111010111111010111111101110
10100100110011000001000011011101110
10100100101111000010101110111101110
10100100100111000100011010111101110
10100100100011000110000111011101110
10100100011011000111110011111101110
10100100010111001001100000011101110
10100100010011001011001101011101110
10100100001111001100111001111101110
10100100001011001110100110111101110
10100100001011010000010100011101110
10100100000111010010000001011101110
10100100000111010011101110111101110
10100100000011010101011011111101110
10100100000011010111001001011101110
10100011101011011000110110111101110
10100011101011011010100100111101110
10100011101011011100010010111101110
10100011101111011110000000011101110
10100011101111011111101110011101110
10100011110011100001011011111101110
10100011110111100011001001011101110
10100011111011100100110110111101110
10100011111111100110100011111101110
10100100000011101000010000111101110
10100100000111101001111101111101110
10100100001111101011101010011101110
10100100010011101101010110111101110
10100100011011101111000011011101110
10100100100011110000101111011101110
10100100101011110010011010111101110
10100100101010111101100101011101110
10100100100010111111010000111101110
10100100011011000000111100111101110
10100100010011000010101001011101110
10100100001111000100010101111101110
10100100000111000110000010011101110
10100100000011000111101111011101110
10100011111111001001011100011101110
10100011111011001011001001111101110
10100011110111001100110110111101110
10100011110011001110100100011101110
10100011101111010000010001111101110
10100011101111010001111111111101110
10100011101011010011101101011101110
10100011101011010101011011011101110
10100011101011010111001001011101110
10100011001111011000110111011101110
10100011001111011010100101011101110
10100011010011011100010011111101110
10100011010011011110000001111101110
10100011010111011111110000011101110
10100011010111100001011110011101110
10100011011011100011001100011101110
10100011011111100100111010011101110
10100011100011100110100111111101110
10100011100111101000010101011101110
10100011101111101010000010111101110
10100011110011101011101111111101110
10100011111011101101011100111101110
10100011111111101111001001011101110
10100100000111110000110101111101110
10100100001111110010100010011101110
10100100001110111101011101111101110
10100100000110111111001010011101110
10100011111111000000110110111101110
10100011111011000010100011011101110
10100011110011000100010000011101110
10100011101111000101111101011101110
10100011100111000111101010111101110
10100011100011001001011000011101110
10100011011111001011000101111101110
10100011011011001100110011111101110
10100011010111001110100001111101110
10100011010111010000001111111101110
10100011010011010001111110011101110
10100011010011010011101100011101110
10100011001111010101011010111101110
10100011001111010111001000111101110
10100010110111011000110111011101110
10100010110111011010100110011101110
10100010110111011100010100111101110
10100010110111011110000011111101110
10100010111011011111110010011101110
10100010111111100001100000111101110
10100010111111100011001111011101110
10100011000011100100111101111101110
10100011001011100110101011111101110
10100011001111101000011001111101110
10100011010011101010000111111101110
10100011011011101011110101011101110
10100011011111101101100010111101110
10100011100111101111001111111101110
10100011101111110000111100111101110
10100011110111110010101001011101110
10100011110110111101010110111101110
10100011101110111111000011011101110
10100011100111000000110000011101110
10100011011111000010011101011101110
10100011011011000100001010111101110
10100011010011000101111000011101110
10100011001111000111100110011101110
10100011001011001001010100011101110
10100011000011001011000010011101110
10100010111111001100110000111101110
10100010111111001110011111011101110
10100010111011010000001101111101110
10100010110111010001111100011101110
10100010110111010011101011011101110
10100010110111010101011001111101110
10100010110111010111001000111101110
10101000111111011000110100011101110
10101000111111011010011100011101110
10101000111111011100000100011101110
10101001000011011101101100011101110
10101001000011011111010011111101110
10101001000111100000111011111101110
10101001001011100010100011111101110
10101001001111100100001011011101110
10101001010011100101110010111101110
10101001010111100111011010011101110
10101001011011101001000001011101110
10101001011111101010101000011101110
10101001100111101100001111011101110
10101001101011101101110101111101110
10101001110011101111011100011101110
10101001111011110001000010111101110
10101001111010111110111101011101110
10101001110011000000100011111101110
10101001101011000010001010011101110
10101001100111000011110000111101110
10101001011111000101010111111101110
10101001011011000110111110111101110
10101001010111001000100101111101110
10101001010011001010001101011101110
10101001001111001011110100111101110
10101001001011001101011100011101110
10101001000111001111000100011101110
10101001000011010000101100011101110
10101001000011010010010011111101110
10101000111111010011111011111101110
10101000111111010101100011111101110
10101000111111010111001011111101110
10101000100011011000110100011101110
10101000100111011010011100111101110
10101000100111011100000101011101110
10101000100111011101101101111101110
10101000101011011111010101111101110
10101000101011100000111110011101110
10101000101111100010100110011101110
10101000110011100100001110011101110
10101000110111100101110110011101110
10101000111011100111011110011101110
10101000111111101001000101111101110
10101001000111101010101101011101110
10101001001011101100010100011101110
10101001010011101101111011111101110
10101001011011101111100010011101110
10101001100011110001001001011101110
10101001100010111110110110111101110
10101001011011000000011101111101110
10101001010011000010000100011101110
10101001001011000011101011111101110
10101001000111000101010010111101110
10101000111111000110111010011101110
10101000111011001000100001111101110
10101000110111001010001001111101110
10101000110011001011110001111101110
10101000101111001101011001111101110
10101000101011001111000001111101110
10101000101011010000101010011101110
10101000100111010010010010011101110
10101000100111010011111010111101110
10101000100111010101100011011101110
10101000100011010111001011111101110
10101000001011011000110100011101110
10101000001011011010011101011101110
10101000001011011100000110011101110
10101000001111011101101111011101110
10101000001111011111010111111101110
10101000010011100001000000011101110
10101000010111100010101001011101110
10101000010111100100010001111101110
10101000011011100101111001111101110
10101000100011100111100010011101110
10101000100111101001001010011101110
10101000101011101010110010011101110
10101000110011101100011001111101110
10101000110111101110000001011101110
10101000111111101111101000111101110
10101001000111110001001111111101110
10101001000110111110110000011101110
10101000111111000000010111011101110
10101000110111000001111110111101110
10101000110011000011100110011101110
10101000101011000101001101111101110
10101000100111000110110101111101110
10101000100011001000011101111101110
10101000011011001010000110011101110
10101000010111001011101110011101110
10101000010111001101010110111101110
10101000010011001110111111111101110
10101000001111010000101000011101110
10101000001111010010010000111101110
10101000001011010011111001111101110
10101000001011010101100010111101110
10101000001011010111001011111101110
10100111101111011000110100111101110
10100111101111011010011101111101110
10100111110011011100000111011101110
10100111110011011101110000111101110
10100111110111011111011001111101110
10100111110111100001000010111101110
10100111111011100010101011111101110
10100111111111100100010100111101110
10101000000011100101111101111101110
10101000000111100111100110011101110
10101000001011101001001110111101110
10101000010011101010110110111101110
10101000010111101100011111011101110
10101000011111101110000111011101110
10101000100111101111101110111101110
10101000101111110001010110011101110
10101000101110111110101001111101110
10101000100111000000010001011101110
10101000011111000001111000111101110
10101000010111000011100000111101110
10101000010011000101001001011101110
10101000001011000110110001011101110
10101000000111001000011001111101110
10101000000011001010000010011101110
10100111111111001011101011011101110
10100111111011001101010100011101110
10100111110111001110111101011101110
10100111110111010000100110011101110
10100111110011010010001111011101110
10100111110011010011111000111101110
10100111101111010101100010011101110
10100111101111010111001011011101110
10100111010111011000110100111101110
10100111010111011010011110111101110
10100111010111011100001000011101110
10100111011011011101110010011101110
10100111011011011111011011111101110
10100111011111100001000101011101110
10100111011111100010101110111101110
10100111100011100100011000011101110
10100111100111100110000001011101110
10100111101111100111101010011101110
10100111110011101001010011011101110
10100111110111101010111011111101110
10100111111111101100100100011101110
10101000000011101110001100111101110
10101000001011101111110100111101110
10101000010011110001011100111101110
10101000010010111110100011011101110
10101000001011000000001011011101110
10101000000011000001110011011101110
10100111111111000011011011111101110
10100111110111000101000100011101110
10100111110011000110101100111101110
10100111101111001000010101111101110
10100111100111001001111110111101110
10100111100011001011100111111101110
10100111011111001101010001011101110
10100111011111001110111010111101110
10100111011011010000100100011101110
10100111011011010010001101111101110
10100111010111010011110111111101110
10100111010111010101100001011101110
10100111010111010111001011011101110
10100110111011011000110101011101110
10100110111011011010011111011101110
10100110111111011100001001011101110
10100110111111011101110011111101110
10100111000011011111011101111101110
10100111000011100001000111111101110
10100111000111100010110001111101110
10100111001011100100011011011101110
10100111001111100110000100111101110
10100111010011100111101110011101110
10100111010111101001010111111101110
10100111011111101011000000111101110
10100111100011101100101001111101110
10100111101011101110010010111101110
10100111110011101111111011011101110
10100111111011110001100011011101110
10100111111010111110011100111101110
10100111110011000000000100111101110
10100111101011000001101101011101110
10100111100011000011010110011101110
10100111011111000100111111011101110
10100111010111000110101000011101110
10100111010011001000010001111101110
10100111001111001001111011011101110
10100111001011001011100100111101110
10100111000111001101001110011101110
10100111000011001110111000011101110
10100111000011010000100010011101110
10100110111111010010001100011101110
10100110111111010011110110111101110
10100110111011010101100000111101110
10100110111011010111001010111101110
10100110100011011000110101011101110
10100110100011011010011111111101110
10100110100011011100001010111101110
10100110100011011101110101011101110
10100110100111011111011111111101110
10100110101011100001001010011101110
10100110101011100010110100011101110
10100110101111100100011110111101110
10100110110011100110001000111101110
10100110111011100111110010111101110
10100110111111101001011100011101110
10100111000011101011000101111101110
10100111001011101100101111011101110
10100111001111101110011000111101110
10100111010111110000000001011101110
10100111011111110001101010011101110
10100111011110111110010101111101110
10100111010110111111111110111101110
10100111001111000001100111011101110
10100111001011000011010000111101110
10100111000011000100111010011101110
10100110111111000110100011111101110
10100110111011001000001101011101110
10100110110011001001110111011101110
10100110101111001011100001011101110
10100110101011001101001011111101110
10100110101011001110110101111101110
10100110100111010000100000011101110
10100110100011010010001010111101110
10100110100011010011110101011101110
10100110100011010101100000011101110
10100110100011010111001010111101110
10100110000111011000110101111101110
10100110000111011010100000111101110
10100110001011011100001011111101110
10100110001011011101110110111101110
10100110001011011111100001111101110
10100110001111100001001100011101110
10100110010011100010110111011101110
10100110010111100100100001111101110
10100110011011100110001100011101110
10100110011111100111110110111101110
10100110100011101001100001011101110
10100110101011101011001011011101110
10100110101111101100110100111101110
10100110110111101110011110011101110
10100110111111110000000111111101110
10100111000111110001110000111101110
10100111000110111110001111011101110
10100110111110111111111000011101110
10100110110111000001100001111101110
10100110101111000011001011011101110
10100110101011000100110100111101110
10100110100011000110011110111101110
10100110011111001000001001011101110
10100110011011001001110011111101110
10100110010111001011011110011101110
10100110010011001101001000111101110
10100110001111001110110011111101110
10100110001011010000011110011101110
10100110001011010010001001011101110
10100110001011010011110100011101110
10100110000111010101011111011101110
10100110000111010111001010011101110
