10011111001011011000111001111101110
10011111001011011010101100111101110
10011111001011011100100000011101110
10011111001111011110010011011101110
10011111001111100000000110011101110
10011111010011100001111001011101110
10011111010111100011101100011101110
10011111011011100101011111011101110
10011111011111100111010001111101110
10011111100011101001000100011101110
10011111100111101010110110011101110
10011111101111101100101000011101110
10011111110111101110011001111101110
10011111111011110000001011011101110
10100000000011110001111100111101110
10100000001011110011101101011101110
10100000001010111100010010111101110
10100000000010111110000011011101110
10011111111010111111110100111101110
10011111110111000001100110011101110
10011111101111000011010111111101110
10011111100111000101001001111101110
10011111100011000110111011111101110
10011111011111001000101110011101110
10011111011011001010100000111101110
10011111010111001100010011111101110
10011111010011001110000110111101110
10011111001111001111111001111101110
10011111001111010001101100111101110
10011111001011010011011111111101110
10011111001011010101010011011101110
10011111001011010111000110011101110
10011110101111011000111001111101110
10011110101111011010101101111101110
10011110110011011100100001011101110
10011110110011011110010101011101110
10011110110111100000001000111101110
10011110110111100001111100011101110
10011110111011100011101111111101110
10011110111111100101100010111101110
10011111000011100111010110011101110
10011111000111101001001000111101110
10011111001111101010111011111101110
10011111010011101100101110011101110
10011111011011101110100000011101110
10011111100011110000010010011101110
10011111101011110010000011111101110
10011111110011110011110101011101110
10011111110010111100001010111101110
10011111101010111101111100011101110
10011111100010111111101101111101110
10011111011011000001011111111101110
10011111010011000011010001111101110
10011111001111000101000100011101110
10011111000111000110110111011101110
10011111000011001000101001111101110
10011110111111001010011101011101110
10011110111011001100010000011101110
10011110110111001110000011111101110
10011110110111001111110111011101110
10011110110011010001101010111101110
10011110110011010011011110111101110
10011110101111010101010010011101110
10011110101111010111000110011101110
10011110010111011000111010011101110
10011110010111011010101110011101110
10011110010111011100100010111101110
10011110010111011110010111011101110
10011110011011100000001011011101110
10011110011111100001111111011101110
10011110100011100011110011011101110
10011110100111100101100110111101110
10011110101011100111011010111101110
10011110101111101001001101111101110
10011110110011101011000001011101110
10011110111011101100110100011101110
10011111000011101110100110111101110
10011111000111110000011001011101110
10011111001111110010001011011101110
10011111010111110011111101011101110
10011111010110111100000010111101110
10011111001110111101110100111101110
10011111000110111111100110111101110
10011111000011000001011001011101110
10011110111011000011001011111101110
10011110110011000100111110111101110
10011110101111000110110010011101110
10011110101011001000100101011101110
10011110100111001010011001011101110
10011110100011001100001100111101110
10011110011111001110000000111101110
10011110011011001111110100111101110
10011110010111010001101000111101110
10011110010111010011011101011101110
10011110010111010101010001111101110
10011110010111010111000101111101110
10011101111011011000111010011101110
10011101111011011010101111011101110
10011101111011011100100100011101110
10011101111111011110011000111101110
10011101111111100000001101111101110
10011110000011100010000010011101110
10011110000111100011110110111101110
10011110001011100101101010111101110
10011110001111100111011111011101110
10011110010011101001010010111101110
10011110011011101011000110111101110
10011110011111101100111010011101110
10011110100111101110101101011101110
10011110101111110000100000011101110
10011110110111110010010010111101110
10011110111111110100000101011101110
10011110111110111011111010111101110
10011110110110111101101101011101110
10011110101110111111011111111101110
10011110100111000001010010111101110
10011110011111000011000101111101110
10011110011011000100111001011101110
10011110010011000110101101011101110
10011110001111001000100000111101110
10011110001011001010010101011101110
10011110000111001100001001011101110
10011110000011001101111101111101110
10011101111111001111110010011101110
10011101111111010001100111011101110
10011101111011010011011011111101110
10011101111011010101010000111101110
10011101111011010111000101111101110
10011101011111011000111010111101111
10011101100011011010110000011101111
10011101100011011100100101011101111
10011101100011011110011010111101110
10011101100111100000001111111101110
10011101101011100010000101011101110
10011101101011100011111010011101110
10011101101111100101101110111101110
10011101110111100111100011111101110
10011101111011101001011000011101110
10011101111111101011001100011101110
10011110000111101101000000011101110
10011110001111101110110011111101110
10011110010011110000100111011101110
10011110011011110010011010111101110
10011110100111110100001101011101110
10011110100110111011110010111101110
10011110011010111101100101011101110
10011110010010111111011000111101110
10011110001111000001001100011101110
10011110000111000010111111111101110
10011101111111000100110011111101110
10011101111011000110100111111101110
10011101110111001000011100011101110
10011101101111001010010001011101110
10011101101011001100000101111101110
10011101101011001101111010111101110
10011101100111001111110000011101110
10011101100011010001100101011101110
10011101100011010011011010111101111
10011101100011010101001111111101111
10011101011111010111000101011101111
10011101000111011000111010111101111
10011101000111011010110000111101111
10011101000111011100100110111101111
10011101001011011110011100111101111
10011101001011100000010010011101111
10011101001111100010001000011101111
10011101010011100011111101111101111
10011101010111100101110010111101111
10011101011011100111101000011101111
10011101011111101001011101011101111
10011101100111101011010001111101110
10011101101011101101000110011101110
10011101110011101110111010111101110
10011101111011110000101110111101110
10011110000011110010100010011101110
10011110001011110100010101111101110
10011110001010111011101010011101110
10011110000010111101011101111101110
10011101111010111111010001011101110
10011101110011000001000101011101110
10011101101011000010111001111101110
10011101100111000100101110011101110
10011101011111000110100010111101111
10011101011011001000010111111101111
10011101010111001010001101011101111
10011101010011001100000010011101111
10011101001111001101110111111101111
10011101001011001111101101111101111
10011101001011010001100011011101111
10011101000111010011011001011101111
10011101000111010101001111011101111
10011101000111010111000101011101111
10011100101011011000111011011101111
10011100101011011010110001111101111
10011100101111011100101000011101111
10011100101111011110011110111101111
10011100110011100000010100111101111
10011100110011100010001011011101111
10011100110111100100000001011101111
10011100111011100101110110111101111
10011101000011100111101100111101111
10011101000111101001100010011101111
10011101001011101011010111111101111
10011101010011101101001100111101111
10011101011011101111000001011101111
10011101011111110000110101111101111
10011101100111110010101010011101110
10011101110011110100011101111101110
10011101110010111011100010011101110
10011101100110111101010101111101110
10011101011110111111001010011101111
10011101011011000000111110111101111
10011101010011000010110011011101111
10011101001011000100101000011101111
10011101000111000110011101111101111
10011101000011001000010011011101111
10011100111011001010001001011101111
10011100110111001011111110111101111
10011100110011001101110100111101111
10011100110011001111101011011101111
10011100101111010001100001011101111
10011100101111010011010111111101111
10011100101011010101001110011101111
10011100101011010111000100111101111
10011100010011011000111011111101111
10011100010011011010110010111101111
10011100010011011100101001111101111
10011100010111011110100000011101111
10011100010111100000010111011101111
10011100011011100010001110011101111
10011100011111100100000100111101111
10011100100011100101111011011101111
10011100100111100111110001011101111
10011100101011101001100111011101111
10011100110011101011011101011101111
10011100110111101101010010111101111
10011100111111101111001000011101111
10011101000111110000111101011101111
10011101001111110010110001111101111
10011101010111110100100110011101111
10011101010110111011011001111101111
10011101001110111101001110011101111
10011101000110111111000010111101111
10011100111111000000110111111101111
10011100110111000010101101011101111
10011100110011000100100010111101111
10011100101011000110011000111101111
10011100100111001000001110111101111
10011100100011001010000100111101111
10011100011111001011111011011101111
10011100011011001101110001111101111
10011100010111001111101000111101111
10011100010111010001011111111101111
10011100010011010011010110011101111
10011100010011010101001101011101111
10011100010011010111000100011101111
10100010011011011000110111111101110
10100010011011011010100110111101110
10100010011111011100010110011101110
10100010011111011110000101011101110
10100010011111011111110100011101110
10100010100011100001100011011101110
10100010100111100011010010011101110
10100010101011100101000001011101110
10100010101111100110101111111101110
10100010110011101000011110011101110
10100010111011101010001100111101110
10100010111111101011111010111101110
10100011000111101101101000111101110
10100011001011101111010110011101110
10100011010011110001000011011101110
10100011011011110010110000111101110
10100011011010111101001111011101110
10100011010010111110111100111101110
10100011001011000000101001111101110
10100011000111000010010111011101110
10100010111111000100000101011101110
10100010111011000101110011011101110
10100010110011000111100001111101110
10100010101111001001010000011101110
10100010101011001010111110111101110
10100010100111001100101101111101110
10100010100011001110011100111101110
10100010011111010000001011111101110
10100010011111010001111010111101110
10100010011111010011101001111101110
10100010011011010101011001011101110
10100010011011010111001000011101110
10100010000011011000110111111101110
10100010000011011010100111111101110
10100010000011011100010111011101110
10100010000011011110000111011101110
10100010000111011111110110111101110
10100010001011100001100110011101110
10100010001011100011010101111101110
10100010001111100101000100111101110
10100010010011100110110011111101110
10100010011011101000100010111101110
10100010011111101010010001111101110
10100010100111101100000000011101110
10100010101011101101101110111101110
10100010110011101111011100111101110
10100010111011110001001010011101110
10100011000011110010110111111101110
10100011000010111101001000011101110
10100010111010111110110101111101110
10100010110011000000100011011101110
10100010101011000010010001011101110
10100010100111000011111111111101110
10100010011111000101101110011101110
10100010011011000111011101011101110
10100010010011001001001100011101110
10100010001111001010111011011101110
10100010001011001100101010011101110
10100010001011001110011001111101110
10100010000111010000001001011101110
10100010000011010001111000111101110
10100010000011010011101000111101110
10100010000011010101011000011101110
10100010000011010111001000011101110
10100001100111011000111000011101110
10100001100111011010101000011101110
10100001100111011100011000111101110
10100001101011011110001000111101110
10100001101011011111111000111101110
10100001101111100001101000111101110
10100001110011100011011000111101110
10100001110111100101001000011101110
10100001111011100110111000011101110
10100001111111101000100111111101110
10100010000011101010010110111101110
10100010001011101100000101111101110
10100010010011101101110100111101110
10100010010111101111100011011101110
10100010011111110001010001011101110
10100010100111110010111111011101110
10100010100110111101000000111101110
10100010011110111110101110111101110
10100010010111000000011100111101110
10100010010011000010001011011101110
10100010001011000011111010011101110
10100010000011000101101001011101110
10100001111111000111011000011101110
10100001111011001001000111111101110
10100001110111001010110111111101110
10100001110011001100100111011101110
10100001101111001110010111011101110
10100001101011010000000111011101110
10100001101011010001110111011101110
10100001100111010011100111011101110
10100001100111010101010111111101110
10100001100111010111000111111101110
10100001001011011000111000011101110
10100001001111011010101001011101110
10100001001111011100011001111101110
10100001001111011110001010011101110
10100001010011011111111011011101110
10100001010011100001101011111101110
10100001010111100011011011111101110
10100001011011100101001100011101110
10100001011111100110111100011101110
10100001100111101000101100011101110
10100001101011101010011011111101110
10100001101111101100001011011101110
10100001110111101101111010111101110
10100001111111101111101001111101110
10100010000111110001011000011101110
10100010001111110011000110111101110
10100010001110111100111001011101110
10100010000110111110100111111101110
10100001111111000000010110011101110
10100001110111000010000101011101110
10100001101111000011110100111101110
10100001101011000101100100011101110
10100001100111000111010011111101110
10100001011111001001000011111101110
10100001011011001010110011111101110
10100001010111001100100100011101110
10100001010011001110010100011101110
10100001010011010000000100111101110
10100001001111010001110101111101110
10100001001111010011100110011101110
10100001001111010101010110111101110
10100001001011010111000111111101110
10100000110011011000111000111101110
10100000110011011010101001111101110
10100000110011011100011011011101110
10100000110111011110001100011101110
10100000110111011111111101011101110
10100000111011100001101110011101110
10100000111111100011011111011101110
10100001000011100101001111111101110
10100001000111100111000000011101110
10100001001011101000110000111101110
10100001001111101010100001011101110
10100001010111101100010001011101110
10100001011111101110000000111101110
10100001100011101111110000011101110
10100001101011110001011111111101110
10100001110011110011001110011101110
10100001110010111100110001111101110
10100001101010111110100000011101110
10100001100011000000001111111101110
10100001011111000001111111011101110
10100001010111000011101110111101110
10100001001111000101011110111101110
10100001001011000111001111011101110
10100001000111001000111111111101110
10100001000011001010110000011101110
10100000111111001100100000111101110
10100000111011001110010001111101110
10100000110111010000000010111101110
10100000110111010001110011111101110
10100000110011010011100100111101110
10100000110011010101010110011101110
10100000110011010111000111011101110
10100000010111011000111000111101110
10100000010111011010101010111101110
10100000011011011100011100011101110
10100000011011011110001101111101110
10100000011111011111111111111101110
10100000011111100001110001011101110
10100000100011100011100010011101110
10100000100111100101010011111101110
10100000101011100111000100111101110
10100000110011101000110101111101110
10100000110111101010100110011101110
10100000111011101100010110111101110
10100001000011101110000111011101110
10100001001011101111110110111101110
10100001010011110001100110111101110
10100001011011110011010110011101110
10100001011010111100101001111101110
10100001010010111110011001011101110
10100001001011000000001001011101110
10100001000011000001111000111101110
10100000111011000011101001011101110
10100000110111000101011001111101110
10100000110011000111001010011101110
10100000101011001000111011011101110
10100000100111001010101100011101110
10100000100011001100011101111101110
10100000011111001110001110111101110
10100000011111010000000000011101110
10100000011011010001110010011101110
10100000011011010011100011111101110
10100000010111010101010101011101110
10100000010111010111000111011101110
10011111111111011000111001011101110
10011111111111011010101011011101110
10011111111111011100011101111101110
10100000000011011110001111111101110
10100000000011100000000001111101110
10100000000111100001110011111101110
10100000001011100011100101111101110
10100000001111100101010111011101110
10100000010011100111001000111101110
10100000010111101000111010011101110
10100000011011101010101011111101110
10100000100011101100011100111101110
10100000101011101110001101011101110
10100000101111101111111101111101110
10100000110111110001101101111101110
10100000111111110011011101111101110
10100000111110111100100010011101110
10100000110110111110010010011101110
10100000101111000000000010011101110
10100000101011000001110010111101110
10100000100011000011100011011101110
10100000011011000101010100011101110
10100000010111000111000101111101110
10100000010011001000110111011101110
10100000001111001010101000111101110
10100000001011001100011010011101110
10100000000111001110001100011101110
10100000000011001111111110011101110
10100000000011010001110000011101110
10011111111111010011100010011101110
10011111111111010101010100111101110
10011111111111010111000110111101110
10011111100011011000111001011101110
10011111100011011010101100011101110
10011111100111011100011110111101110
10011111100111011110010001111101110
10011111101011100000000100011101110
10011111101011100001110110111101110
10011111101111100011101001011101110
10011111110011100101011011011101110
10011111110111100111001101011101110
10011111111011101000111111011101110
10100000000011101010110000111101110
10100000000111101100100010011101110
10100000001111101110010011111101110
10100000010111110000000100111101110
10100000011111110001110101011101110
10100000100111110011100101111101110
10100000100110111100011010011101110
10100000011110111110001010111101110
10100000010110111111111011011101110
10100000001111000001101100011101110
10100000000111000011011101111101110
10100000000011000101001111011101110
10011111111011000111000000111101110
10011111110111001000110010111101110
10011111110011001010100100111101110
10011111101111001100010110111101110
10011111101011001110001001011101110
10011111101011001111111011111101110
10011111100111010001101110011101110
10011111100111010011100001011101110
10011111100011010101010011111101110
10011111100011010111000110111101110
