11010000010111010001001010111011101
11010000010111010011100000011011101
11010000011011010101110110011011101
11010000011111011000001011011011101
11010000100011011010100000111011101
11010000101011011100110101111011101
11010000110011011111001010111011101
11010000111111100001011111011011101
11010000111110111110100000111011101
11010000110011000000110101011011101
11010000101011000011001010011011101
11010000100011000101011111011011101
11010000011111000111110100111011101
11010000011011001010001001111011101
11010000010111001100011111111011101
11010000010111001110110101011011101
11001111111011010001001011011011101
11001111111111010011100001011011101
11001111111111010101110111011011101
11010000000011011000001100111011101
11010000001011011010100010111011101
11010000010011011100111000011011101
11010000011011011111001101011011101
11010000100011100001100010011011101
11010000100010111110011101111011101
11010000011011000000110010111011101
11010000010011000011000111111011101
11010000001011000101011101011011101
11010000000011000111110011011011101
11001111111111001010001000111011101
11001111111111001100011110111011101
11001111111011001110110100111011101
11001111100011010001001011011011101
11001111100011010011100001111011101
11001111100111010101111000011011101
11001111101011011000001110111011101
11001111101111011010100100111011101
11001111110111011100111010111011101
11001111111111011111010000011011101
11010000001011100001100101111011101
11010000001010111110011010011011101
11001111111111000000101111111011101
11001111110111000011000101011011101
11001111101111000101011011011011101
11001111101011000111110001011011101
11001111100111001010000111111011101
11001111100011001100011110011011101
11001111100011001110110100111011101
11001111000111010001001011011011101
11001111000111010011100010011011101
11001111001011010101111001011011101
11001111001111011000010000011011101
11001111010111011010100110111011101
11001111011111011100111101011011101
11001111100111011111010011011011101
11001111101111100001101000111011101
11001111101110111110010111011011101
11001111100111000000101100111011101
11001111011111000011000010111011101
11001111010111000101011001011011101
11001111001111000111101111111011101
11001111001011001010000110111011101
11001111000111001100011101111011101
11001111000111001110110100111011101
11001110101011010001001011111011101
11001110101111010011100011011011101
11001110110011010101111010011011101
11001110110111011000010001111011101
11001110111011011010101000111011101
11001111000011011100111111011011101
11001111001011011111010101111011101
11001111010111100001101100011011101
11001111010110111110010011111011101
11001111001011000000101010011011101
11001111000011000011000000111011101
11001110111011000101010111011011101
11001110110111000111101110011011101
11001110110011001010000101111011101
11001110101111001100011100111011101
11001110101011001110110100011011101
11001110010011010001001011111011101
11001110010011010011100011111011101
11001110010111010101111011111011101
11001110011011011000010011011011101
11001110100011011010101010111011101
11001110100111011101000001111011101
11001110110011011111011000111011101
11001110111011100001101111111011101
11001110111010111110010000011011101
11001110110011000000100111011011101
11001110100111000010111110011011101
11001110100011000101010101011011101
11001110011011000111101100111011101
11001110010111001010000100011011101
11001110010011001100011100011011101
11001110010011001110110100011011101
11001101110111010001001100011011101
11001101111011010011100100011011101
11001101111011010101111100111011101
11001110000011011000010100111011101
11001110000111011010101100111011101
11001110001111011101000100011011101
11001110010111011111011011111011101
11001110100011100001110010111011101
11001110100010111110001101011011101
11001110010111000000100100011011101
11001110001111000010111011111011101
11001110000111000101010011011011101
11001110000011000111101011011011101
11001101111011001010000011011011101
11001101111011001100011011111011101
11001101110111001110110011111011101
11001101011111010001001100011011101
11001101011111010011100101011011101
11001101100011010101111101111011101
11001101100111011000010110011011101
11001101101111011010101110111011101
11001101110011011101000110111011101
11001101111111011111011110111011101
11001110000111100001110110011011101
11001110000110111110001001111011101
11001101111111000000100001011011101
11001101110011000010111001011011101
11001101101111000101010001011011101
11001101100111000111101001111011101
11001101100011001010000010011011101
11001101011111001100011010111011101
11001101011111001110110011111011101
11001101000011010001001100111011101
11001101000111010011100101111011101
11001101000111010101111110111011101
11001101001111011000010111111011101
11001101010011011010110000111011101
11001101011011011101001001011011101
11001101100011011111100001111011101
11001101101111100001111001111011101
11001101101110111110000110011011101
11001101100011000000011110011011101
11001101011011000010110110111011101
11001101010011000101001111011011101
11001101001111000111101000011011101
11001101000111001010000001011011101
11001101000111001100011010011011101
11001101000011001110110011011011101
11001100101011010001001100111011101
11001100101011010011100110111011101
11001100101111010110000000011011101
11001100110011011000011001111011101
11001100110111011010110010111011101
11001100111111011101001011111011101
11001101001011011111100100111011101
11001101010011100001111101011011101
11001101010010111110000010111011101
11001101001011000000011011011011101
11001100111111000010110100011011101
11001100110111000101001101011011101
11001100110011000111100110011011101
11001100101111001001111111111011101
11001100101011001100011001011011101
11001100101011001110110011011011101
11001100001111010001001101011011101
11001100010011010011100111011011101
11001100010011010110000001011011101
11001100010111011000011011011011101
11001100011111011010110100111011101
11001100100111011101001110011011101
11001100101111011111100111111011101
11001100111011100010000000111011101
11001100111010111101111111011011101
11001100101111000000011000011011101
11001100100111000010110001111011101
11001100011111000101001011011011101
11001100010111000111100100111011101
11001100010011001001111110111011101
11001100010011001100011000111011101
11001100001111001110110010111011101
11001011110111010001001101011011101
11001011110111010011100111111011101
11001011111011010110000010011011101
11001011111111011000011100111011101
11001100000011011010110111011011101
11001100001011011101010000111011101
11001100010011011111101010111011101
11001100011111100010000011111011101
11001100011110111101111100011011101
11001100010011000000010101011011101
11001100001011000010101111011011101
11001100000011000101001000111011101
11001011111111000111100011011011101
11001011111011001001111101111011101
11001011110111001100011000011011101
11001011110111001110110010111011101
11001011011011010001001101111011101
11001011011011010011101000111011101
11001011011111010110000011111011101
11001011100011011000011110011011101
11001011101011011010111001011011101
11001011110011011101010011111011101
11001011111011011111101101111011101
11001100000111100010000111011011101
11001100000110111101111000111011101
11001011111011000000010010011011101
11001011110011000010101100011011101
11001011101011000101000110111011101
11001011100011000111100001111011101
11001011011111001001111100011011101
11001011011011001100010111011011101
11001011011011001110110010011011101
11001010111111010001001101111011101
11001011000011010011101001011011101
11001011000111010110000100111011101
11001011001011011000100000011011101
11001011001111011010111011011011101
11001011010111011101010110011011101
11001011011111011111110000111011101
11001011101011100010001010111011101
11001011101010111101110101011011101
11001011011111000000001111011011101
11001011010111000010101001111011101
11001011001111000101000100111011101
11001011001011000111011111111011101
11001011000111001001111011011011101
11001011000011001100010110111011101
11001010111111001110110010011011101
11001010100111010001001110011011101
11001010100111010011101010011011101
11001010101011010110000101111011101
11001010101111011000100001111011101
11001010110111011010111101011011101
11001010111111011101011000111011101
11001011000111011111110011111011101
11001011010011100010001110011011101
11001011010010111101110001111011101
11001011000111000000001100011011101
11001010111111000010100111011011101
11001010110111000101000010111011101
11001010101111000111011110011011101
11001010101011001001111010011011101
11001010100111001100010101111011101
11001010100111001110110001111011101
11001010001011010001001110011011101
11001010001111010011101010111011101
11001010010011010110000111011011101
11001010010111011000100011011011101
11001010011011011010111111011011101
11001010100011011101011011011011101
11001010101011011111110110111011101
11001010110111100010010010011011101
11001010110110111101101101111011101
11001010101011000000001001011011101
11001010100011000010100100111011101
11001010011011000101000000111011101
11001010010111000111011100111011101
11001010010011001001111000111011101
11001010001111001100010101011011101
11001010001011001110110001111011101
11010110111011010001000111011011101
11010110111011010011010110011011101
11010110111111010101100101011011101
11010111000011010111110100011011101
11010111000111011010000010111011101
11010111001111011100010001011011101
11010111010111011110011111011011101
11010111011111100000101101011011101
11010111011110111111010010111011101
11010111010111000001100000111011101
11010111001111000011101110111011101
11010111000111000101111101011011101
11010111000011001000001011111011101
11010110111111001010011010111011101
11010110111011001100101001111011101
11010110111011001110111000111011101
11010110011111010001000111111011101
11010110011111010011010111011011101
11010110100011010101100110011011101
11010110100111010111110101011011101
11010110101111011010000100111011101
11010110110011011100010011011011101
11010110111011011110100001111011101
11010111000111100000110000011011101
11010111000110111111001111111011101
11010110111011000001011110011011101
11010110110011000011101100111011101
11010110101111000101111011011011101
11010110100111001000001010111011101
11010110100011001010011001111011101
11010110011111001100101000111011101
11010110011111001110111000011011101
11010110000011010001000111111011101
11010110000111010011010111111011101
11010110001011010101100111011011101
11010110001111010111110110111011101
11010110010011011010000110011011101
11010110011011011100010101111011101
11010110100011011110100100111011101
11010110101011100000110011011011101
11010110101010111111001100111011101
11010110100011000001011011011011101
11010110011011000011101010011011101
11010110010011000101111001111011101
11010110001111001000001001011011101
11010110001011001010011000111011101
11010110000111001100101000011011101
11010110000011001110111000011011101
11010101101011010001001000011011101
11010101101011010011011000011011101
11010101101111010101101000011011101
11010101110011010111111000011011101
11010101110111011010001000011011101
11010101111111011100010111111011101
11010110000111011110100111011011101
11010110010011100000110110011011101
11010110010010111111001001111011101
11010110000111000001011000111011101
11010101111111000011101000011011101
11010101110111000101110111111011101
11010101110011001000000111111011101
11010101101111001010010111111011101
11010101101011001100100111111011101
11010101101011001110110111111011101
11010101001111010001001000011011101
11010101010011010011011000111011101
11010101010011010101101001011011101
11010101010111010111111001111011101
11010101011111011010001001111011101
11010101100111011100011010011011101
11010101101111011110101001111011101
11010101110111100000111001011011101
11010101110110111111000110111011101
11010101101111000001010110011011101
11010101100111000011100101111011101
11010101011111000101110110011011101
11010101010111001000000110011011101
11010101010011001010010110111011101
11010101010011001100100111011011101
11010101001111001110110111111011101
11010100110111010001001000011011101
11010100110111010011011001011011101
11010100111011010101101010011011101
11010100111111010111111011011011101
11010101000011011010001011111011101
11010101001011011100011100011011101
11010101010011011110101100011011101
11010101011111100000111100011011101
11010101011110111111000011111011101
11010101010011000001010011111011101
11010101001011000011100011111011101
11010101000011000101110100011011101
11010100111111001000000100111011101
11010100111011001010010101111011101
11010100110111001100100110111011101
11010100110111001110110111111011101
11010100011011010001001000111011101
11010100011111010011011010011011101
11010100011111010101101011011011101
11010100100011010111111100111011101
11010100101011011010001101111011101
11010100110011011100011110011011101
11010100111011011110101111011011101
11010101000011100000111111011011101
11010101000010111111000000111011101
11010100111011000001010000111011101
11010100110011000011100001111011101
11010100101011000101110010011011101
11010100100011001000000011011011101
11010100011111001010010100111011101
11010100011111001100100101111011101
11010100011011001110110111011011101
11010100000011010001001000111011101
11010100000011010011011010111011101
11010100000111010101101100011011101
11010100001011010111111110011011101
11010100001111011010001111111011101
11010100010111011100100000111011101
11010100011111011110110001111011101
11010100101011100001000010111011101
11010100101010111110111101011011101
11010100011111000001001110011011101
11010100010111000011011111011011101
11010100001111000101110000011011101
11010100001011001000000001111011101
11010100000111001010010011111011101
11010100000011001100100101011011101
11010100000011001110110111011011101
11010011100111010001001001011011101
11010011101011010011011011011011101
11010011101011010101101101011011101
11010011101111010111111111111011101
11010011110111011010010001011011101
11010011111011011100100011011011101
11010100000111011110110100011011101
11010100001111100001000101111011101
11010100001110111110111010011011101
11010100000111000001001011111011101
11010011111011000011011100111011101
11010011110111000101101110111011101
11010011101111001000000000011011101
11010011101011001010010010111011101
11010011101011001100100100111011101
11010011100111001110110110111011101
11010011001111010001001001011011101
11010011001111010011011011111011101
11010011010011010101101110111011101
11010011010111011000000000111011101
11010011011011011010010011011011101
11010011100011011100100101011011101
11010011101011011110110111011011101
11010011110111100001001000111011101
11010011110110111110110111011011101
11010011101011000001001000111011101
11010011100011000011011010111011101
11010011011011000101101100111011101
11010011010111000111111111011011101
11010011010011001010010001011011101
11010011001111001100100100011011101
11010011001111001110110110111011101
11010010110011010001001001111011101
11010010110011010011011100111011101
11010010110111010101101111111011101
11010010111011011000000010011011101
11010011000011011010010101011011101
11010011000111011100100111111011101
11010011010011011110111001111011101
11010011011011100001001011111011101
11010011011010111110110100011011101
11010011010011000001000110011011101
11010011000111000011011000011011101
11010011000011000101101010111011101
11010010111011000111111101111011101
11010010110111001010010000011011101
11010010110011001100100011011011101
11010010110011001110110110011011101
11010010010111010001001001111011101
11010010011011010011011101011011101
11010010011111010101110000111011101
11010010100011011000000011111011101
11010010100111011010010111011011101
11010010101111011100101001111011101
11010010110111011110111100111011101
11010011000011100001001110111011101
11010011000010111110110001011011101
11010010110111000001000011011011101
11010010101111000011010110011011101
11010010100111000101101000111011101
11010010100011000111111100011011101
11010010011111001010001111011011101
11010010011011001100100010111011101
11010010010111001110110110011011101
11010001111111010001001001111011101
11010001111111010011011101111011101
11010010000011010101110001111011101
11010010000111011000000101011011101
11010010001111011010011000111011101
11010010010011011100101100011011101
11010010011011011110111111011011101
11010010100111100001010010011011101
11010010100110111110101101111011101
11010010011011000001000000111011101
11010010010011000011010011111011101
11010010001111000101100111011011101
11010010000111000111111010111011101
11010010000011001010001110011011101
11010001111111001100100010011011101
11010001111111001110110110011011101
11010001100011010001001010011011101
11010001100111010011011110111011101
11010001100111010101110010111011101
11010001101111011000000110111011101
11010001110011011010011010111011101
11010001111011011100101110111011101
11010010000011011111000010011011101
11010010001011100001010101011011101
11010010001010111110101010111011101
11010010000011000000111101111011101
11010001111011000011010001011011101
11010001110011000101100101011011101
11010001101111000111111001011011101
11010001100111001010001101011011101
11010001100111001100100001011011101
11010001100011001110110101111011101
11010001001011010001001010011011101
11010001001011010011011111011011101
11010001001111010101110011111011101
11010001010011011000001000011011101
11010001010111011010011100111011101
11010001011111011100110001011011101
11010001100111011111000100111011101
11010001110011100001011000111011101
11010001110010111110100111011011101
11010001100111000000111011011011101
11010001011111000011001110111011101
11010001010111000101100011011011101
11010001010011000111110111111011101
11010001001111001010001100011011101
11010001001011001100100000111011101
11010001001011001110110101111011101
11010000101111010001001010111011101
11010000110011010011011111111011101
11010000110011010101110100111011101
11010000110111011000001001111011101
11010000111111011010011110111011101
11010001000111011100110011011011101
11010001001111011111000111111011101
11010001010111100001011011111011101
11010001010110111110100100011011101
11010001001111000000111000011011101
11010001000111000011001100111011101
11010000111111000101100001011011101
11010000110111000111110110011011101
11010000110011001010001011011011101
11010000110011001100100000011011101
11010000101111001110110101011011101
