11010011100111010000100100111011101
11010011100111010001101101111011101
11010011100111010010110110111011101
11010011101011010011111111111011101
11010011101011010101001000111011101
11010011101011010110010001111011101
11010011101111010111011011011011101
11010011110011011000100011111011101
11010011110011011001101100111011101
11010011110111011010110101111011101
11010011111011011011111110111011101
11010011111111011101000111011011101
11010100000011011110010000011011101
11010100000111011111011000111011101
11010100001011100000100001011011101
11010100010011100001101001111011101
11010100010010111110010110011011101
11010100001010111111011110111011101
11010100000111000000100111011011101
11010100000011000001101111111011101
11010011111111000010111000111011101
11010011111011000100000001011011101
11010011110111000101001010011011101
11010011110011000110010011011011101
11010011110011000111011100011011101
11010011101111001000100100111011101
11010011101011001001101110011011101
11010011101011001010110111011011101
11010011101011001100000000011011101
11010011100111001101001001011011101
11010011100111001110010010011011101
11010011100111001111011011011011101
11010011001111010000100100111011101
11010011001111010001101101111011101
11010011001111010010110111011011101
11010011001111010100000000111011101
11010011001111010101001001111011101
11010011010011010110010011011011101
11010011010011010111011100011011101
11010011010111011000100101111011101
11010011011011011001101110111011101
11010011011111011010110111111011101
11010011011111011100000000111011101
11010011100011011101001001111011101
11010011101011011110010010111011101
11010011101111011111011011111011101
11010011110011100000100100011011101
11010011110111100001101101011011101
11010011110110111110010010111011101
11010011110010111111011011111011101
11010011101111000000100100011011101
11010011101011000001101101011011101
11010011100011000010110110011011101
11010011011111000011111111011011101
11010011011111000101001000011011101
11010011011011000110010001011011101
11010011010111000111011010011011101
11010011010011001000100011111011101
11010011010011001001101100111011101
11010011001111001010110110011011101
11010011001111001011111111011011101
11010011001111001101001000111011101
11010011001111001110010010011011101
11010011001111001111011011011011101
11010010110011010000100100111011101
11010010110011010001101110011011101
11010010110011010010110111111011101
11010010110111010100000001011011101
11010010110111010101001010111011101
11010010110111010110010100011011101
11010010111011010111011101111011101
11010010111111011000100111011011101
11010010111111011001110000011011101
11010011000011011010111001111011101
11010011000111011100000011011011101
11010011001011011101001100011011101
11010011001111011110010101011011101
11010011010011011111011110011011101
11010011010111100000100111011011101
11010011011111100001110000011011101
11010011011110111110001111111011101
11010011010110111111011000111011101
11010011010011000000100001111011101
11010011001111000001101010111011101
11010011001011000010110011111011101
11010011000111000011111100111011101
11010011000011000101000110011011101
11010010111111000110001111111011101
11010010111111000111011000111011101
11010010111011001000100010011011101
11010010110111001001101011111011101
11010010110111001010110101011011101
11010010110111001011111110111011101
11010010110011001101001000011011101
11010010110011001110010001111011101
11010010110011001111011011011011101
11010010010111010000100100111011101
11010010011011010001101110111011101
11010010011011010010111000011011101
11010010011011010100000010011011101
11010010011011010101001011111011101
11010010011111010110010101011011101
11010010011111010111011111011011101
11010010100011011000101000111011101
11010010100111011001110010011011101
11010010100111011010111011111011101
11010010101011011100000101011011101
11010010101111011101001110111011101
11010010110011011110010111111011101
11010010111011011111100001011011101
11010010111111100000101010011011101
11010011000011100001110011111011101
11010011000010111110001100011011101
11010010111110111111010101111011101
11010010111011000000011110111011101
11010010110011000001101000011011101
11010010101111000010110001011011101
11010010101011000011111010111011101
11010010100111000101000100011011101
11010010100111000110001101111011101
11010010100011000111010111011011101
11010010011111001000100000111011101
11010010011111001001101010111011101
11010010011011001010110100011011101
11010010011011001011111101111011101
11010010011011001101000111111011101
11010010011011001110010001011011101
11010010010111001111011011011011101
11010001111111010000100100111011101
11010001111111010001101110111011101
11010001111111010010111000111011101
11010001111111010100000010111011101
11010010000011010101001100111011101
11010010000011010110010110111011101
11010010000111010111100000011011101
11010010000111011000101010011011101
11010010001011011001110100011011101
11010010001111011010111101111011101
11010010010011011100000111011011101
11010010010111011101010001011011101
11010010011011011110011010111011101
11010010011111011111100100011011101
11010010100011100000101101111011101
11010010101011100001110110111011101
11010010101010111110001001011011101
11010010100010111111010010011011101
11010010011111000000011011111011101
11010010011011000001100101011011101
11010010010111000010101110111011101
11010010010011000011111000111011101
11010010001111000101000010011011101
11010010001011000110001011111011101
11010010000111000111010101111011101
11010010000111001000011111111011101
11010010000011001001101001011011101
11010010000011001010110011011011101
11010001111111001011111101011011101
11010001111111001101000111011011101
11010001111111001110010001011011101
11010001111111001111011011011011101
11010001100011010000100101011011101
11010001100011010001101111011011101
11010001100111010010111001011011101
11010001100111010100000011111011101
11010001100111010101001101111011101
11010001101011010110010111111011101
11010001101011010111100001111011101
11010001101111011000101011111011101
11010001110011011001110101111011101
11010001110011011010111111111011101
11010001110111011100001001111011101
11010001111011011101010011111011101
11010001111111011110011101011011101
11010010000111011111100110111011101
11010010001011100000110000111011101
11010010001111100001111010011011101
11010010001110111110000101111011101
11010010001010111111001111011011101
11010010000111000000011001011011101
11010001111111000001100010111011101
11010001111011000010101100011011101
11010001110111000011110110011011101
11010001110011000101000000011011101
11010001110011000110001010011011101
11010001101111000111010100011011101
11010001101011001000011110011011101
11010001101011001001101000011011101
11010001100111001010110010011011101
11010001100111001011111100011011101
11010001100111001101000110111011101
11010001100011001110010000111011101
11010001100011001111011010111011101
11010001001011010000100101011011101
11010001001011010001101111111011101
11010001001011010010111001111011101
11010001001011010100000100011011101
11010001001111010101001110111011101
11010001001111010110011000111011101
11010001010011010111100011011011101
11010001010011011000101101111011101
11010001010111011001110111111011101
11010001011011011011000001111011101
11010001011111011100001011111011101
11010001100011011101010110011011101
11010001100111011110011111111011101
11010001101011011111101001111011101
11010001101111100000110011111011101
11010001110111100001111101011011101
11010001110110111110000010111011101
11010001101110111111001100011011101
11010001101011000000010110011011101
11010001100111000001100000011011101
11010001100011000010101001111011101
11010001011111000011110100011011101
11010001011011000100111110011011101
11010001010111000110001000011011101
11010001010011000111010010011011101
11010001010011001000011100111011101
11010001001111001001100111011011101
11010001001111001010110001011011101
11010001001011001011111011111011101
11010001001011001101000110011011101
11010001001011001110010000011011101
11010001001011001111011010111011101
11010000101111010000100101011011101
11010000101111010001101111111011101
11010000110011010010111010111011101
11010000110011010100000101011011101
11010000110011010101001111111011101
11010000110111010110011010011011101
11010000110111010111100100111011101
11010000111011011000101111011011101
11010000111111011001111001111011101
11010000111111011011000011111011101
11010001000011011100001110011011101
11010001000111011101011000011011101
11010001001011011110100010111011101
11010001001111011111101100111011101
11010001010111100000110110111011101
11010001011011100010000000111011101
11010001011010111101111111011011101
11010001010110111111001001011011101
11010001001111000000010011011011101
11010001001011000001011101011011101
11010001000111000010100111111011101
11010001000011000011110001111011101
11010000111111000100111100011011101
11010000111111000110000110011011101
11010000111011000111010000111011101
11010000110111001000011011011011101
11010000110111001001100101111011101
11010000110011001010110000011011101
11010000110011001011111010111011101
11010000110011001101000101011011101
11010000101111001110010000011011101
11010000101111001111011010111011101
11010110111011010000100011111011101
11010110111011010001101011011011101
11010110111011010010110010111011101
11010110111011010011111010011011101
11010110111011010101000001111011101
11010110111111010110001001011011101
11010110111111010111010000011011101
11010111000011011000010111111011101
11010111000111011001011111011011101
11010111000111011010100110011011101
11010111001011011011101101111011101
11010111001111011100110100111011101
11010111010011011101111011111011101
11010111010111011111000010111011101
11010111011111100000001001111011101
11010111100011100001010000111011101
11010111100010111110101111011011101
11010111011110111111110110011011101
11010111010111000000111101011011101
11010111010011000010000100011011101
11010111001111000011001011011011101
11010111001011000100010010011011101
11010111000111000101011001111011101
11010111000111000110100000111011101
11010111000011000111101000011011101
11010110111111001000101111111011101
11010110111111001001110110111011101
11010110111011001010111110011011101
11010110111011001100000101111011101
11010110111011001101001101011011101
11010110111011001110010100111011101
11010110111011001111011100011011101
11010110011111010000100011111011101
11010110011111010001101011111011101
11010110011111010010110011011011101
11010110100011010011111010111011101
11010110100011010101000010111011101
11010110100011010110001010011011101
11010110100111010111010001111011101
11010110100111011000011001011011101
11010110101011011001100000111011101
11010110101111011010101000011011101
11010110110011011011101111111011101
11010110110111011100110111011011101
11010110111011011101111110011011101
11010110111111011111000101111011101
11010111000011100000001100111011101
11010111000111100001010011111011101
11010111000110111110101100011011101
11010111000010111111110011011011101
11010110111111000000111010011011101
11010110111011000010000001111011101
11010110110111000011001000111011101
11010110110011000100010000011011101
11010110101111000101010111111011101
11010110101011000110011111011011101
11010110100111000111100110111011101
11010110100111001000101110011011101
11010110100011001001110101111011101
11010110100011001010111101011011101
11010110100011001100000101011011101
11010110011111001101001100111011101
11010110011111001110010100011011101
11010110011111001111011100011011101
11010110000011010000100011111011101
11010110000111010001101011111011101
11010110000111010010110011111011101
11010110000111010011111011111011101
11010110000111010101000011011011101
11010110001011010110001011011011101
11010110001011010111010011011011101
11010110001111011000011010111011101
11010110010011011001100010011011101
11010110010011011010101010011011101
11010110010111011011110001111011101
11010110011011011100111001011011101
11010110011111011110000000111011101
11010110100011011111001000011011101
11010110101011100000001111111011101
11010110101111100001010110111011101
11010110101110111110101001011011101
11010110101010111111110000011011101
11010110100011000000110111111011101
11010110011111000001111111011011101
11010110011011000011000110111011101
11010110010111000100001110011011101
11010110010011000101010101111011101
11010110010011000110011101111011101
11010110001111000111100101011011101
11010110001011001000101100111011101
11010110001011001001110100111011101
11010110000111001010111100111011101
11010110000111001100000100011011101
11010110000111001101001100011011101
11010110000111001110010100011011101
11010110000011001111011100011011101
11010101101011010000100100011011101
11010101101011010001101100011011101
11010101101011010010110100011011101
11010101101011010011111100011011101
11010101101111010101000100011011101
11010101101111010110001100011011101
11010101110011010111010100011011101
11010101110011011000011100011011101
11010101110111011001100100011011101
11010101111011011010101100011011101
11010101111111011011110011111011101
11010110000011011100111011111011101
11010110000111011110000011011011101
11010110001011011111001010111011101
11010110001111100000010010111011101
11010110010011100001011010011011101
11010110010010111110100101111011101
11010110001110111111101101011011101
11010110001011000000110101011011101
11010110000111000001111100111011101
11010110000011000011000100011011101
11010101111111000100001100011011101
11010101111011000101010011111011101
11010101110111000110011011111011101
11010101110011000111100011111011101
11010101110011001000101011111011101
11010101101111001001110011111011101
11010101101111001010111011111011101
11010101101011001100000011111011101
11010101101011001101001011111011101
11010101101011001110010011111011101
11010101101011001111011011111011101
11010101001111010000100100011011101
11010101001111010001101100011011101
11010101010011010010110100111011101
11010101010011010011111100111011101
11010101010011010101000101011011101
11010101010111010110001101011011101
11010101010111010111010101111011101
11010101011011011000011101111011101
11010101011111011001100101111011101
11010101011111011010101101111011101
11010101100011011011110110011011101
11010101100111011100111101111011101
11010101101011011110000101111011101
11010101101111011111001101111011101
11010101110111100000010101011011101
11010101111011100001011101011011101
11010101111010111110100010111011101
11010101110110111111101010111011101
11010101101111000000110010011011101
11010101101011000001111010011011101
11010101100111000011000010011011101
11010101100011000100001001111011101
11010101011111000101010010011011101
11010101011111000110011010011011101
11010101011011000111100010011011101
11010101010111001000101010011011101
11010101010111001001110010111011101
11010101010011001010111010111011101
11010101010011001100000011011011101
11010101010011001101001011011011101
11010101001111001110010011111011101
11010101001111001111011011111011101
11010100110111010000100100011011101
11010100110111010001101100111011101
11010100110111010010110101011011101
11010100110111010011111101111011101
11010100111011010101000110011011101
11010100111011010110001110111011101
11010100111111010111010110111011101
11010100111111011000011111011011101
11010101000011011001100111111011101
11010101000111011010101111111011101
11010101001011011011111000011011101
11010101001111011101000000011011101
11010101010011011110001000011011101
11010101010111011111010000011011101
11010101011011100000011000011011101
11010101011111100001100000011011101
11010101011110111110011111111011101
11010101011010111111100111111011101
11010101010111000000101111111011101
11010101010011000001110111111011101
11010101001111000010111111111011101
11010101001011000100000111111011101
11010101000111000101010000011011101
11010101000011000110011000011011101
11010100111111000111100000111011101
11010100111111001000101001011011101
11010100111011001001110001011011101
11010100111011001010111001111011101
11010100110111001100000010011011101
11010100110111001101001010111011101
11010100110111001110010011011011101
11010100110111001111011011111011101
11010100011011010000100100011011101
11010100011011010001101101011011101
11010100011111010010110101111011101
11010100011111010011111110011011101
11010100011111010101000111011011101
11010100100011010110001111111011101
11010100100011010111011000011011101
11010100100111011000100000111011101
11010100100111011001101001011011101
11010100101011011010110001111011101
11010100101111011011111010011011101
11010100110011011101000010111011101
11010100110111011110001010111011101
11010100111011011111010011011011101
11010101000011100000011011011011101
11010101000111100001100011011011101
11010101000110111110011100111011101
11010101000010111111100100111011101
11010100111011000000101100111011101
11010100110111000001110101011011101
11010100110011000010111101011011101
11010100101111000100000101111011101
11010100101011000101001110011011101
11010100100111000110010110111011101
11010100100111000111011111011011101
11010100100011001000100111111011101
11010100100011001001110000011011101
11010100011111001010111000111011101
11010100011111001100000001111011101
11010100011111001101001010011011101
11010100011011001110010010111011101
11010100011011001111011011111011101
11010100000011010000100100011011101
11010100000011010001101101011011101
11010100000011010010110110011011101
11010100000011010011111111011011101
11010100000111010101001000011011101
11010100000111010110010000111011101
11010100001011010111011001111011101
11010100001011011000100010011011101
11010100001111011001101011011011101
11010100010011011010110011111011101
11010100010111011011111100011011101
11010100011011011101000101011011101
11010100011111011110001101111011101
11010100100011011111010101111011101
11010100100111100000011110011011101
11010100101011100001100110111011101
11010100101010111110011001011011101
11010100100110111111100001111011101
11010100100011000000101010011011101
11010100011111000001110010011011101
11010100011011000010111010111011101
11010100010111000100000011111011101
11010100010011000101001100011011101
11010100001111000110010100111011101
11010100001011000111011101111011101
11010100001011001000100110011011101
11010100000111001001101111011011101
11010100000111001010110111111011101
11010100000011001100000000111011101
11010100000011001101001001111011101
11010100000011001110010010111011101
11010100000011001111011011111011101
