11001101000011010000100110011011101
11001101000011010001110010111011101
11001101000111010010111111111011101
11001101000111010100001100011011101
11001101000111010101011000111011101
11001101001011010110100101011011101
11001101001011010111110001111011101
11001101001111011000111110011011101
11001101010011011010001010111011101
11001101010011011011010110111011101
11001101010111011100100011011011101
11001101011011011101101111011011101
11001101100011011110111011111011101
11001101100111100000000111111011101
11001101101011100001010011111011101
11001101101111100010011111111011101
11001101101110111101100000011011101
11001101101010111110101100011011101
11001101100110111111111000011011101
11001101100011000001000100011011101
11001101011011000010010000111011101
11001101010111000011011100111011101
11001101010011000100101001011011101
11001101010011000101110101011011101
11001101001111000111000001111011101
11001101001011001000001110011011101
11001101001011001001011010111011101
11001101000111001010100111011011101
11001101000111001011110011111011101
11001101000111001101000000011011101
11001101000011001110001101011011101
11001101000011001111011001111011101
11001100101011010000100110011011101
11001100101011010001110011011011101
11001100101011010011000000011011101
11001100101011010100001100111011101
11001100101111010101011001111011101
11001100101111010110100110011011101
11001100110011010111110011011011101
11001100110011011000111111111011101
11001100110111011010001100111011101
11001100111011011011011001011011101
11001100111111011100100101111011101
11001101000011011101110010011011101
11001101000111011110111110011011101
11001101001011100000001010111011101
11001101001111100001010111011011101
11001101010111100010100011011011101
11001101010110111101011100111011101
11001101001110111110101000111011101
11001101001010111111110101011011101
11001101000111000001000001111011101
11001101000011000010001101111011101
11001100111111000011011010011011101
11001100111011000100100110111011101
11001100110111000101110011011011101
11001100110011000111000000011011101
11001100110011001000001100111011101
11001100101111001001011001111011101
11001100101111001010100110011011101
11001100101011001011110011011011101
11001100101011001100111111111011101
11001100101011001110001100111011101
11001100101011001111011001111011101
11001100001111010000100110111011101
11001100001111010001110011111011101
11001100001111010011000000111011101
11001100010011010100001101111011101
11001100010011010101011010111011101
11001100010111010110100111111011101
11001100010111010111110100111011101
11001100011011011001000001111011101
11001100011011011010001110111011101
11001100011111011011011011011011101
11001100100011011100101000011011101
11001100100111011101110100111011101
11001100101011011111000001011011101
11001100110011100000001101111011101
11001100110111100001011010011011101
11001100111011100010100110111011101
11001100111010111101011001011011101
11001100110110111110100101111011101
11001100110010111111110010011011101
11001100101011000000111110111011101
11001100100111000010001011011011101
11001100100011000011010111111011101
11001100011111000100100100111011101
11001100011011000101110001011011101
11001100011011000110111110011011101
11001100010111001000001011011011101
11001100010111001001011000011011101
11001100010011001010100101011011101
11001100010011001011110010011011101
11001100001111001100111111011011101
11001100001111001110001100011011101
11001100001111001111011001011011101
11001011110111010000100110111011101
11001011110111010001110011111011101
11001011110111010011000001011011101
11001011110111010100001110111011101
11001011111011010101011011111011101
11001011111011010110101001011011101
11001011111111010111110110011011101
11001011111111011001000011011011101
11001100000011011010010000011011101
11001100000111011011011101111011101
11001100001011011100101010111011101
11001100001111011101110111011011101
11001100010011011111000100011011101
11001100010111100000010001011011101
11001100011011100001011101111011101
11001100100011100010101010011011101
11001100100010111101010101111011101
11001100011010111110100010011011101
11001100010110111111101110111011101
11001100010011000000111011111011101
11001100001111000010001000111011101
11001100001011000011010101011011101
11001100000111000100100010011011101
11001100000011000101101111111011101
11001011111111000110111100111011101
11001011111111001000001001111011101
11001011111011001001010110111011101
11001011111011001010100100011011101
11001011110111001011110001011011101
11001011110111001100111110111011101
11001011110111001110001100011011101
11001011110111001111011001011011101
11001011011011010000100110111011101
11001011011011010001110100011011101
11001011011011010011000001111011101
11001011011111010100001111011011101
11001011011111010101011100111011101
11001011011111010110101010011011101
11001011100011010111110111111011101
11001011100111011001000101011011101
11001011100111011010010010011011101
11001011101011011011011111111011101
11001011101111011100101100111011101
11001011110011011101111010011011101
11001011110111011111000111011011101
11001011111111100000010100011011101
11001100000011100001100001011011101
11001100000111100010101101111011101
11001100000110111101010010011011101
11001100000010111110011110111011101
11001011111110111111101011111011101
11001011110111000000111000111011101
11001011110011000010000101111011101
11001011101111000011010011011011101
11001011101011000100100000011011101
11001011100111000101101101111011101
11001011100111000110111010111011101
11001011100011001000001000011011101
11001011011111001001010101111011101
11001011011111001010100011011011101
11001011011111001011110000111011101
11001011011011001100111110011011101
11001011011011001110001011111011101
11001011011011001111011001011011101
11001010111111010000100110111011101
11001011000011010001110100111011101
11001011000011010011000010011011101
11001011000011010100010000011011101
11001011000011010101011101111011101
11001011000111010110101011111011101
11001011000111010111111001011011101
11001011001011011001000110111011101
11001011001111011010010100011011101
11001011010011011011100001111011101
11001011010111011100101111011011101
11001011011011011101111100111011101
11001011011111011111001010011011101
11001011100011100000010111011011101
11001011100111100001100100011011101
11001011101111100010110001011011101
11001011101110111101001110111011101
11001011100110111110011011111011101
11001011100010111111101000111011101
11001011011111000000110101111011101
11001011011011000010000011011011101
11001011010111000011010000111011101
11001011010011000100011110011011101
11001011001111000101101011111011101
11001011001011000110111001011011101
11001011000111001000000110111011101
11001011000111001001010100011011101
11001011000011001010100010011011101
11001011000011001011101111111011101
11001011000011001100111101111011101
11001011000011001110001011011011101
11001010111111001111011001011011101
11001010100111010000100111011011101
11001010100111010001110101011011101
11001010100111010011000011011011101
11001010100111010100010001011011101
11001010101011010101011110111011101
11001010101011010110101100111011101
11001010101111010111111010111011101
11001010110011011001001000111011101
11001010110011011010010110011011101
11001010110111011011100100011011101
11001010111011011100110001111011101
11001010111111011101111111111011101
11001011000011011111001101011011101
11001011001011100000011010011011101
11001011001111100001100111111011101
11001011010011100010110101011011101
11001011010010111101001010111011101
11001011001110111110011000011011101
11001011001010111111100101111011101
11001011000011000000110010111011101
11001010111111000010000000011011101
11001010111011000011001110011011101
11001010110111000100011011111011101
11001010110011000101101001111011101
11001010110011000110110111011011101
11001010101111001000000101011011101
11001010101011001001010011011011101
11001010101011001010100001011011101
11001010100111001011101110111011101
11001010100111001100111100111011101
11001010100111001110001010111011101
11001010100111001111011000111011101
11001010001011010000100111011011101
11001010001011010001110101011011101
11001010001111010011000011111011101
11001010001111010100010001111011101
11001010001111010101100000011011101
11001010010011010110101110011011101
11001010010011010111111100011011101
11001010010111011001001010011011101
11001010011011011010011000111011101
11001010011111011011100110011011101
11001010100011011100110100011011101
11001010100111011110000010011011101
11001010101011011111001111111011101
11001010101111100000011101111011101
11001010110011100001101011011011101
11001010111011100010111000111011101
11001010111010111101000111011011101
11001010110010111110010100111011101
11001010101110111111100010011011101
11001010101011000000110000011011101
11001010100111000001111101111011101
11001010100011000011001011111011101
11001010011111000100011001111011101
11001010011011000101100111011011101
11001010010111000110110101111011101
11001010010011001000000011111011101
11001010010011001001010001111011101
11001010001111001010011111111011101
11001010001111001011101110011011101
11001010001111001100111100011011101
11001010001011001110001010111011101
11001010001011001111011000111011101
11010000010111010000100101011011101
11010000010111010001110000011011101
11010000010111010010111011011011101
11010000010111010100000101111011101
11010000011011010101010000111011101
11010000011011010110011011011011101
11010000011111010111100110011011101
11010000011111011000110000111011101
11010000100011011001111011011011101
11010000100111011011000110011011101
11010000101011011100010000111011101
11010000101111011101011010111011101
11010000110011011110100101011011101
11010000110111011111101111111011101
11010000111011100000111001111011101
11010001000011100010000100011011101
11010001000010111101111011111011101
11010000111010111111000110011011101
11010000110111000000010000011011101
11010000110011000001011010111011101
11010000101111000010100101011011101
11010000101011000011101111011011101
11010000100111000100111001111011101
11010000100011000110000100111011101
11010000011111000111001111011011101
11010000011111001000011001111011101
11010000011011001001100100111011101
11010000011011001010101111011011101
11010000010111001011111010011011101
11010000010111001101000100111011101
11010000010111001110001111111011101
11010000010111001111011010111011101
11001111111011010000100101111011101
11001111111011010001110000111011101
11001111111011010010111011111011101
11001111111111010100000110111011101
11001111111111010101010001111011101
11001111111111010110011100111011101
11010000000011010111100111111011101
11010000000111011000110010011011101
11010000000111011001111101011011101
11010000001011011011001000011011101
11010000001111011100010010111011101
11010000010011011101011101111011101
11010000010111011110101000011011101
11010000011011011111110010111011101
11010000100011100000111101011011101
11010000100111100010000111011011101
11010000100110111101111000111011101
11010000100010111111000010111011101
11010000011011000000001101011011101
11010000010111000001010111111011101
11010000010011000010100010111011101
11010000001111000011101101011011101
11010000001011000100110111111011101
11010000000111000110000010111011101
11010000000111000111001101111011101
11010000000011001000011000011011101
11001111111111001001100011011011101
11001111111111001010101110011011101
11001111111111001011111001011011101
11001111111011001101000100011011101
11001111111011001110001111011011101
11001111111011001111011010011011101
11001111100011010000100101111011101
11001111100011010001110000111011101
11001111100011010010111100011011101
11001111100011010100000111011011101
11001111100011010101010010111011101
11001111100111010110011101111011101
11001111100111010111101000111011101
11001111101011011000110100011011101
11001111101111011001111111011011101
11001111110011011011001010011011101
11001111110111011100010101011011101
11001111111011011101100000011011101
11001111111111011110101010111011101
11010000000011011111110101111011101
11010000000111100001000000011011101
11010000001111100010001010111011101
11010000001110111101110101011011101
11010000000110111110111111111011101
11010000000011000000001010011011101
11001111111111000001010101011011101
11001111111011000010011111111011101
11001111110111000011101010111011101
11001111110011000100110101111011101
11001111101111000110000000111011101
11001111101011000111001011111011101
11001111100111001000010111011011101
11001111100111001001100010011011101
11001111100011001010101101011011101
11001111100011001011111000111011101
11001111100011001101000011111011101
11001111100011001110001111011011101
11001111100011001111011010011011101
11001111000111010000100101111011101
11001111000111010001110001011011101
11001111000111010010111100111011101
11001111001011010100001000011011101
11001111001011010101010011111011101
11001111001011010110011111011011101
11001111001111010111101010011011101
11001111010011011000110101111011101
11001111010011011010000001011011101
11001111010111011011001100011011101
11001111011011011100010111011011101
11001111011111011101100010111011101
11001111100011011110101101111011101
11001111100111011111111000111011101
11001111101111100001000011011011101
11001111110011100010001110011011101
11001111110010111101110001111011101
11001111101110111110111100111011101
11001111100111000000000111011011101
11001111100011000001010010011011101
11001111011111000010011101011011101
11001111011011000011101000111011101
11001111010111000100110011111011101
11001111010011000101111110111011101
11001111010011000111001010011011101
11001111001111001000010101111011101
11001111001011001001100000111011101
11001111001011001010101100011011101
11001111001011001011110111111011101
11001111000111001101000011011011101
11001111000111001110001110111011101
11001111000111001111011010011011101
11001110101011010000100101111011101
11001110101111010001110001111011101
11001110101111010010111101011011101
11001110101111010100001000111011101
11001110101111010101010100111011101
11001110110011010110100000011011101
11001110110011010111101011111011101
11001110110111011000110111011011101
11001110111011011010000010111011101
11001110111111011011001110011011101
11001111000011011100011001111011101
11001111000111011101100101011011101
11001111001011011110110000011011101
11001111001111011111111011111011101
11001111010011100001000110111011101
11001111010111100010010001111011101
11001111010110111101101110011011101
11001111010010111110111001011011101
11001111001111000000000100011011101
11001111001011000001001111111011101
11001111000111000010011010111011101
11001111000011000011100110011011101
11001110111111000100110001111011101
11001110111011000101111101011011101
11001110110111000111001000111011101
11001110110011001000010100011011101
11001110110011001001011111111011101
11001110101111001010101011011011101
11001110101111001011110111011011101
11001110101111001101000010111011101
11001110101111001110001110011011101
11001110101011001111011010011011101
11001110010011010000100101111011101
11001110010011010001110001111011101
11001110010011010010111101111011101
11001110010011010100001001111011101
11001110010111010101010101111011101
11001110010111010110100001011011101
11001110011011010111101101011011101
11001110011011011000111001011011101
11001110011111011010000100111011101
11001110100011011011010000111011101
11001110100111011100011100011011101
11001110101011011101100111111011101
11001110101111011110110011011011101
11001110110011011111111110111011101
11001110111011100001001001111011101
11001110111111100010010101011011101
11001110111110111101101010111011101
11001110111010111110110110011011101
11001110110011000000000001011011101
11001110101111000001001100111011101
11001110101011000010011000011011101
11001110100111000011100011111011101
11001110100011000100101111011011101
11001110011111000101111011011011101
11001110011011000111000110111011101
11001110011011001000010010111011101
11001110010111001001011110111011101
11001110010111001010101010011011101
11001110010011001011110110011011101
11001110010011001101000010011011101
11001110010011001110001110011011101
11001110010011001111011010011011101
11001101110111010000100110011011101
11001101110111010001110010011011101
11001101111011010010111110011011101
11001101111011010100001010111011101
11001101111011010101010110111011101
11001101111111010110100010111011101
11001101111111010111101110111011101
11001110000011011000111010111011101
11001110000111011010000110111011101
11001110001011011011010010111011101
11001110001011011100011110011011101
11001110001111011101101010011011101
11001110010111011110110101111011101
11001110011011100000000001111011101
11001110011111100001001101011011101
11001110100011100010011000111011101
11001110100010111101100111011011101
11001110011110111110110010111011101
11001110011010111111111110011011101
11001110010111000001001010011011101
11001110001111000010010101111011101
11001110001011000011100001111011101
11001110001011000100101101011011101
11001110000111000101111001011011101
11001110000011000111000101011011101
11001101111111001000010001011011101
11001101111111001001011101011011101
11001101111011001010101001011011101
11001101111011001011110101011011101
11001101111011001101000001111011101
11001101110111001110001101111011101
11001101110111001111011001111011101
11001101011111010000100110011011101
11001101011111010001110010111011101
11001101011111010010111110111011101
11001101011111010100001011011011101
11001101100011010101010111111011101
11001101100011010110100011111011101
11001101100111010111110000011011101
11001101100111011000111100011011101
11001101101011011010001000111011101
11001101101111011011010100111011101
11001101110011011100100000111011101
11001101110111011101101100111011101
11001101111011011110111000111011101
11001101111111100000000100111011101
11001110000111100001010000011011101
11001110001011100010011100011011101
11001110001010111101100011111011101
11001110000110111110101111111011101
11001101111110111111111011011011101
11001101111011000001000111011011101
11001101110111000010010011011011101
11001101110011000011011111011011101
11001101101111000100101011011011101
11001101101011000101110111011011101
11001101100111000111000011111011101
11001101100111001000001111111011101
11001101100011001001011100011011101
11001101100011001010101000011011101
11001101011111001011110100111011101
11001101011111001101000001011011101
11001101011111001110001101011011101
11001101011111001111011001111011101
