10111111010100111111010101011101111
10111111010101000001111111011101111
10111111011001000100101001111101111
10111111011101000111010011111101111
10111111100101001001111101011101111
10111111101101001100100110111101111
10111111110101001111001111111101111
11000000000001010001111000011101111
11000000000000101010000111111101111
10111111110100101100110000011101111
10111111101100101111011001011101111
10111111100100110010000010111101111
10111111011100110100101100011101111
10111111011000110111010110011101111
10111111010100111010000000111101111
10111111010100111100101010111101111
10111110111000111111010101011101111
10111110111101000010000000011101111
10111110111101000100101011011101111
10111111000101000111010101111101111
10111111001001001001111111111101111
10111111010001001100101001111101111
10111111011101001111010011011101111
10111111101001010001111100111101111
10111111101000101010000011011101111
10111111011100101100101100111101111
10111111010000101111010110011101111
10111111001000110010000000011101111
10111111000100110100101010011101111
10111110111100110111010100111101111
10111110111100111001111111111101111
10111110111000111100101010111101111
10111110100000111111010101111101111
10111110100001000010000001011101111
10111110100101000100101100011101111
10111110101001000111010111111101111
10111110110001001010000010011101111
10111110111001001100101101011101111
10111111000001001111010111011101111
10111111001101010010000000111101111
10111111001100101001111111011101111
10111111000000101100101000111101111
10111110111000101111010010111101111
10111110110000110001111101111101111
10111110101000110100101000011101111
10111110100100110111010011111101111
10111110100000111001111110111101111
10111110100000111100101010011101111
10111110000100111111010110011101111
10111110000101000010000010011101111
10111110001001000100101101111101111
10111110010001000111011001111101111
10111110010101001010000101011101111
10111110011101001100110000011101111
10111110101001001111011010111101111
10111110110101010010000101011101111
10111110110100101001111010111101111
10111110101000101100100101011101111
10111110011100101111001111111101111
10111110010100110001111010111101111
10111110010000110100100110011101111
10111110001000110111010010011101111
10111110000100111001111101111101111
10111110000100111100101001111101111
10111101101000111111010110011101111
10111101101101000010000010111101111
10111101110001000100101111011101111
10111101110101000111011011111101111
10111101111101001010000111111101111
10111110000101001100110011011101111
10111110001101001111011110111101111
10111110011001010010001001011101111
10111110011000101001110110111101111
10111110001100101100100001011101111
10111110000100101111001100111101111
10111101111100110001111000011101111
10111101110100110100100100011101111
10111101110000110111010000111101111
10111101101100111001111101011101111
10111101101000111100101001111101111
10111101010000111111010110111101111
10111101010001000010000011111101111
10111101010101000100110000111101111
10111101011001000111011101111101111
10111101100001001010001010011101111
10111101101001001100110110111101111
10111101110101001111100010011101111
10111110000001010010001101111101111
10111110000000101001110010011101111
10111101110100101100011101111101111
10111101101000101111001001011101111
10111101100000110001110101111101111
10111101011000110100100010011101111
10111101010100110111001111011101111
10111101010000111001111100011101111
10111101010000111100101001011101111
10111100110100111111010110111101111
10111100111001000010000100111101111
10111100111101000100110010011101111
10111101000001000111011111111101111
10111101001001001010001100111101111
10111101010001001100111001111101111
10111101011001001111100110011101111
10111101100101010010010010011101111
10111101100100101001101101111101111
10111101011000101100011001111101111
10111101010000101111000110011101111
10111101001000110001110011011101111
10111101000000110100100000011101111
10111100111100110111001101111101111
10111100111000111001111011011101111
10111100110100111100101001011101111
10111100011100111111010111011101111
10111100011101000010000101111101111
10111100100001000100110011111101111
10111100100101000111100001111101111
10111100101101001010001111111101111
10111100110101001100111100111101111
10111101000001001111101001111101111
10111101001101010010010110011101111
10111101001100101001101001111101111
10111101000000101100010110011101111
10111100110100101111000011011101111
10111100101100110001110000011101111
10111100100100110100011110011101111
10111100100000110111001100011101111
10111100011100111001111010011101111
10111100011100111100101000111101111
10111100000000111111010111011101111
10111100000101000010000110011101111
10111100001001000100110101011101111
10111100001101000111100011111101111
10111100010001001010010010011101111
10111100011101001101000000011101111
10111100100101001111101101111101111
10111100110001010010011010111101111
10111100110000101001100101011101111
10111100100100101100010010011101111
10111100011100101110111111111101111
10111100010000110001101101111101111
10111100001100110100011100011101111
10111100001000110111001010111101111
10111100000100111001111001111101111
10111100000000111100101000111101111
10111011101000111111010111111101111
10111011101001000010000111011101111
10111011101101000100110110111101111
10111011110001000111100101111101111
10111011111001001010010100111101111
10111100000001001101000011011101111
10111100001101001111110001111101111
10111100011001010010011111011101111
10111100011000101001100000111101111
10111100001100101100001110011101111
10111100000000101110111100111101111
10111011111000110001101011011101111
10111011110000110100011010011101111
10111011101100110111001001011101111
10111011101000111001111000111101111
10111011101000111100101000011101111
10111011001100111111011000011101111
10111011010001000010001000011101111
10111011010001000100111000011101111
10111011011001000111101000011101111
10111011011101001010010111111101111
10111011101001001101000110111101111
10111011110001001111110101111101111
10111011111101010010100011111101111
10111011111100101001011100011101111
10111011110000101100001010011101111
10111011101000101110111001011101111
10111011011100110001101000011101111
10111011011000110100010111111101111
10111011010000110111000111111101111
10111011010000111001110111111101111
10111011001100111100100111111101111
10111010110100111111011000011101111
10111010110101000010001001011101111
10111010111001000100111001111101111
10111010111101000111101010011101111
10111011000101001010011010011101111
10111011001101001101001010011101111
10111011011001001111111001011101111
10111011100101010010101000011101111
10111011100100101001010111111101111
10111011011000101100000110111101111
10111011001100101110110101111101111
10111011000100110001100101111101111
10111010111100110100010101111101111
10111010111000110111000110011101111
10111010110100111001110110111101111
10111010110100111100100111111101111
10111010011000111111011000111101111
10111010011001000010001010011101111
10111010011101000100111011011101111
10111010100101000111101100011101111
10111010101001001010011101011101111
10111010110001001101001101011101111
10111010111101001111111101011101111
10111011001001010010101100111101111
10111011001000101001010011011101111
10111010111100101100000010111101111
10111010110000101110110010111101111
10111010101000110001100010111101111
10111010100100110100010011111101111
10111010011100110111000100111101111
10111010011000111001110101111101111
10111010011000111100100111011101111
10111001111100111111011001011101111
10111010000001000010001010111101111
10111010000101000100111100111101111
10111010001001000111101110011101111
10111010010001001010011111111101111
10111010011001001101010000111101111
10111010100101010000000001011101111
10111010110001010010110001011101111
10111010110000101001001110111101111
10111010100100101011111110111101111
10111010011000101110101111011101111
10111010010000110001100000011101111
10111010001000110100010001111101111
10111010000100110111000011011101111
10111010000000111001110101011101111
10111001111100111100100110111101111
10111001100100111111011001011101111
10111001100101000010001011111101111
10111001101001000100111110011101111
10111001101101000111110000111101111
10111001110101001010100010111101111
10111001111101001101010100011101111
10111010001001010000000101011101111
10111010010101010010110110011101111
10111010010100101001001001111101111
10111010001000101011111010111101111
10111001111100101110101011111101111
10111001110100110001011101011101111
10111001101100110100001111011101111
10111001101000110111000001111101111
10111001100100111001110100011101111
10111001100100111100100110111101111
10111001001000111111011001111101111
10111001001101000010001100111101111
10111001010001000100111111111101111
10111001010101000111110010111101111
10111001011101001010100101011101111
10111001100101001101010111111101111
10111001101101010000001001011101111
10111001111101010010111010111101111
10111001111100101001000101011101111
10111001101100101011110110111101111
10111001100100101110101000011101111
10111001011100110001011010111101111
10111001010100110100001101011101111
10111001010000110111000000011101111
10111001001100111001110011011101111
10111001001000111100100110011101111
11000101111000111111010000111101110
11000101111001000001110010111101110
11000101111101000100010100011101110
11000110000001000110110101111101110
11000110000101001001010110111101110
11000110001101001011110111111101110
11000110011001001110011000011101110
11000110100101010000111000111101110
11000110100100101011000111011101110
11000110011000101101100111111101110
11000110001100110000001000011101110
11000110000100110010101001011101110
11000110000000110101001010011101110
11000101111100110111101011111101110
11000101111000111010001101011101110
11000101111000111100101111011101110
11000101011100111111010001011101110
11000101011101000001110011011101110
11000101100001000100010101011101110
11000101100101000110110111011101110
11000101101101001001011001011101110
11000101110101001011111010111101110
11000101111101001110011011111101110
11000110001001010000111100011101110
11000110001000101011000011111101110
11000101111100101101100100011101110
11000101110100110000000101011101110
11000101101100110010100110111101110
11000101100100110101001000111101110
11000101100000110111101010111101110
11000101011100111010001100111101110
11000101011100111100101110111101110
11000101000000111111010001011101110
11000101000101000001110100011101110
11000101001001000100010110111101110
11000101001101000110111001011101110
11000101010001001001011011011101110
11000101011001001011111101011101110
11000101100101001110011110111101110
11000101110001010001000000011101110
11000101110000101010111111111101110
11000101100100101101100001011101110
11000101011000110000000010111101110
11000101010000110010100100111101110
11000101001100110101000110111101110
11000101001000110111101001011101110
11000101000100111010001011111101110
11000101000000111100101110111101110
11000100101000111111010001111101110
11000100101001000001110100111101110
11000100101101000100010111111101110
11000100110001000110111010111101110
11000100111001001001011101111101110
11000101000001001100000000011101110
11000101001001001110100010011101110
11000101010101010001000100011101110
11000101010100101010111011111101110
11000101001000101101011101111101110
11000101000000101111111111111101110
11000100111000110010100010011101110
11000100110000110101000101011101110
11000100101100110111101000011101110
11000100101000111010001011011101110
11000100101000111100101110011101110
11000100001100111111010001111101110
11000100010001000001110101111101110
11000100010101000100011001011101110
11000100011001000110111100111101110
11000100011101001001100000011101110
11000100100101001100000011011101110
11000100110001001110100101111101110
11000100111001010001000111111101110
11000100111000101010111000011101110
11000100110000101101011010011101110
11000100100100101111111100111101110
11000100011100110010011111111101110
11000100011000110101000011011101110
11000100010100110111100110111101110
11000100010000111010001010011101110
11000100001100111100101110011101110
11000011110100111111010010011101110
11000011110101000001110110011101110
11000011111001000100011010111101110
11000011111101000110111110111101110
11000100000101001001100010011101110
11000100001101001100000101111101110
11000100010101001110101001011101110
11000100100001010001001011111101110
11000100100000101010110100011101110
11000100010100101101010110111101110
11000100001100101111111010011101110
11000100000100110010011101111101110
11000011111100110101000001011101110
11000011111000110111100101011101110
11000011110100111010001001111101110
11000011110100111100101101111101110
11000011011000111111010010011101110
11000011011101000001110111011101110
11000011011101000100011011111101110
11000011100101000111000000011101110
11000011101001001001100100111101110
11000011110001001100001000111101110
11000011111101001110101100011101110
11000100000101010001001111111101110
11000100000100101010110000011101110
11000011111100101101010011111101110
11000011110000101111110111011101110
11000011101000110010011011011101110
11000011100100110100111111111101110
11000011011100110111100100011101110
11000011011100111010001000111101110
11000011011000111100101101111101110
11000011000000111111010010111101110
11000011000001000001111000011101110
11000011000101000100011101011101110
11000011001001000111000010011101110
11000011010001001001100111011101110
11000011011001001100001011111101110
11000011100001001110101111111101110
11000011101101010001010011111101110
11000011101100101010101100011101110
11000011100000101101010000011101110
11000011011000101111110100011101110
11000011010000110010011000111101110
11000011001000110100111101111101110
11000011000100110111100010111101110
11000011000000111010000111111101110
11000011000000111100101101011101110
11000010100100111111010010111101110
11000010101001000001111000111101110
11000010101001000100011110111101110
11000010110001000111000100011101110
11000010110101001001101001111101110
11000010111101001100001110111101110
11000011001001001110110011011101110
11000011010001010001010111111101110
11000011010000101010101000011101110
11000011001000101101001100111101110
11000010111100101111110001011101110
11000010110100110010010110011101110
11000010110000110100111011111101110
11000010101000110111100001011101110
11000010101000111010000111011101110
11000010100100111100101101011101110
11000010001100111111010011011101110
11000010001101000001111001111101110
11000010010001000100011111111101110
11000010010101000111000110011101110
11000010011101001001101011111101110
11000010100101001100010001111101110
11000010101101001110110110111101110
11000010111001010001011011111101110
11000010111000101010100100011101110
11000010101100101101001001011101110
11000010100100101111101110011101110
11000010011100110010010100011101110
11000010010100110100111001111101110
11000010010000110111100000011101110
11000010001100111010000110011101110
11000010001100111100101100111101110
11000001110000111111010011011101110
11000001110001000001111010011101110
11000001110101000100100001011101110
11000001111001000111000111111101110
11000010000001001001101110011101110
11000010001001001100010100111101110
11000010010101001110111010011101110
11000010011101010001011111111101110
11000010011100101010100000011101110
11000010010100101101000101111101110
11000010001000101111101011011101110
11000010000000110010010001111101110
11000001111000110100111000011101110
11000001110100110111011110111101110
11000001110000111010000101111101110
11000001110000111100101100111101110
11000001010100111111010011111101110
11000001011001000001111011011101110
11000001011101000100100010111101110
11000001100001000111001001111101110
11000001101001001001110000111101110
11000001110001001100010111111101110
11000001111001001110111101111101110
11000010000101010001100011111101110
11000010000100101010011100011101110
11000001111000101101000010011101110
11000001110000101111101000011101110
11000001101000110010001111011101110
11000001100000110100110110011101110
11000001011100110111011101011101110
11000001011000111010000100111101110
11000001010100111100101100011101110
11000000111100111111010100011101110
11000000111101000001111100011101110
11000001000001000100100100011101110
11000001000101000111001011111101110
11000001001101001001110011011101110
11000001010101001100011010111101110
11000001011101001111000001011101110
11000001101001010001100111111101110
11000001101000101010011000011101110
11000001011100101100111110111101110
11000001010100101111100101011101110
11000001001100110010001100111101110
11000001000100110100110100011101110
11000001000000110111011011111101110
11000000111100111010000011111101110
11000000111100111100101011111101110
11000000100000111111010100011101110
11000000100101000001111100111101110
11000000101001000100100101011101110
11000000101101000111001101111101110
11000000110001001001110101111101110
11000000111001001100011101111101110
11000001000101001111000100111101110
11000001010001010001101011111101110
11000001010000101010010100011101110
11000001000100101100111011011101110
11000000111000101111100010011101110
11000000110000110010001010011101110
11000000101100110100110010011101110
11000000101000110111011010111101110
11000000100100111010000011011101110
11000000100000111100101011111101110
11000000001000111111010100111101110
11000000001001000001111101111101110
11000000001101000100100110111101110
11000000010001000111001111111101110
11000000011001001001111000011101110
11000000100001001100100000111101110
11000000101001001111001000111101110
11000000110101010001110000011101110
11000000110100101010001111111101110
11000000101000101100110111011101110
11000000100000101111011111011101110
11000000011000110010000111111101110
11000000010000110100110000011101110
11000000001100110111011001011101110
11000000001000111010000010011101110
11000000001000111100101011011101110
10111111101100111111010100111101111
10111111110001000001111110111101111
10111111110001000100101000011101111
10111111111001000111010001111101111
10111111111101001001111010111101111
11000000000101001100100011111101110
11000000010001001111001100011101110
11000000011101010001110100011101110
11000000011100101010001011111101110
11000000010000101100110011111101110
11000000000100101111011100011101110
10111111111100110010000101011101111
10111111111000110100101110011101111
10111111110000110111010111111101111
10111111110000111010000001011101111
10111111101100111100101011011101111
