10001010011011011111001000011111111
10001010011111100011110010111111111
10001010100011101000011100111111111
10001010101011101101000101111111111
10001010110111110001101101011111111
10001011000111110110010010111111111
10001011010111111010110110111111111
10001011101011111111011000011111111
10001011101010111010001110011111111
10001011010110111110101111111111111
10001011000111000011010011011111111
10001010110111000111111001011111111
10001010101011001100100000111111111
10001010100011010001001001111111111
10001010011111010101110011111111111
10001010011011011010011101111111111
10001010000011011111001001011111111
10001010000011100011110101111111111
10001010001011101000100001011111111
10001010010011101101001011111111111
10001010011111110001110100111111111
10001010101011110110011100011111111
10001010111111111011000001111111111
10001011010011111111100100111111111
10001011010010111010000001111111111
10001010111110111110100100111111111
10001010101011000011001010011111111
10001010011111000111110001111111111
10001010010011001100011010111111111
10001010001011010001000101011111111
10001010000011010101110000111111111
10001010000011011010011101011111111
10001001100111011111001010011111111
10001001101011100011111000011111111
10001001101111101000100101011111111
10001001110111101101010001111111111
10001010000011110001111100111111111
10001010010011110110100101111111111
10001010100011111011001101011111111
10001010110111111111110001111111111
10001010110110111001110100111111111
10001010100010111110011001011111111
10001010010011000011000000011111111
10001010000011000111101001111111111
10001001110111001100010100111111111
10001001101111010001000000111111111
10001001101011010101101110011111111
10001001100111011010011100011111111
10001001001011011111001011011111111
10001001001111100011111010111111111
10001001010111101000101001111111111
10001001011111101101011000011111111
10001001101011110010000100111111111
10001001111011110110101111111111111
10001010001011111011011000011111111
10001010011111111111111110111111111
10001010011110111001100111111111111
10001010001010111110001110011111111
10001001111011000010110110111111111
10001001101011000111100001111111111
10001001011111001100001110011111111
10001001010111010000111100011111111
10001001001111010101101011111111111
10001001001011011010011011011111111
10001000110011011111001100011111111
10001000110111100011111101111111111
10001000111011101000101110011111111
10001001000011101101011110011111111
10001001001111110010001100111111111
10001001011111110110111001011111111
10001001101111111011100011111111111
10001010000100000000001011111111111
10001010000110111001011010111111111
10001001101110111110000010111111111
10001001011111000010101100111111111
10001001001111000111011001111111111
10001001000011001100001000011111111
10001000111011010000110111111111111
10001000110111010101101000111111111
10001000110011011010011010011111111
10001000010111011111001100111111111
10001000011011100100000000011111111
10001000100011101000110011011111111
10001000101011101101100100111111111
10001000110111110010010100111111111
10001001000111110111000011011111111
10001001010111111011101111011111111
10001001101000000000011000111111111
10001001101010111001001101011111111
10001001010110111101110110111111111
10001001000111000010100011011111111
10001000110111000111010001011111111
10001000101011001100000001111111111
10001000100011010000110011011111111
10001000011011010101100110011111111
10001000010111011010011001011111111
10000111111111011111001101111111111
10001000000011100100000011011111111
10001000000111101000110111111111111
10001000001111101101101011011111111
10001000011011110010011101011111111
10001000101011110111001101011111111
10001000111111111011111011011111111
10001001010000000000100110011111111
10001001010010111000111111111111111
10001000111110111101101011011111111
10001000101011000010011001011111111
10001000011011000111001001011111111
10001000001111001011111011011111111
10001000000111010000101110111111111
10001000000011010101100011011111111
10000111111111011010011000011111111
10000111100011011111001110111111111
10000111100111100100000101111111111
10000111101111101000111100011111111
10000111110111101101110001111111111
10001000000011110010100101111111111
10001000010011110111010111011111111
10001000100011111100000111011111111
10001000110100000000110011111111111
10001000110110111000110010011111111
10001000100010111101011111011111111
10001000010011000010001110111111111
10001000000011000111000000111111111
10000111110111001011110100111111111
10000111101111010000101010011111111
10000111100111010101100000011111111
10000111100011011010010111111111111
10000111001011011111001111111111111
10000111001011100100001000111111111
10000111010011101001000001011111111
10000111011011101101111000011111111
10000111100111110010101101111111111
10000111110111110111100001111111111
10001000001011111100010011011111111
10001000011100000001000001111111111
10001000011110111000100100111111111
10001000001010111101010011011111111
10000111110111000010000100111111111
10000111100111000110111000011111111
10000111011011001011101110011111111
10000111010011010000100101011111111
10000111001011010101011101111111111
10000111001011011010010110111111111
10000110101111011111010000111111111
10000110110011100100001011111111111
10000110110111101001000101111111111
10000111000011101101111111011111111
10000111001111110010110110111111111
10000111011111110111101100011111111
10000111101111111100011111011111111
10001000000000000001001111111111111
10001000000010111000010110111111111
10000111101110111101000111011111111
10000111011111000001111010011111111
10000111001111000110101111111111111
10000111000011001011100111011111111
10000110110111010000100000011111111
10000110110011010101011010111111111
10000110101111011010010101111111111
10000110010111011111010001111111111
10000110010111100100001110111111111
10000110011111101001001010111111111
10000110100111101110000101111111111
10000110110011110010111111011111111
10000111000011110111110110111111111
10000111010111111100101011111111111
10000111101000000001011101111111111
10000111101010111000001000111111111
10000111010110111100111010111111111
10000111000011000001101111111111111
10000110110011000110100111011111111
10000110100111001011100000111111111
10000110011111010000011011111111111
10000110010111010101010111111111111
10000110010111011010010100111111111
10000101111011011111010010111111111
10000101111111100100010001111111111
10000110000011101001001111111111111
10000110001111101110001100111111111
10000110011011110011000111111111111
10000110101011111000000001011111111
10000110111011111100111000011111111
10000111010000000001101011111111111
10000111010010110111111010011111111
10000110111010111100101110011111111
10000110101011000001100101011111111
10000110011011000110011110011111111
10000110001111001011011001111111111
10000110000011010000010110111111111
10000101111111010101010100111111111
10000101111011011010010011111111111
10000101011111011111010011111111111
10000101100011100100010100111111111
10000101101011101001010100111111111
10000101110011101110010011111111111
10000101111111110011010000111111111
10000110001111111000001100011111111
10000110100011111101000100111111111
10000110110100000001111010011111111
10000110110110110111101100011111111
10000110100010111100100001111111111
10000110001111000001011010011111111
10000101111111000110010101111111111
10000101110011001011010010111111111
10000101101011010000010001111111111
10000101100011010101010001111111111
10000101011111011010010010111111111
10000101000111011111010100111111111
10000101001011100100010111111111111
10000101001111101001011001111111111
10000101011011101110011010111111111
10000101100111110011011001111111111
10000101110111111000010110111111111
10000110000111111101010001011111111
10000110011100000010001000111111111
10000110011110110111011101011111111
10000110000110111100010100111111111
10000101110111000001001111011111111
10000101100111000110001100111111111
10000101011011001011001011111111111
10000101001111010000001100111111111
10000101001011010101001110111111111
10000101000111011010010001111111111
10000100101011011111010101111111111
10000100101111100100011010111111111
10000100110111101001011110111111111
10000100111111101110100001111111111
10000101001011110011100010111111111
10000101011011111000100001111111111
10000101101111111101011110011111111
10000110000000000010010111111111111
10000110000010110111001110111111111
10000101101110111100001000011111111
10000101011011000001000100011111111
10000101001011000110000011011111111
10000100111111001011000100111111111
10000100110111010000000111111111111
10000100101111010101001011111111111
10000100101011011010010000111111111
10000100010011011111010110111111111
10000100010111100100011101111111111
10000100011011101001100011111111111
10000100100111101110101000111111111
10000100110011110011101100011111111
10000101000011111000101101011111111
10000101010011111101101011011111111
10000101101000000010100110111111111
10000101101010110110111111111111111
10000101010010111011111010111111111
10000101000011000000111001011111111
10000100110011000101111010011111111
10000100100111001010111101011111111
10000100011011010000000010011111111
10000100010111010101001000111111111
10000100010011011010001111111111111
10010000111111011110111011111111111
10010001000011100011001100111111111
10010001000111100111011101011111111
10010001001111101011101101011111111
10010001011011101111111011111111111
10010001100111110100001001011111111
10010001110111111000010101011111111
10010010001011111100011111011111111
10010010001010111101000111011111111
10010001110111000001010001011111111
10010001100111000101011101011111111
10010001011011001001101010111111111
10010001001111001101111001011111111
10010001000111010010001001011111111
10010001000011010110011001111111111
10010000111111011010101010111111111
10010000100011011110111100011111111
10010000100111100011001110111111111
10010000101011100111100000111111111
10010000110011101011110010011111111
10010000111111110000000010011111111
10010001001011110100010001011111111
10010001011011111000011110011111111
10010001101111111100101001111111111
10010001101110111100111100111111111
10010001011011000001000111111111111
10010001001011000101010101011111111
10010000111111001001100100011111111
10010000110011001101110100011111111
10010000101011010010000101111111111
10010000100111010110010111011111111
10010000100011011010101001111111111
10010000001011011110111101011111111
10010000001111100011010001011111111
10010000010011100111100100111111111
10010000011011101011110111011111111
10010000100111110000001000111111111
10010000110011110100011001011111111
10010001000011111000100111111111111
10010001010111111100110100111111111
10010001010110111100110001111111111
10010001000011000000111110111111111
10010000110011000101001101011111111
10010000100111001001011101111111111
10010000011011001101101111011111111
10010000010011010010000001111111111
10010000001111010110010101011111111
10010000001011011010101001011111111
10001111101111011110111101111111111
10001111110011100011010011011111111
10001111110111100111101000011111111
10001111111111101011111100011111111
10010000001011110000001111111111111
10010000010111110100100001011111111
10010000100111111000110001011111111
10010000111011111100111111011111111
10010000111010111100100110111111111
10010000100111000000110101011111111
10010000010111000101000101011111111
10010000001011001001010110111111111
10001111111111001101101001111111111
10001111110111010001111110011111111
10001111110011010110010011011111111
10001111101111011010101000011111111
10001111010111011110111110111111111
10001111010111100011010101111111111
10001111011111100111101100011111111
10001111100111101100000001111111111
10001111110011110000010110011111111
10001111111111110100101001011111111
10010000001111111000111010111111111
10010000100011111101001010011111111
10010000100010111100011011111111111
10010000001111000000101011011111111
10001111111111000100111100111111111
10001111110011001001010000011111111
10001111100111001101100100111111111
10001111011111010001111010011111111
10001111010111010110010000111111111
10001111010111011010100111111111111
10001110111011011110111111011111111
10001110111111100011010111111111111
10001111000011100111101111111111111
10001111001011101100000111011111111
10001111010111110000011101011111111
10001111100011110100110001111111111
10001111110111111001000100111111111
10010000000111111101010101111111111
10010000000110111100010000111111111
10001111110111000000100001111111111
10001111100011000100110100111111111
10001111010111001001001001011111111
10001111001011001101011111011111111
10001111000011010001110110111111111
10001110111111010110001110011111111
10001110111011011010100110111111111
10001110100011011111000000011111111
10001110100011100011011010011111111
10001110101011100111110011111111111
10001110110011101100001100011111111
10001110111111110000100011111111111
10001111001011110100111010011111111
10001111011011111001001110011111111
10001111101111111101100000111111111
10001111101110111100000101111111111
10001111011011000000010111111111111
10001111001011000100101100011111111
10001110111111001001000010011111111
10001110110011001101011001111111111
10001110101011010001110010111111111
10001110100011010110001100011111111
10001110100011011010100110011111111
10001110000111011111000001011111111
10001110001011100011011100111111111
10001110001111100111110111111111111
10001110010111101100010001111111111
10001110100011110000101010111111111
10001110101111110101000010111111111
10001111000011111001011000011111111
10001111010011111101101100011111111
10001111010010111011111010011111111
10001111000011000000001110011111111
10001110101111000100100011111111111
10001110100011001000111011011111111
10001110010111001101010100111111111
10001110001111010001101110111111111
10001110001011010110001001111111111
10001110000111011010100101011111111
10001101101111011111000001111111111
10001101101111100011011110111111111
10001101110111100111111011111111111
10001101111111101100010111011111111
10001110000111110000110001111111111
10001110010111110101001011011111111
10001110100111111001100010011111111
10001110111011111101110111111111111
10001110111010111011101110111111111
10001110100111000000000011111111111
10001110010111000100011011011111111
10001110000111001000110100011111111
10001101111111001101001111011111111
10001101110111010001101010111111111
10001101101111010110000111011111111
10001101101111011010100100111111111
10001101010011011111000010111111111
10001101010111100011100001011111111
10001101011011100111111111111111111
10001101100011101100011100111111111
10001101101111110000111001011111111
10001101111011110101010011111111111
10001110001111111001101100111111111
10001110011111111110000011011111111
10001110011110111011100011011111111
10001110001110111111111001111111111
10001101111011000100010010111111111
10001101101111001000101101011111111
10001101100011001101001001111111111
10001101011011010001100110111111111
10001101010111010110000101011111111
10001101010011011010100011111111111
10001100110111011111000011011111111
10001100111011100011100011111111111
10001101000011101000000011111111111
10001101001011101100100010111111111
10001101010011110001000000011111111
10001101100011110101011100011111111
10001101110011111001110110111111111
10001110000111111110001110111111111
10001110000110111011010111011111111
10001101110010111111101111111111111
10001101100011000100001001111111111
10001101010011001000100110011111111
10001101001011001101000011111111111
10001101000011010001100010111111111
10001100111011010110000010111111111
10001100110111011010100010111111111
10001100011111011111000100011111111
10001100100011100011100110011111111
10001100100111101000000111111111111
10001100101111101100101000011111111
10001100111011110001000111111111111
10001101000111110101100101011111111
10001101011011111010000001011111111
10001101101111111110011010111111111
10001101101110111011001011111111111
10001101011010111111100101011111111
10001101000111000100000001011111111
10001100111011001000011110111111111
10001100101111001100111110011111111
10001100100111010001011110111111111
10001100100011010110000000011111111
10001100011111011010100010011111111
10001100000011011111000101011111111
10001100000111100011101000111111111
10001100001011101000001011111111111
10001100010111101100101101111111111
10001100011111110001001110111111111
10001100101111110101101110011111111
10001100111111111010001011111111111
10001101010011111110100110111111111
10001101010010111010111111111111111
10001100111110111111011010111111111
10001100101111000011111000011111111
10001100011111001000010111111111111
10001100010111001100111000011111111
10001100001011010001011010111111111
10001100000111010101111101111111111
10001100000011011010100001011111111
10001011101011011111000101111111111
10001011101111100011101011011111111
10001011110011101000001111111111111
10001011111011101100110011111111111
10001100000111110001010110011111111
10001100010011110101110111011111111
10001100100111111010010110011111111
10001100111011111110110010111111111
10001100111010111010110011011111111
10001100100110111111010000011111111
10001100010011000011101111011111111
10001100000111001000010000011111111
10001011111011001100110010111111111
10001011110011010001010110011111111
10001011101111010101111011011111111
10001011101011011010100000011111111
10001011001111011111000110111111111
10001011010011100011101101111111111
10001011010111101000010100011111111
10001011100011101100111001111111111
10001011101011110001011101111111111
10001011111011110110000000011111111
10001100001011111010100000111111111
10001100011111111110111111011111111
10001100011110111010100111011111111
10001100001010111111000101011111111
10001011111011000011100110011111111
10001011101011001000001000111111111
10001011100011001100101100111111111
10001011010111010001010010011111111
10001011010011010101111000111111111
10001011001111011010011111111111111
10001010110111011111000111111111111
10001010110111100011110000011111111
10001010111111101000011000011111111
10001011000111101100111111111111111
10001011010011110001100101011111111
10001011011111110110001001111111111
10001011110011111010101011111111111
10001100000111111111001011111111111
10001100000110111010011010111111111
10001011110010111110111010111111111
10001011011111000011011100111111111
10001011010011001000000000111111111
10001011000111001100100110111111111
10001010111111010001001101111111111
10001010110111010101110110011111111
10001010110111011010011110111111111
