10001101101111011101111010111111111
10001101101111100000001001011111111
10001101101111100010010111111111111
10001101110011100100100110011111111
10001101110011100110110100011111111
10001101110111101001000010111111111
10001101111011101011010000011111111
10001101111111101101011110011111111
10001110000111101111101011011111111
10001110001011110001111000011111111
10001110010011110100000100111111111
10001110011011110110010001011111111
10001110100011111000011100111111111
10001110101011111010100111111111111
10001110110111111100110010111111111
10001110111111111110111100111111111
10001110111110111010101001111111111
10001110110110111100110011111111111
10001110101010111110111110011111111
10001110100011000001001001111111111
10001110011011000011010101011111111
10001110010011000101100001011111111
10001110001011000111101110011111111
10001110000111001001111010111111111
10001101111111001100001000011111111
10001101111011001110010101111111111
10001101110111010000100011111111111
10001101110011010010110001111111111
10001101110011010101000000011111111
10001101101111010111001110111111111
10001101101111011001011101011111111
10001101101111011011101011111111111
10001101010011011101111010111111111
10001101010011100000001010011111111
10001101010011100010011001111111111
10001101010111100100101000111111111
10001101011011100110111000011111111
10001101011111101001000110111111111
10001101100011101011010101111111111
10001101100111101101100100011111111
10001101101011101111110010011111111
10001101110011110001111111111111111
10001101111011110100001101011111111
10001101111111110110011010011111111
10001110001011111000100110111111111
10001110010011111010110010011111111
10001110011011111100111101111111111
10001110100111111111001000111111111
10001110100110111010011101111111111
10001110011010111100101000111111111
10001110010010111110110011111111111
10001110001011000000111111111111111
10001101111111000011001100011111111
10001101111011000101011001011111111
10001101110011000111100110111111111
10001101101011001001110100011111111
10001101100111001100000010011111111
10001101100011001110010000111111111
10001101011111010000011111011111111
10001101011011010010101110011111111
10001101010111010100111101011111111
10001101010011010111001100111111111
10001101010011011001011100011111111
10001101010011011011101011011111111
10001100110111011101111011011111111
10001100111011100000001011111111111
10001100111011100010011011111111111
10001100111011100100101011111111111
10001100111111100110111011111111111
10001101000011101001001011011111111
10001101000111101011011010111111111
10001101001011101101101010011111111
10001101010011101111111000111111111
10001101010111110010000111011111111
10001101011111110100010101111111111
10001101100111110110100011011111111
10001101101111111000110000011111111
10001101110111111010111101011111111
10001110000011111101001001011111111
10001110001011111111010100111111111
10001110001010111010010001111111111
10001110000010111100011101011111111
10001101110110111110101001011111111
10001101101111000000110110011111111
10001101100111000011000011011111111
10001101011111000101010000111111111
10001101010111000111011110111111111
10001101010011001001101101011111111
10001101001011001011111100011111111
10001101000111001110001011111111111
10001101000011010000011011011111111
10001100111111010010101010111111111
10001100111011010100111010111111111
10001100111011010111001010111111111
10001100111011011001011010111111111
10001100110111011011101011011111111
10001100011111011101111011111111111
10001100011111100000001100111111111
10001100011111100010011101111111111
10001100100011100100101110111111111
10001100100111100110111111011111111
10001100100111101001001111111111111
10001100101111101011100000011111111
10001100110011101101110000011111111
10001100110111101111111111111111111
10001100111111110010001111011111111
10001101000111110100011101111111111
10001101001011110110101100011111111
10001101010111111000111010011111111
10001101011111111011000111111111111
10001101100111111101010100111111111
10001101110011111111100000111111111
10001101110010111010000101111111111
10001101100110111100010001111111111
10001101011110111110011110111111111
10001101010111000000101100011111111
10001101001011000010111001111111111
10001101000111000101001000011111111
10001100111111000111010111011111111
10001100110111001001100110111111111
10001100110011001011110110011111111
10001100101111001110000110011111111
10001100100111010000010110111111111
10001100100111010010100111011111111
10001100100011010100110111111111111
10001100011111010111001000111111111
10001100011111011001011001111111111
10001100011111011011101010111111111
10001100000011011101111100011111111
10001100000011100000001110011111111
10001100000111100010011111111111111
10001100000111100100110001111111111
10001100001011100111000011011111111
10001100001111101001010100011111111
10001100010011101011100101011111111
10001100010111101101110110011111111
10001100011111110000000110111111111
10001100100011110010010110111111111
10001100101011110100100110111111111
10001100110011110110110101111111111
10001100111011111001000100011111111
10001101000011111011010010111111111
10001101001111111101100000011111111
10001101010111111111101101011111111
10001101010110111001111001011111111
10001101001110111100000110011111111
10001101000010111110010011111111111
10001100111011000000100001111111111
10001100110011000010110000111111111
10001100101011000100111111111111111
10001100100011000111001111111111111
10001100011111001001011111111111111
10001100010111001011110000011111111
10001100010011001110000000111111111
10001100001111010000010001111111111
10001100001011010010100011011111111
10001100000111010100110100111111111
10001100000111010111000110111111111
10001100000011011001011000011111111
10001100000011011011101010011111111
10001011101011011101111100111111111
10001011101011100000001111011111111
10001011101011100010100001111111111
10001011101111100100110100011111111
10001011110011100111000110111111111
10001011110011101001011000111111111
10001011110111101011101010111111111
10001011111111101101111100111111111
10001100000011110000001101111111111
10001100001011110010011110111111111
10001100010011110100101111011111111
10001100010111110110111111011111111
10001100100011111001001110111111111
10001100101011111011011101111111111
10001100110011111101101100011111111
10001100111111111111111001111111111
10001100111110111001101100111111111
10001100110010111011111010011111111
10001100101010111110001000111111111
10001100100011000000010111111111111
10001100010111000010100111011111111
10001100010011000100110111011111111
10001100001011000111000111111111111
10001100000011001001011000111111111
10001011111111001011101001111111111
10001011110111001101111011111111111
10001011110011010000001101011111111
10001011110011010010011111111111111
10001011101111010100110001111111111
10001011101011010111000100011111111
10001011101011011001010111011111111
10001011101011011011101001111111111
10001011001111011101111100111111111
10001011001111100000010000111111111
10001011010011100010100100011111111
10001011010011100100110111011111111
10001011010111100111001010111111111
10001011011011101001011101111111111
10001011011111101011110000011111111
10001011100011101110000010111111111
10001011101011110000010100111111111
10001011101111110010100110111111111
10001011110111110100110111111111111
10001011111111110111001000111111111
10001100000111111001011001011111111
10001100001111111011101000111111111
10001100011011111101110111111111111
10001100100100000000000110011111111
10001100100110111001100000011111111
10001100011010111011101110111111111
10001100001110111101111101111111111
10001100000111000000001101011111111
10001011111111000010011101111111111
10001011110111000100101110011111111
10001011101111000110111111111111111
10001011101011001001010001011111111
10001011100011001011100011111111111
10001011011111001101110110011111111
10001011011011010000001000111111111
10001011010111010010011011111111111
10001011010011010100101110111111111
10001011010011010111000010011111111
10001011001111011001010101111111111
10001011001111011011101001011111111
10001010110111011101111101011111111
10001010110111100000010001111111111
10001010110111100010100110011111111
10001010111011100100111010011111111
10001010111011100111001110011111111
10001010111111101001100010011111111
10001011000011101011110101111111111
10001011001011101110001001011111111
10001011001111110000011100011111111
10001011010111110010101110111111111
10001011011111110101000000111111111
10001011100011110111010010011111111
10001011101111111001100011011111111
10001011110111111011110011111111111
10001011111111111110000011111111111
10001100001000000000010011011111111
10001100001010111001010011011111111
10001011111110111011100010111111111
10001011110110111101110010011111111
10001011101111000000000010111111111
10001011100011000010010100011111111
10001011011111000100100101111111111
10001011010111000110110111111111111
10001011001111001001001010011111111
10001011001011001011011101011111111
10001011000011001101110000111111111
10001010111111010000000100011111111
10001010111011010010010111111111111
10001010111011010100101100011111111
10001010110111010111000000011111111
10001010110111011001010100111111111
10001010110111011011101000111111111
10010000111111011101110111011111111
10010000111111100000000000011111111
10010000111111100010001000111111111
10010001000011100100010000111111111
10010001000111100110011001011111111
10010001000111101000100001011111111
10010001001011101010101001011111111
10010001010011101100110000111111111
10010001010111101110111000011111111
10010001011011110000111111011111111
10010001100011110011000101111111111
10010001101011110101001100011111111
10010001110011110111010010011111111
10010001111011111001010111111111111
10010010000011111011011100111111111
10010010001111111101100001011111111
10010010001110111100000101011111111
10010010000010111110001001111111111
10010001111011000000001110111111111
10010001110011000010010100011111111
10010001101011000100011010011111111
10010001100011000110100000011111111
10010001011011001000100111011111111
10010001010111001010101110011111111
10010001010011001100110101111111111
10010001001011001110111101011111111
10010001000111010001000101011111111
10010001000111010011001101011111111
10010001000011010101010101111111111
10010000111111010111011101111111111
10010000111111011001100110011111111
10010000111111011011101110111111111
10010000100011011101110111111111111
10010000100111100000000001011111111
10010000100111100010001010011111111
10010000100111100100010011011111111
10010000101011100110011100011111111
10010000101111101000100101011111111
10010000110011101010101101111111111
10010000110111101100110110011111111
10010000111011101110111110011111111
10010001000011110001000110011111111
10010001001011110011001101111111111
10010001001111110101010100111111111
10010001010111110111011011011111111
10010001100011111001100001011111111
10010001101011111011100111011111111
10010001110011111101101100011111111
10010001110010111011111010011111111
10010001101010111101111111011111111
10010001100011000000000100111111111
10010001010111000010001011011111111
10010001001111000100010001111111111
10010001001011000110011000111111111
10010001000011001000100000011111111
10010000111011001010101000011111111
10010000110111001100110000011111111
10010000110011001110111000111111111
10010000101111010001000001011111111
10010000101011010011001001111111111
10010000100111010101010010111111111
10010000100111010111011100011111111
10010000100111011001100101011111111
10010000100011011011101110111111111
10010000001011011101111000011111111
10010000001011100000000010011111111
10010000001011100010001100011111111
10010000001111100100010110011111111
10010000010011100110011111111111111
10010000010011101000101001011111111
10010000010111101010110010111111111
10010000011111101100111011111111111
10010000100011101111000100111111111
10010000100111110001001101011111111
10010000101111110011010101011111111
10010000110111110101011100111111111
10010000111111110111100100011111111
10010001000111111001101011011111111
10010001001111111011110001111111111
10010001011011111101110111011111111
10010001011010111011101110111111111
10010001001110111101110100111111111
10010001000110111111111011011111111
10010000111111000010000010011111111
10010000110111000100001001011111111
10010000101111000110010001011111111
10010000100111001000011001011111111
10010000100011001010100001111111111
10010000011111001100101010111111111
10010000010111001110110011111111111
10010000010011010000111101011111111
10010000010011010011000110111111111
10010000001111010101010000011111111
10010000001011010111011010011111111
10010000001011011001100100011111111
10010000001011011011101110011111111
10001111101111011101111000111111111
10001111101111100000000011011111111
10001111110011100010001110011111111
10001111110011100100011000111111111
10001111110111100110100011011111111
10001111111011101000101101011111111
10001111111111101010110111111111111
10010000000011101101000001011111111
10010000000111101111001010111111111
10010000001111110001010100011111111
10010000010111110011011100111111111
10010000011011110101100101011111111
10010000100011110111101101011111111
10010000101111111001110101011111111
10010000110111111011111100011111111
10010000111111111110000010111111111
10010000111110111011100011111111111
10010000110110111101101010011111111
10010000101110111111110001011111111
10010000100011000001111000111111111
10010000011011000100000000111111111
10010000010111000110001001011111111
10010000001111001000010010011111111
10010000000111001010011011111111111
10010000000011001100100101011111111
10001111111111001110101110111111111
10001111111011010000111000111111111
10001111110111010011000011011111111
10001111110011010101001101111111111
10001111110011010111011000011111111
10001111101111011001100011011111111
10001111101111011011101101111111111
10001111010111011101111000111111111
10001111010111100000000100011111111
10001111010111100010001111111111111
10001111011011100100011011011111111
10001111011011100110100110111111111
10001111011111101000110001111111111
10001111100011101010111100011111111
10001111100111101101000110111111111
10001111101111101111010001011111111
10001111110011110001011011011111111
10001111111011110011100100111111111
10010000000011110101101101111111111
10010000001011110111110110111111111
10010000010011111001111111011111111
10010000011011111100000110111111111
10010000100111111110001110011111111
10010000100110111011011000011111111
10010000011010111101011111111111111
10010000010010111111100111011111111
10010000001011000001101111111111111
10010000000011000011111000011111111
10001111111011000110000001111111111
10001111110011001000001011011111111
10001111101111001010010101011111111
10001111100111001100011111011111111
10001111100011001110101010011111111
10001111011111010000110100111111111
10001111011011010010111111111111111
10001111011011010101001011011111111
10001111010111010111010110011111111
10001111010111011001100001111111111
10001111010111011011101101011111111
10001110111011011101111001011111111
10001110111011100000000101111111111
10001110111111100010010001111111111
10001110111111100100011101111111111
10001111000011100110101001111111111
10001111000111101000110101111111111
10001111001011101011000001011111111
10001111001111101101001100111111111
10001111010011101111010111111111111
10001111011011110001100010011111111
10001111100011110011101100111111111
10001111100111110101110110111111111
10001111101111111000000000011111111
10001111111011111010001001011111111
10010000000011111100010001111111111
10010000001111111110011001011111111
10010000001110111011001100111111111
10010000000010111101010100111111111
10001111111010111111011101011111111
10001111101111000001100110011111111
10001111100111000011101111111111111
10001111100011000101111001111111111
10001111011011001000000100011111111
10001111010011001010001110111111111
10001111001111001100011001111111111
10001111001011001110100101011111111
10001111000111010000110000111111111
10001111000011010010111100011111111
10001110111111010101001000011111111
10001110111111010111010100111111111
10001110111011011001100000111111111
10001110111011011011101101011111111
10001110100011011101111001111111111
10001110100011100000000110111111111
10001110100011100010010011111111111
10001110100111100100100000111111111
10001110100111100110101101011111111
10001110101011101000111001111111111
10001110101111101011000110011111111
10001110110011101101010010011111111
10001110111011101111011110011111111
10001110111111110001101001111111111
10001111000111110011110100111111111
10001111001111110101111111011111111
10001111010111111000001001111111111
10001111011111111010010011011111111
10001111101011111100011100011111111
10001111110011111110100101011111111
10001111110010111011000001011111111
10001111101010111101001001111111111
10001111011110111111010011011111111
10001111010111000001011100111111111
10001111001111000011100111011111111
10001111000111000101110001111111111
10001110111111000111111100111111111
10001110111011001010001000011111111
10001110110011001100010011111111111
10001110101111001110100000011111111
10001110101011010000101100011111111
10001110100111010010111000111111111
10001110100111010101000101111111111
10001110100011010111010010111111111
10001110100011011001011111111111111
10001110100011011011101100111111111
10001110000111011101111010011111111
10001110000111100000000111111111111
10001110001011100010010101111111111
10001110001011100100100011011111111
10001110001111100110110000111111111
10001110010011101000111110011111111
10001110010111101011001011011111111
10001110011011101101011000011111111
10001110011111101111100100111111111
10001110100111110001110000111111111
10001110101111110011111100111111111
10001110110011110110001000011111111
10001110111011111000010011011111111
10001111000111111010011101111111111
10001111001111111100100111011111111
10001111011011111110110000111111111
10001111011010111010110101111111111
10001111001110111100111110111111111
10001111000110111111001000111111111
10001110111011000001010011011111111
10001110110011000011011110011111111
10001110101111000101101001111111111
10001110100111000111110101011111111
10001110011111001010000001111111111
10001110011011001100001110011111111
10001110010111001110011011011111111
10001110010011010000101000011111111
10001110001111010010110101011111111
10001110001011010101000010111111111
10001110001011010111010000111111111
10001110000111011001011110011111111
10001110000111011011101100011111111
