10000111001011011110000001111111111
10000111001011100000011110011111111
10000111001011100010111010111111111
10000111001111100101010110111111111
10000111010011100111110011011111111
10000111010011101010001111011111111
10000111011011101100101010111111111
10000111011111101111000101111111111
10000111100011110001100000111111111
10000111101011110011111011011111111
10000111110011110110010100111111111
10000111111011111000101110011111111
10001000000011111011000110111111111
10001000001111111101011111011111111
10001000010111111111110110011111111
10001000100000000010001100111111111
10001000100010110111011001011111111
10001000010110111001110000011111111
10001000001110111100000111011111111
10001000000010111110011111011111111
10000111111011000000111000011111111
10000111110011000011010001011111111
10000111101011000101101011011111111
10000111100011001000000101111111111
10000111011111001010100000111111111
10000111011011001100111011111111111
10000111010011001111010111011111111
10000111010011010001110011011111111
10000111001111010100001111011111111
10000111001011010110101011111111111
10000111001011011001001000011111111
10000111001011011011100100111111111
10000110101111011110000001111111111
10000110101111100000011111111111111
10000110110011100010111100111111111
10000110110011100101011010011111111
10000110110111100111110111011111111
10000110111011101010010100011111111
10000110111111101100110000111111111
10000111000011101111001101011111111
10000111001011110001101000111111111
10000111010011110100000100011111111
10000111011011110110011110111111111
10000111100011111000111001011111111
10000111101011111011010010111111111
10000111110011111101101011111111111
10000111111100000000000011111111111
10001000001000000010011011011111111
10001000001010110111001011011111111
10000111111110111001100010111111111
10000111110010111011111010111111111
10000111101010111110010011111111111
10000111100011000000101101011111111
10000111011011000011000111011111111
10000111010011000101100010011111111
10000111001011000111111101111111111
10000111000011001010011001011111111
10000110111111001100110101111111111
10000110111011001111010010011111111
10000110110111010001101110111111111
10000110110011010100001100011111111
10000110110011010110101001011111111
10000110101111011001000110111111111
10000110101111011011100100011111111
10000110010011011110000010011111111
10000110010111100000100000111111111
10000110010111100010111111011111111
10000110011011100101011101111111111
10000110011011100111111011111111111
10000110011111101010011001111111111
10000110100111101100110111011111111
10000110101011101111010100011111111
10000110101111110001110001011111111
10000110110111110100001101011111111
10000110111111110110101000111111111
10000111000111111001000100011111111
10000111001111111011011110111111111
10000111011011111101111000011111111
10000111100100000000010001011111111
10000111101100000010101001111111111
10000111101110110110111100111111111
10000111100110111001010100111111111
10000111011010111011101110011111111
10000111001110111110000111111111111
10000111000111000000100010011111111
10000110111111000010111101011111111
10000110110111000101011001011111111
10000110101111000111110101011111111
10000110101011001010010010011111111
10000110100111001100101111011111111
10000110011111001111001100111111111
10000110011011010001101010111111111
10000110011011010100001000111111111
10000110010111010110100110111111111
10000110010111011001000101011111111
10000110010011011011100011111111111
10000101111011011110000010111111111
10000101111011100000100010011111111
10000101111111100011000001111111111
10000101111111100101100001011111111
10000110000011101000000000011111111
10000110000111101010011111011111111
10000110001011101100111101111111111
10000110001111101111011011111111111
10000110010111110001111001011111111
10000110011111110100010110011111111
10000110100111110110110011011111111
10000110101111111001001111011111111
10000110110111111011101010111111111
10000110111111111110000101011111111
10000111001000000000011111011111111
10000111010100000010111000011111111
10000111010110110110101101111111111
10000111001010111001000111011111111
10000110111110111011100001011111111
10000110110110111101111011111111111
10000110101111000000010111011111111
10000110100111000010110011011111111
10000110011111000101001111111111111
10000110010111000111101101011111111
10000110001111001010001010111111111
10000110001011001100101000111111111
10000110000111001111000111011111111
10000110000011010001100110011111111
10000101111111010100000101011111111
10000101111111010110100100111111111
10000101111011011001000011111111111
10000101111011011011100011011111111
10000101011111011110000011011111111
10000101100011100000100011111111111
10000101100011100011000100011111111
10000101100111100101100100111111111
10000101100111101000000100111111111
10000101101011101010100100111111111
10000101101111101101000011111111111
10000101110111101111100011011111111
10000101111011110010000001111111111
10000110000011110100011111111111111
10000110001011110110111101011111111
10000110010011111001011010011111111
10000110011111111011110110111111111
10000110100111111110010010011111111
10000110110000000000101101011111111
10000110111100000011000111011111111
10000110111110110110011111011111111
10000110110010111000111001011111111
10000110100110111011010100011111111
10000110011110111101101111111111111
10000110010011000000001011111111111
10000110001011000010101000111111111
10000110000011000101000110111111111
10000101111011000111100100111111111
10000101110111001010000011011111111
10000101101111001100100010011111111
10000101101011001111000001111111111
10000101100111010001100001111111111
10000101100111010100000001111111111
10000101100011010110100010011111111
10000101100011011001000010011111111
10000101011111011011100010111111111
10000101000111011110000011111111111
10000101000111100000100101011111111
10000101000111100011000110111111111
10000101001011100101101000011111111
10000101001111101000001001011111111
10000101010011101010101010011111111
10000101010111101101001010111111111
10000101011011101111101010111111111
10000101100011110010001010011111111
10000101101011110100101001011111111
10000101110011110111000111111111111
10000101111011111001100101111111111
10000110000011111100000011011111111
10000110001111111110011111111111111
10000110010100000000111011011111111
10000110100000000011010110011111111
10000110100010110110010000011111111
10000110010110111000101011011111111
10000110001110111011000110111111111
10000110000010111101100011011111111
10000101111011000000000000111111111
10000101110011000010011110111111111
10000101101011000100111101011111111
10000101100011000111011100011111111
10000101011011001001111011111111111
10000101010111001100011011111111111
10000101010011001110111100011111111
10000101001111010001011101011111111
10000101001011010011111110011111111
10000101000111010110011111011111111
10000101000111011001000000111111111
10000101000111011011100010011111111
10000100101011011110000100011111111
10000100101011100000100111011111111
10000100101111100011001001011111111
10000100101111100101101011111111111
10000100110011101000001101111111111
10000100110111101010101111111111111
10000100111011101101010001011111111
10000101000011101111110010011111111
10000101000111110010010010111111111
10000101001111110100110010111111111
10000101010111110111010010011111111
10000101011111111001110001011111111
10000101101011111100001111111111111
10000101110011111110101100111111111
10000101111100000001001001111111111
10000110001000000011100101111111111
10000110001010110110000000111111111
10000101111110111000011100111111111
10000101110010111010111001011111111
10000101101010111101010110111111111
10000101011110111111110101011111111
10000101010111000010010011111111111
10000101001111000100110011111111111
10000101000111000111010011111111111
10000101000011001001110100011111111
10000100111011001100010101011111111
10000100110111001110110110111111111
10000100110011010001011000111111111
10000100101111010011111010111111111
10000100101111010110011100111111111
10000100101011011000111111011111111
10000100101011011011100001111111111
10000100010011011110000101011111111
10000100010011100000101000111111111
10000100010011100011001100011111111
10000100010111100101101111011111111
10000100011011101000010010111111111
10000100011111101010110101011111111
10000100100011101101010111111111111
10000100100111101111111001111111111
10000100101111110010011011111111111
10000100110111110100111100111111111
10000100111111110111011101011111111
10000101000111111001111100111111111
10000101001111111100011100011111111
10000101011011111110111010111111111
10000101100000000001011000011111111
10000101101100000011110100111111111
10000101101110110101110001011111111
10000101100010111000001110011111111
10000101011010111010101011111111111
10000101001110111101001010011111111
10000101000110111111101001011111111
10000100111111000010001001011111111
10000100110111000100101001111111111
10000100101111000111001010111111111
10000100100111001001101100011111111
10000100100011001100001110111111111
10000100011111001110110001011111111
10000100011011010001010011111111111
10000100010111010011110110111111111
10000100010011010110011010011111111
10000100010011011000111101111111111
10000100010011011011100001011111111
10001010011011011101111101111111111
10001010011011100000010011011111111
10001010011111100010101000011111111
10001010011111100100111101011111111
10001010100011100111010010011111111
10001010100111101001100111011111111
10001010101011101011111011011111111
10001010101111101110001111111111111
10001010110111110000100011011111111
10001010111011110010110110111111111
10001011000011110101001001111111111
10001011001011110111011100011111111
10001011010011111001101110011111111
10001011011011111011111111011111111
10001011100111111110010000011111111
10001011110000000000100000011111111
10001011110010111001000110011111111
10001011100110111011010110011111111
10001011011010111101100111011111111
10001011010010111111111000011111111
10001011001011000010001010011111111
10001011000011000100011100111111111
10001010111011000110101111111111111
10001010110111001001000011011111111
10001010101111001011010110111111111
10001010101011001101101010111111111
10001010100111001111111111011111111
10001010100011010010010100011111111
10001010011111010100101000111111111
10001010011111010110111110011111111
10001010011011011001010011011111111
10001010011011011011101000111111111
10001001111111011101111110011111111
10001010000011100000010100011111111
10001010000011100010101010111111111
10001010000111100101000000011111111
10001010000111100111010110011111111
10001010001011101001101011111111111
10001010001111101100000001011111111
10001010010111101110010110011111111
10001010011011110000101010111111111
10001010100011110010111110111111111
10001010101011110101010010111111111
10001010110011110111100101111111111
10001010111011111001111000111111111
10001011000011111100001010111111111
10001011001111111110011100011111111
10001011010100000000101101011111111
10001011010110111000111001011111111
10001011001110111011001010011111111
10001011000010111101011011111111111
10001010111010111111101101111111111
10001010110011000010000000011111111
10001010101011000100010011111111111
10001010100011000110100111011111111
10001010011011001000111011111111111
10001010010111001011010000011111111
10001010001111001101100101011111111
10001010001011001111111010111111111
10001010000111010010010000011111111
10001010000111010100100101111111111
10001010000011010110111011111111111
10001010000011011001010001111111111
10001001111111011011101000011111111
10001001100111011101111110111111111
10001001100111100000010101111111111
10001001100111100010101100111111111
10001001101011100101000011111111111
10001001101111100111011010011111111
10001001110011101001110000111111111
10001001110111101100000110111111111
10001001111011101110011100111111111
10001010000011110000110010011111111
10001010000111110011000111011111111
10001010001111110101011011111111111
10001010010111110111101111111111111
10001010011111111010000011011111111
10001010101011111100010110011111111
10001010110011111110101000111111111
10001010111100000000111010011111111
10001010111110111000101100011111111
10001010110010111010111101111111111
10001010101010111101001111111111111
10001010011110111111100010111111111
10001010010111000001110110011111111
10001010001111000100001010111111111
10001010000111000110011111011111111
10001010000011001000110100011111111
10001001111011001011001001111111111
10001001110111001101011111111111111
10001001110011001111110101111111111
10001001101111010010001100011111111
10001001101011010100100010111111111
10001001100111010110111001111111111
10001001100111011001010000111111111
10001001100111011011100111111111111
10001001001011011101111111011111111
10001001001111100000010111011111111
10001001001111100010101110111111111
10001001001111100101000110111111111
10001001010011100111011110011111111
10001001010111101001110101111111111
10001001011011101100001100111111111
10001001100011101110100011011111111
10001001100111110000111001111111111
10001001101111110011001111111111111
10001001110111110101100101011111111
10001001111111110111111010011111111
10001010000111111010001110011111111
10001010001111111100100010011111111
10001010011011111110110101011111111
10001010100000000001000111111111111
10001010100010111000011110111111111
10001010011010111010110001011111111
10001010001110111101000100011111111
10001010000110111111010111111111111
10001001111111000001101100011111111
10001001110111000100000001011111111
10001001101111000110010110111111111
10001001100111001000101100111111111
10001001100011001011000011011111111
10001001011011001101011001111111111
10001001010111001111110000111111111
10001001010011010010001000011111111
10001001001111010100011111111111111
10001001001111010110110111011111111
10001001001111011001001111011111111
10001001001011011011100111011111111
10001000110011011101111111111111111
10001000110011100000011000011111111
10001000110011100010110001011111111
10001000110111100101001001111111111
10001000111011100111100010011111111
10001000111111101001111010111111111
10001001000011101100010010011111111
10001001000111101110101010011111111
10001001001111110001000001011111111
10001001010011110011011000011111111
10001001011011110101101110011111111
10001001100011111000000100011111111
10001001101011111010011001011111111
10001001110111111100101110011111111
10001001111111111111000010011111111
10001010001000000001010101011111111
10001010001010111000010001011111111
10001001111110111010100100011111111
10001001110110111100111000011111111
10001001101010111111001100111111111
10001001100011000001100010011111111
10001001011011000011110111111111111
10001001010011000110001110011111111
10001001001111001000100101011111111
10001001000111001010111100011111111
10001001000011001101010011111111111
10001000111111001111101011111111111
10001000111011010010000100011111111
10001000110111010100011100111111111
10001000110011010110110101011111111
10001000110011011001001101111111111
10001000110011011011100110111111111
10001000010111011110000000011111111
10001000010111100000011001111111111
10001000011011100010110011111111111
10001000011011100101001101011111111
10001000011111100111100110011111111
10001000100011101001111111111111111
10001000100111101100011000011111111
10001000101111101110110000111111111
10001000110011110001001001011111111
10001000111011110011100000111111111
10001001000011110101110111111111111
10001001001011111000001110111111111
10001001010011111010100100111111111
10001001011011111100111010011111111
10001001100111111111001110111111111
10001001110000000001100010111111111
10001001110010111000000011011111111
10001001100110111010010111111111111
10001001011010111100101100011111111
10001001010010111111000001111111111
10001001001011000001010111111111111
10001001000011000011101110011111111
10001000111011000110000101111111111
10001000110011001000011101011111111
10001000101111001010110101011111111
10001000100111001101001101111111111
10001000100011001111100110111111111
10001000011111010001111111111111111
10001000011011010100011001011111111
10001000011011010110110010111111111
10001000010111011001001100111111111
10001000010111011011100110011111111
10000111111111011110000000111111111
10000111111111100000011011011111111
10000111111111100010110101111111111
10001000000011100101010000011111111
10001000000111100111101010111111111
10001000001011101010000100111111111
10001000001111101100011110011111111
10001000010011101110110111111111111
10001000010111110001010000111111111
10001000011111110011101001011111111
10001000100111110110000001011111111
10001000101111111000011001011111111
10001000110111111010101111111111111
10001001000011111101000110011111111
10001001001011111111011011111111111
10001001010100000001110000111111111
10001001010110110111110101111111111
10001001001010111010001010111111111
10001001000010111100100000011111111
10001000110110111110110110011111111
10001000101111000001001101011111111
10001000100111000011100100111111111
10001000011111000101111100111111111
10001000010111001000010101111111111
10001000010011001010101110111111111
10001000001111001101000111111111111
10001000001011001111100001111111111
10001000000111010001111011111111111
10001000000011010100010110011111111
10000111111111010110110000111111111
10000111111111011001001011011111111
10000111111111011011100101111111111
10000111100011011110000001011111111
10000111100011100000011100111111111
10000111100111100010111000011111111
10000111100111100101010011111111111
10000111101011100111101110111111111
10000111101111101010001001111111111
10000111110011101100100100011111111
10000111110111101110111110111111111
10000111111111110001011000111111111
10001000000111110011110010011111111
10001000001111110110001011011111111
10001000010111111000100011111111111
10001000011111111010111011011111111
10001000100111111101010010111111111
10001000110011111111101001011111111
10001000111100000001111110111111111
10001000111110110111100111111111111
10001000110010111001111101011111111
10001000100110111100010011111111111
10001000011110111110101010111111111
10001000010111000001000010111111111
10001000001111000011011011011111111
10001000000111000101110100011111111
10000111111111001000001101111111111
10000111110111001010100111111111111
10000111110011001101000001111111111
10000111101111001111011100111111111
10000111101011010001110111111111111
10000111100111010100010010111111111
10000111100111010110101110011111111
10000111100011011001001001111111111
10000111100011011011100101011111111
