11000111110111110111001111111011101
11000111110111111001101110111011101
11000111111011111100001110011011101
11000111111111111110101101011011101
11001000000100000001001011111011101
11001000001100000011101010011011101
11001000010100000110001000111011101
11001000100000001000100110111011101
11001000100011100011011001011011101
11001000010111100101110111011011101
11001000001111101000010101111011101
11001000000111101010110100011011101
11000111111111101101010010111011101
11000111111011101111110001111011101
11000111110111110010010001011011101
11000111110111110100110000011011101
11000111011111110111001111111011101
11000111011111111001101111111011101
11000111100011111100001111011011101
11000111100111111110101110111011101
11000111101000000001001110011011101
11000111110000000011101101011011101
11000111111100000110001011111011101
11001000000100001000101010011011101
11001000000111100011010101111011101
11000111111111100101110100011011101
11000111110011101000010010111011101
11000111101011101010110001111011101
11000111100111101101010001011011101
11000111100011101111110000111011101
11000111011111110010010000011011101
11000111011111110100110000011011101
11000111000011110111010000011011101
11000111000011111001110000011011101
11000111000111111100010000111011101
11000111001011111110110000111011101
11000111010000000001010000011011101
11000111011000000011101111111011101
11000111100000000110001111011011101
11000111101100001000101101111011101
11000111101111100011010010011011101
11000111100011100101110000111011101
11000111011011101000010000011011101
11000111010011101010101111111011101
11000111001011101101001111011011101
11000111000111101111101111011011101
11000111000011110010001111111011101
11000111000011110100101111111011101
11000110100111110111010000011011101
11000110101011111001110001011011101
11000110101111111100010001111011101
11000110110011111110110010011011101
11000110110100000001010010111011101
11000110111100000011110010111011101
11000111001000000110010010011011101
11000111010000001000110001111011101
11000111010011100011001110011011101
11000111001011100101101101111011101
11000110111111101000001101011011101
11000110110111101010101101011011101
11000110110011101101001101111011101
11000110101111101111101110011011101
11000110101011110010001110111011101
11000110100111110100101111111011101
11000110001111110111010000111011101
11000110001111111001110001111011101
11000110010011111100010011011011101
11000110010111111110110100011011101
11000110011100000001010100111011101
11000110100100000011110101011011101
11000110101100000110010101111011101
11000110111000001000110101011011101
11000110111011100011001010111011101
11000110101111100101101010011011101
11000110100111101000001010111011101
11000110011111101010101011011011101
11000110010111101101001011111011101
11000110010011101111101100111011101
11000110001111110010001110011011101
11000110001111110100101111011011101
11000101110011110111010000111011101
11000101110111111001110010111011101
11000101110111111100010100011011101
11000101111111111110110101111011101
11000110000000000001010111011011101
11000110001000000011111000011011101
11000110010100000110011000111011101
11000110011100001000111001011011101
11000110011111100011000110111011101
11000110010111100101100111011011101
11000110001011101000000111111011101
11000110000011101010101000111011101
11000101111111101101001010011011101
11000101110111101111101011111011101
11000101110111110010001101011011101
11000101110011110100101111011011101
11000101011011110111010001011011101
11000101011011111001110011011011101
11000101011111111100010101111011101
11000101100011111110110111111011101
11000101101000000001011001111011101
11000101110000000011111011011011101
11000101111000000110011100011011101
11000110000100001000111101011011101
11000110000111100011000010111011101
11000101111011100101100011111011101
11000101110011101000000100111011101
11000101101011101010100110011011101
11000101100011101101001000011011101
11000101011111101111101010011011101
11000101011011110010001100111011101
11000101011011110100101110111011101
11000100111111110111010001011011101
11000101000011111001110100011011101
11000101000011111100010110111011101
11000101001011111110111001011011101
11000101001100000001011011111011101
11000101010100000011111101111011101
11000101100000000110011111111011101
11000101101000001001000000111011101
11000101101011100010111111011011101
11000101100011100101100000011011101
11000101010111101000000010011011101
11000101001111101010100100011011101
11000101001011101101000110111011101
11000101000011101111101001011011101
11000101000011110010001011111011101
11000100111111110100101110111011101
11000100100111110111010001111011101
11000100100111111001110101011011101
11000100101011111100011000011011101
11000100101111111110111011011011101
11000100110100000001011110011011101
11000100111100000100000000111011101
11000101000100000110100010111011101
11000101010000001001000100111011101
11000101010011100010111011011011101
11000101000111100101011101011011101
11000100111111100111111111011011101
11000100110111101010100001111011101
11000100101111101101000100111011101
11000100101011101111100111111011101
11000100100111110010001010111011101
11000100100111110100101110011011101
11000100001011110111010001111011101
11000100001011111001110101111011101
11000100001111111100011001111011101
11000100010011111110111101011011101
11000100011000000001100000011011101
11000100100000000100000011111011101
11000100101000000110100110011011101
11000100110100001001001000111011101
11000100110111100010110111011011101
11000100101011100101011001111011101
11000100100011100111111100011011101
11000100011011101010011111111011101
11000100010011101101000010111011101
11000100001111101111100110011011101
11000100001011110010001010011011101
11000100001011110100101110011011101
11000011110011110111010010011011101
11000011110011111001110110111011101
11000011110111111100011010111011101
11000011111011111110111110111011101
11000100000000000001100010111011101
11000100001000000100000110011011101
11000100010000000110101001111011101
11000100011100001001001100111011101
11000100011111100010110011011011101
11000100010011100101010110011011101
11000100001011100111111001111011101
11000100000011101010011101011011101
11000011111011101101000001011011101
11000011110111101111100101011011101
11000011110011110010001001011011101
11000011110011110100101101111011101
11000011010111110111010010011011101
11000011010111111001110111011011101
11000011011011111100011100011011101
11000011011111111111000000111011101
11000011100100000001100101011011101
11000011101100000100001001011011101
11000011110100000110101101011011101
11000100000000001001010000011011101
11000100000011100010101111111011101
11000011110111100101010010111011101
11000011101111100111110110111011101
11000011100111101010011010111011101
11000011011111101100111111011011101
11000011011011101111100011111011101
11000011010111110010001000111011101
11000011010111110100101101111011101
11000010111011110111010010111011101
11000010111111111001111000011011101
11000011000011111100011101111011101
11000011000111111111000010111011101
11000011001000000001100111111011101
11000011010000000100001100011011101
11000011011100000110110000111011101
11000011101000001001010100011011101
11000011101011100010101011111011101
11000011011111100101001111011011101
11000011010011100111110011111011101
11000011001011101010011000011011101
11000011000111101100111101011011101
11000011000011101111100010011011101
11000010111111110010000111111011101
11000010111011110100101101011011101
11000010100011110111010011011011101
11000010100011111001111000111011101
11000010100111111100011110111011101
11000010101011111111000100111011101
11000010110000000001101010011011101
11000010111000000100001111011011101
11000011000000000110110100011011101
11000011001100001001011000011011101
11000011001111100010100111111011101
11000011000011100101001011111011101
11000010111011100111110000111011101
11000010110011101010010101111011101
11000010101011101100111011011011101
11000010100111101111100001011011101
11000010100011110010000111011011101
11000010100011110100101100111011101
11000010000111110111010011011011101
11000010001011111001111001111011101
11000010001111111100100000011011101
11000010010011111111000110011011101
11000010010100000001101100011011101
11000010011100000100010010011011101
11000010101000000110110111011011101
11000010110100001001011100011011101
11000010110111100010100011111011101
11000010101011100101001000111011101
11000010011111100111101101111011101
11000010010111101010010011111011101
11000010010011101100111001111011101
11000010001111101111011111111011101
11000010001011110010000110011011101
11000010000111110100101100111011101
11000001101111110111010011111011101
11000001101111111001111010111011101
11000001110011111100100001111011101
11000001110111111111001000011011101
11000001111100000001101110111011101
11000010000100000100010101011011101
11000010001100000110111011011011101
11000010011000001001100000011011101
11000010011011100010011111111011101
11000010001111100101000101011011101
11000010000111100111101010111011101
11000001111111101010010001011011101
11000001110111101100110111111011101
11000001110011101111011110011011101
11000001101111110010000101011011101
11000001101111110100101100011011101
11001110011011110111001011111011101
11001110011011111001100011111011101
11001110011111111011111011011011101
11001110100011111110010010111011101
11001110101000000000101010011011101
11001110110000000011000001011011101
11001110111000000101010111111011101
11001111000000000111101110011011101
11001111000011100100010001111011101
11001110111011100110101000011011101
11001110110011101000111110111011101
11001110101011101011010101111011101
11001110100011101101101101011011101
11001110011111110000000100111011101
11001110011011110010011100011011101
11001110011011110100110100011011101
11001101111111110111001100011011101
11001110000011111001100100011011101
11001110000111111011111100011011101
11001110001011111110010100011011101
11001110001100000000101100011011101
11001110010100000011000011111011101
11001110011100000101011010111011101
11001110101000000111110001111011101
11001110101011100100001110011011101
11001110011111100110100101011011101
11001110010111101000111100011011101
11001110001111101011010011111011101
11001110001011101101101011111011101
11001110000111110000000011111011101
11001110000011110010011011111011101
11001101111111110100110011111011101
11001101100111110111001100011011101
11001101100111111001100100111011101
11001101101011111011111101011011101
11001101101111111110010101111011101
11001101110100000000101110011011101
11001101111000000011000110011011101
11001110000100000101011101111011101
11001110001100000111110101011011101
11001110001111100100001010111011101
11001110000111100110100010011011101
11001101111011101000111001111011101
11001101110111101011010001111011101
11001101101111101101101010011011101
11001101101011110000000010111011101
11001101100111110010011011011011101
11001101100111110100110011111011101
11001101001011110111001100111011101
11001101001111111001100101111011101
11001101001111111011111110111011101
11001101010111111110010111011011101
11001101011000000000110000011011101
11001101100000000011001000111011101
11001101101000000101100000111011101
11001101110100000111111000111011101
11001101110111100100000111011011101
11001101101011100110011111011011101
11001101100011101000110111011011101
11001101011011101011001111111011101
11001101010111101101101000111011101
11001101001111110000000001011011101
11001101001111110010011010011011101
11001101001011110100110011011011101
11001100110011110111001100111011101
11001100110011111001100110011011101
11001100110111111011111111111011101
11001100111011111110011001011011101
11001100111100000000110010011011101
11001101000100000011001011011011101
11001101010000000101100011111011101
11001101011000000111111100011011101
11001101011011100100000011111011101
11001101010011100110011100011011101
11001101000111101000110100111011101
11001100111111101011001101111011101
11001100111011101101100110111011101
11001100110111110000000000011011101
11001100110011110010011001111011101
11001100110011110100110011011011101
11001100010111110111001101011011101
11001100011011111001100110111011101
11001100011011111100000000111011101
11001100011111111110011010111011101
11001100100100000000110100011011101
11001100101100000011001101111011101
11001100110100000101100110111011101
11001101000000000111111111011011101
11001101000011100100000000111011101
11001100110111100110011001011011101
11001100101111101000110010011011101
11001100100111101011001011111011101
11001100011111101101100101011011101
11001100011011101111111111011011101
11001100011011110010011001011011101
11001100010111110100110010111011101
11001011111111110111001101011011101
11001011111111111001100111111011101
11001100000011111100000010011011101
11001100000111111110011100011011101
11001100001000000000110110011011101
11001100010000000011010000011011101
11001100011100000101101001111011101
11001100100100001000000010111011101
11001100100111100011111101011011101
11001100011111100110010110011011101
11001100010011101000101111111011101
11001100001011101011001001111011101
11001100000111101101100011111011101
11001100000011101111111101111011101
11001011111111110010011000011011101
11001011111111110100110010111011101
11001011100011110111001101011011101
11001011100011111001101000011011101
11001011100111111100000011011011101
11001011101011111110011101111011101
11001011110000000000111000011011101
11001011111000000011010010111011101
11001100000000000101101100111011101
11001100001100001000000110011011101
11001100001111100011111001111011101
11001100000011100110010011011011101
11001011111011101000101101011011101
11001011110011101011000111111011101
11001011101011101101100010011011101
11001011100111101111111100111011101
11001011100011110010010111111011101
11001011100011110100110010111011101
11001011001011110111001101111011101
11001011001011111001101001011011101
11001011001111111100000100011011101
11001011010011111110011111111011101
11001011010100000000111010111011101
11001011011100000011010101011011101
11001011100100000101101111111011101
11001011110000001000001001111011101
11001011110011100011110110011011101
11001011100111100110010000011011101
11001011011111101000101010111011101
11001011010111101011000101011011101
11001011010011101101100000011011101
11001011001111101111111011111011101
11001011001011110010010110111011101
11001011001011110100110010011011101
11001010101111110111001101111011101
11001010101111111001101001111011101
11001010110011111100000101111011101
11001010110111111110100001011011101
11001010111100000000111100111011101
11001011000100000011010111111011101
11001011001100000101110010111011101
11001011011000001000001101011011101
11001011011011100011110010111011101
11001011001111100110001101011011101
11001011000111101000101000011011101
11001010111111101011000011011011101
11001010110111101101011110111011101
11001010110011101111111010011011101
11001010101111110010010110011011101
11001010101111110100110010011011101
11001010010011110111001110011011101
11001010010111111001101010111011101
11001010011011111100000110111011101
11001010011111111110100010111011101
11001010100000000000111110111011101
11001010101000000011011010111011101
11001010110000000101110101111011101
11001010111100001000010000111011101
11001010111111100011101111011011101
11001010110011100110001010011011101
11001010101011101000100101011011101
11001010100011101011000001011011101
11001010011111101101011101011011101
11001010011011101111111001011011101
11001010010111110010010101011011101
11001010010011110100110001111011101
11001001111011110111001110011011101
11001001111011111001101011011011101
11001001111111111100000111111011101
11001010000011111110100100111011101
11001010001000000001000000111011101
11001010010000000011011101011011101
11001010011000000101111000111011101
11001010100100001000010100011011101
11001010100111100011101011111011101
11001010011011100110000111011011101
11001010010011101000100010111011101
11001010001011101010111111011011101
11001010000011101101011011011011101
11001001111111101111111000011011101
11001001111011110010010100111011101
11001001111011110100110001111011101
11001001011111110111001110111011101
11001001100011111001101011111011101
11001001100011111100001001011011101
11001001101011111110100110011011101
11001001101100000001000011011011101
11001001110100000011011111111011101
11001001111100000101111100011011101
11001010001000001000011000011011101
11001010001011100011100111111011101
11001001111111100110000011111011101
11001001110111101000100000011011101
11001001101111101010111100111011101
11001001101011101101011001111011101
11001001100011101111110110111011101
11001001100011110010010100011011101
11001001011111110100110001011011101
11001001000111110111001110111011101
11001001000111111001101100111011101
11001001001011111100001010011011101
11001001001111111110100111111011101
11001001010100000001000101011011101
11001001011100000011100010011011101
11001001100100000101111111011011101
11001001101100001000011011111011101
11001001101111100011100100011011101
11001001100111100110000000111011101
11001001011111101000011101111011101
11001001010111101010111010111011101
11001001001111101101011000011011101
11001001001011101111110101111011101
11001001000111110010010011011011101
11001001000111110100110001011011101
11001000101011110111001111011011101
11001000101111111001101101011011101
11001000101111111100001011111011101
11001000110111111110101001111011101
11001000111000000001000111111011101
11001001000000000011100101011011101
11001001001000000110000010011011101
11001001010100001000011111011011101
11001001010111100011100000111011101
11001001001011100101111101111011101
11001001000011101000011010111011101
11001000111011101010111000011011101
11001000110111101101010110011011101
11001000101111101111110100011011101
11001000101111110010010010111011101
11001000101011110100110000111011101
11001000010011110111001111011011101
11001000010011111001101110011011101
11001000010111111100001100111011101
11001000011011111110101011011011101
11001000100000000001001001111011101
11001000100100000011100111111011101
11001000110000000110000101111011101
11001000111000001000100010111011101
11001000111011100011011101011011101
11001000110011100101111010011011101
11001000100111101000011000011011101
11001000100011101010110110011011101
11001000011011101101010100111011101
11001000010111101111110011011011101
11001000010011110010010001111011101
11001000010011110100110000111011101
