11001011000111110110100110111011101
11001011001011110111110100111011101
11001011001011111001000010011011101
11001011001011111010001111111011101
11001011001011111011011101111011101
11001011001111111100101011011011101
11001011001111111101111000111011101
11001011010011111111000110011011101
11001011010100000000010011111011101
11001011011000000001100001011011101
11001011011100000010101110111011101
11001011100000000011111011111011101
11001011100100000101001001011011101
11001011101000000110010110011011101
11001011101100000111100011011011101
11001011110100001000110000011011101
11001011110111100011001111111011101
11001011101111100100011100111011101
11001011101011100101101001111011101
11001011100111100110110110111011101
11001011100011101000000100011011101
11001011011111101001010001011011101
11001011011011101010011110111011101
11001011010111101011101100011011101
11001011010011101100111001111011101
11001011001111101110000111011011101
11001011001111101111010100111011101
11001011001011110000100010011011101
11001011001011110001110000011011101
11001011001011110010111101111011101
11001011001011110100001011011011101
11001011000111110101011001011011101
11001010101111110110100110111011101
11001010101111110111110100111011101
11001010101111111001000010111011101
11001010110011111010010000111011101
11001010110011111011011110111011101
11001010110011111100101100111011101
11001010110111111101111010011011101
11001010111011111111001000011011101
11001010111000000000010101111011101
11001010111100000001100011111011101
11001011000000000010110001011011101
11001011000100000011111110111011101
11001011001000000101001100011011101
11001011010000000110011001011011101
11001011010100000111100110111011101
11001011011000001000110011111011101
11001011011011100011001100011011101
11001011010111100100011001011011101
11001011010011100101100110111011101
11001011001011100110110011111011101
11001011000111101000000001011011101
11001011000011101001001110111011101
11001010111111101010011100011011101
11001010111011101011101010011011101
11001010111011101100110111111011101
11001010110111101110000101111011101
11001010110011101111010011011011101
11001010110011110000100001011011101
11001010110011110001101111011011101
11001010101111110010111101011011101
11001010101111110100001011011011101
11001010101111110101011001011011101
11001010010011110110100111011011101
11001010010011110111110101011011101
11001010010111111001000011011011101
11001010010111111010010001111011101
11001010010111111011011111111011101
11001010011011111100101101111011101
11001010011011111101111011111011101
11001010011111111111001001111011101
11001010100000000000010111111011101
11001010100100000001100101111011101
11001010101000000010110011111011101
11001010101100000100000001011011101
11001010110000000101001111011011101
11001010110100000110011100111011101
11001010111000000111101010011011101
11001011000000001000110111111011101
11001011000011100011001000011011101
11001010111011100100010101111011101
11001010110111100101100011011011101
11001010110011100110110000111011101
11001010101111100111111110111011101
11001010101011101001001100011011101
11001010100111101010011010011011101
11001010100011101011101000011011101
11001010011111101100110110011011101
11001010011011101110000100011011101
11001010011011101111010010011011101
11001010010111110000100000011011101
11001010010111110001101110011011101
11001010010111110010111100111011101
11001010010011110100001010111011101
11001010010011110101011000111011101
11001001111011110110100111011011101
11001001111011110111110101111011101
11001001111011111001000100011011101
11001001111011111010010010011011101
11001001111111111011100000111011101
11001001111111111100101111011011101
11001010000011111101111101011011101
11001010000011111111001011111011101
11001010000100000000011001111011101
11001010001000000001101000011011101
11001010001100000010110110011011101
11001010010000000100000100011011101
11001010010100000101010010011011101
11001010011100000110011111111011101
11001010100000000111101101111011101
11001010100100001000111011011011101
11001010100111100011000100111011101
11001010100011100100010010011011101
11001010011111100101100000011011101
11001010010111100110101101111011101
11001010010011100111111011111011101
11001010001111101001001001111011101
11001010001011101010010111111011101
11001010000111101011100110011011101
11001010000011101100110100011011101
11001010000011101110000010111011101
11001001111111101111010000111011101
11001001111111110000011111011011101
11001001111011110001101101111011101
11001001111011110010111011111011101
11001001111011110100001010011011101
11001001111011110101011000111011101
11001001011111110110100111011011101
11001001011111110111110101111011101
11001001100011111001000100111011101
11001001100011111010010011011011101
11001001100011111011100001111011101
11001001100111111100110000011011101
11001001100111111101111111011011101
11001001101011111111001101111011101
11001001101100000000011011111011101
11001001110000000001101010011011101
11001001110100000010111000111011101
11001001111000000100000110111011101
11001001111100000101010101011011101
11001010000000000110100011011011101
11001010000100000111110001011011101
11001010001100001000111110111011101
11001010001111100011000001011011101
11001010000111100100001110111011101
11001010000011100101011100111011101
11001001111111100110101010111011101
11001001111011100111111001011011101
11001001110111101001000111011011101
11001001110011101010010101111011101
11001001101111101011100100011011101
11001001101011101100110010011011101
11001001100111101110000000111011101
11001001100111101111001111111011101
11001001100011110000011110011011101
11001001100011110001101100111011101
11001001100011110010111011011011101
11001001011111110100001010011011101
11001001011111110101011000111011101
11001001000111110110100111011011101
11001001000111110111110110011011101
11001001000111111001000101011011101
11001001000111111010010100011011101
11001001001011111011100010111011101
11001001001011111100110001111011101
11001001001111111110000000111011101
11001001001111111111001111011011101
11001001010000000000011101111011101
11001001010100000001101100111011101
11001001011000000010111011011011101
11001001011100000100001001111011101
11001001100000000101011000011011101
11001001100100000110100110011011101
11001001101100000111110100111011101
11001001110000001001000010111011101
11001001110011100010111101011011101
11001001101111100100001011011011101
11001001100111100101011001111011101
11001001100011100110100111111011101
11001001011111100111110110011011101
11001001011011101001000100111011101
11001001010111101010010011011011101
11001001010011101011100010011011101
11001001001111101100110000111011101
11001001001111101101111111011011101
11001001001011101111001110011011101
11001001001011110000011101011011101
11001001000111110001101011111011101
11001001000111110010111010111011101
11001001000111110100001001111011101
11001001000111110101011000111011101
11001000101011110110100111111011101
11001000101011110111110110111011101
11001000101011111001000101111011101
11001000101111111010010100111011101
11001000101111111011100100011011101
11001000110011111100110011011011101
11001000110011111110000010011011101
11001000110111111111010001011011101
11001000111000000000100000011011101
11001000111000000001101110111011101
11001000111100000010111101111011101
11001001000100000100001100011011101
11001001001000000101011011011011101
11001001001100000110101001111011101
11001001010000000111111000011011101
11001001011000001001000110011011101
11001001011011100010111001111011101
11001001010011100100000111111011101
11001001001111100101010110011011101
11001001001011100110100100111011101
11001001000111100111110011111011101
11001000111111101001000010011011101
11001000111011101010010001011011101
11001000111011101011011111111011101
11001000110111101100101110111011101
11001000110011101101111101111011101
11001000110011101111001100111011101
11001000101111110000011011111011101
11001000101111110001101011011011101
11001000101011110010111010011011101
11001000101011110100001001011011101
11001000101011110101011000011011101
11001000010011110110100111111011101
11001000010011110111110111011011101
11001000010011111001000110011011101
11001000010011111010010101111011101
11001000010111111011100101011011101
11001000010111111100110100011011101
11001000011011111110000011111011101
11001000011011111111010010111011101
11001000011100000000100010011011101
11001000100000000001110001011011101
11001000100100000011000000011011101
11001000101000000100001111011011101
11001000101100000101011110011011101
11001000110000000110101100111011101
11001000111000000111111011111011101
11001000111100001001001010011011101
11001000111111100010110101111011101
11001000111011100100000100011011101
11001000110011100101010011011011101
11001000101111100110100001111011101
11001000101011100111110000111011101
11001000100111101000111111111011101
11001000100011101010001110111011101
11001000011111101011011101111011101
11001000011011101100101101011011101
11001000011011101101111100011011101
11001000010111101111001011111011101
11001000010111110000011010111011101
11001000010011110001101010011011101
11001000010011110010111001111011101
11001000010011110100001000111011101
11001000010011110101011000011011101
11001110011011110110100101111011101
11001110011011110111110001111011101
11001110011011111000111101111011101
11001110011011111010001001011011101
11001110011111111011010101011011101
11001110011111111100100001011011101
11001110100011111101101100111011101
11001110100111111110111000111011101
11001110100100000000000100011011101
11001110101000000001001111111011101
11001110101100000010011011011011101
11001110110000000011100110111011101
11001110110100000100110010011011101
11001110111000000101111101111011101
11001111000000000111001000111011101
11001111000100001000010100011011101
11001111000111100011101011111011101
11001111000011100100110111011011101
11001110111011100110000010011011101
11001110110111100111001101111011101
11001110110011101000011001011011101
11001110101111101001100100111011101
11001110101011101010110000011011101
11001110100111101011111011111011101
11001110100111101101000111011011101
11001110100011101110010011011011101
11001110011111101111011110111011101
11001110011111110000101010111011101
11001110011011110001110110111011101
11001110011011110011000010011011101
11001110011011110100001110011011101
11001110011011110101011010011011101
11001101111111110110100110011011101
11001101111111110111110010011011101
11001110000011111000111110011011101
11001110000011111010001010011011101
11001110000011111011010110011011101
11001110000111111100100010011011101
11001110000111111101101110011011101
11001110001011111110111010011011101
11001110001100000000000110011011101
11001110010000000001010001111011101
11001110010000000010011101111011101
11001110010100000011101001011011101
11001110011100000100110101011011101
11001110100000000110000000111011101
11001110100100000111001100011011101
11001110101000001000010111111011101
11001110101011100011101000011011101
11001110100111100100110011111011101
11001110100011100101111111011011101
11001110011111100111001010111011101
11001110010111101000010110111011101
11001110010011101001100010011011101
11001110010011101010101110011011101
11001110001111101011111001111011101
11001110001011101101000101111011101
11001110000111101110010001111011101
11001110000111101111011101111011101
11001110000011110000101001111011101
11001110000011110001110101111011101
11001110000011110011000001111011101
11001101111111110100001101111011101
11001101111111110101011001111011101
11001101100111110110100110011011101
11001101100111110111110010011011101
11001101100111111000111110111011101
11001101100111111010001011011011101
11001101101011111011010111011011101
11001101101011111100100011111011101
11001101101111111101101111111011101
11001101101111111110111011111011101
11001101110000000000001000011011101
11001101110100000001010100011011101
11001101111000000010100000011011101
11001101111100000011101100011011101
11001110000000000100110111111011101
11001110000100000110000011111011101
11001110001100000111001111011011101
11001110010000001000011010111011101
11001110010011100011100101011011101
11001110001111100100110000111011101
11001110000111100101111100011011101
11001110000011100111001000011011101
11001101111111101000010011111011101
11001101111011101001011111111011101
11001101110111101010101011111011101
11001101110011101011110111111011101
11001101101111101101000100011011101
11001101101111101110010000011011101
11001101101011101111011100011011101
11001101101011110000101000111011101
11001101100111110001110100111011101
11001101100111110011000001011011101
11001101100111110100001101111011101
11001101100111110101011001111011101
11001101001011110110100110011011101
11001101001011110111110010111011101
11001101001111111000111111011011101
11001101001111111010001011111011101
11001101001111111011011000011011101
11001101010011111100100100111011101
11001101010011111101110001011011101
11001101010111111110111101111011101
11001101011000000000001010011011101
11001101011000000001010110011011101
11001101011100000010100010111011101
11001101100000000011101110111011101
11001101101000000100111010111011101
11001101101100000110000110111011101
11001101110000000111010010111011101
11001101110100001000011110011011101
11001101110111100011100001111011101
11001101110011100100101101011011101
11001101101111100101111001011011101
11001101101011100111000101011011101
11001101100011101000010001011011101
11001101011111101001011101011011101
11001101011011101010101001111011101
11001101011011101011110101111011101
11001101010111101101000010011011101
11001101010011101110001110111011101
11001101010011101111011011011011101
11001101001111110000100111111011101
11001101001111110001110100011011101
11001101001111110011000000111011101
11001101001011110100001101011011101
11001101001011110101011001111011101
11001100110011110110100110011011101
11001100110011110111110011011011101
11001100110011111000111111111011101
11001100110011111010001100111011101
11001100110111111011011001011011101
11001100110111111100100110011011101
11001100111011111101110010111011101
11001100111011111110111111011011101
11001100111100000000001011111011101
11001101000000000001011000011011101
11001101000100000010100100111011101
11001101001000000011110001011011101
11001101001100000100111101111011101
11001101010000000110001001111011101
11001101011000000111010101111011101
11001101011100001000100010011011101
11001101011111100011011101111011101
11001101011011100100101010011011101
11001101010011100101110110011011101
11001101001111100111000010011011101
11001101001011101000001110111011101
11001101000111101001011011011011101
11001101000011101010100111111011101
11001100111111101011110100011011101
11001100111011101101000000111011101
11001100111011101110001101011011101
11001100110111101111011001111011101
11001100110111110000100110111011101
11001100110011110001110011011011101
11001100110011110011000000011011101
11001100110011110100001100111011101
11001100110011110101011001111011101
11001100010111110110100110111011101
11001100010111110111110011111011101
11001100010111111001000000111011101
11001100011011111010001101011011101
11001100011011111011011010011011101
11001100011111111100100111011011101
11001100011111111101110100011011101
11001100100011111111000001011011101
11001100100100000000001101111011101
11001100100100000001011010111011101
11001100101000000010100111011011101
11001100101100000011110011111011101
11001100110000000101000000011011101
11001100111000000110001100111011101
11001100111100000111011001011011101
11001101000000001000100101111011101
11001101000011100011011010011011101
11001100111111100100100110111011101
11001100111011100101110011011011101
11001100110011100110111111111011101
11001100101111101000001100011011101
11001100101011101001011000111011101
11001100100111101010100101011011101
11001100100111101011110010011011101
11001100100011101100111110111011101
11001100011111101110001011111011101
11001100011111101111011000111011101
11001100011011110000100101111011101
11001100011011110001110010111011101
11001100010111110010111111011011101
11001100010111110100001100011011101
11001100010111110101011001011011101
11001011111111110110100110111011101
11001011111111110111110011111011101
11001011111111111001000001011011101
11001011111111111010001110011011101
11001100000011111011011011011011101
11001100000011111100101000111011101
11001100000111111101110101111011101
11001100000111111111000010111011101
11001100001000000000001111111011101
11001100001100000001011100111011101
11001100010000000010101001111011101
11001100010100000011110110111011101
11001100011000000101000011011011101
11001100011100000110010000011011101
11001100100000000111011100111011101
11001100101000001000101001011011101
11001100101011100011010110111011101
11001100100011100100100011011011101
11001100011111100101101111111011101
11001100011011100110111100111011101
11001100010111101000001001011011101
11001100010011101001010110011011101
11001100001111101010100011011011101
11001100001011101011110000011011101
11001100000111101100111101011011101
11001100000111101110001010011011101
11001100000011101111010111011011101
11001100000011110000100100111011101
11001011111111110001110001111011101
11001011111111110010111110111011101
11001011111111110100001100011011101
11001011111111110101011001011011101
11001011100011110110100110111011101
11001011100011110111110100011011101
11001011100011111001000001111011101
11001011100111111010001111011011101
11001011100111111011011100111011101
11001011100111111100101001111011101
11001011101011111101110111011011101
11001011101111111111000100111011101
11001011101100000000010001111011101
11001011110000000001011111011011101
11001011110100000010101100011011101
11001011111000000011111001011011101
11001011111100000101000110011011101
11001100000100000110010011011011101
11001100001000000111011111111011101
11001100001100001000101100111011101
11001100001111100011010011011011101
11001100001011100100100000011011101
11001100000111100101101100111011101
11001011111111100110111001111011101
11001011111011101000000110111011101
11001011110111101001010011111011101
11001011110011101010100000111011101
11001011101111101011101110011011101
11001011101111101100111011011011101
11001011101011101110001000111011101
11001011100111101111010110011011101
11001011100111110000100011011011101
11001011100111110001110000111011101
11001011100011110010111110011011101
11001011100011110100001011111011101
11001011100011110101011001011011101
