11000100100111110110101000111011101
11000100100111110111111010111011101
11000100100111111001001100011011101
11000100100111111010011101111011101
11000100101011111011101111011011101
11000100101011111101000001011011101
11000100101111111110010010111011101
11000100101111111111100100011011101
11000100110000000000110101011011101
11000100110100000010000110111011101
11000100111000000011011000011011101
11000100111100000100101001011011101
11000101000000000101111010011011101
11000101001000000111001011011011101
11000101001100001000011100011011101
11000101010100001001101101011011101
11000101010111100010010010111011101
11000101001111100011100011111011101
11000101001011100100110100111011101
11000101000011100110000101111011101
11000100111111100111010110111011101
11000100111011101000100111111011101
11000100110111101001111001011011101
11000100110011101011001010111011101
11000100101111101100011011111011101
11000100101111101101101101011011101
11000100101011101110111110111011101
11000100101011110000010000111011101
11000100100111110001100010011011101
11000100100111110010110011111011101
11000100100111110100000101011011101
11000100100111110101010111011011101
11000100001011110110101000111011101
11000100001011110111111010111011101
11000100001011111001001100111011101
11000100001111111010011110111011101
11000100001111111011110000111011101
11000100010011111101000010011011101
11000100010011111110010100011011101
11000100010111111111100101111011101
11000100011000000000110111111011101
11000100011100000010001001011011101
11000100100000000011011010111011101
11000100100100000100101100011011101
11000100101000000101111101111011101
11000100101100000111001110111011101
11000100110000001000100000011011101
11000100111000001001110001011011101
11000100111011100010001110111011101
11000100110011100011011111111011101
11000100101111100100110001011011101
11000100101011100110000010011011101
11000100100111100111010011111011101
11000100100011101000100101011011101
11000100011111101001110110111011101
11000100011011101011001000011011101
11000100010111101100011010011011101
11000100010011101101101011111011101
11000100010011101110111101111011101
11000100001111110000001111011011101
11000100001111110001100001011011101
11000100001011110010110011011011101
11000100001011110100000101011011101
11000100001011110101010111011011101
11000011101111110110101001011011101
11000011110011110111111011011011101
11000011110011111001001101011011101
11000011110011111010011111111011101
11000011110011111011110001111011101
11000011110111111101000011111011101
11000011111011111110010101111011101
11000011111011111111100111111011101
11000011111100000000111001111011101
11000100000000000010001011111011101
11000100000100000011011101111011101
11000100001000000100101111011011101
11000100001100000110000000111011101
11000100010100000111010010011011101
11000100011000001000100011111011101
11000100011100001001110101011011101
11000100011111100010001010111011101
11000100011011100011011100011011101
11000100010111100100101101111011101
11000100001111100101111111011011101
11000100001011100111010000111011101
11000100000111101000100010011011101
11000100000011101001110100011011101
11000011111111101011000110011011101
11000011111011101100011000011011101
11000011111011101101101010011011101
11000011110111101110111100011011101
11000011110011110000001110011011101
11000011110011110001100000011011101
11000011110011110010110010111011101
11000011110011110100000100111011101
11000011101111110101010110111011101
11000011010111110110101001011011101
11000011010111110111111011111011101
11000011010111111001001110011011101
11000011011011111010100000111011101
11000011011011111011110010111011101
11000011011011111101000101011011101
11000011011111111110010111111011101
11000011100011111111101001111011101
11000011100100000000111100011011101
11000011100100000010001110011011101
11000011101000000011100000011011101
11000011110000000100110010011011101
11000011110100000110000100011011101
11000011111000000111010110011011101
11000011111100001000100111111011101
11000100000100001001111001011011101
11000100000111100010000110111011101
11000011111111100011011000011011101
11000011111011100100101010011011101
11000011110111100101111011111011101
11000011110011100111001101111011101
11000011101011101000011111111011101
11000011100111101001110001111011101
11000011100111101011000011111011101
11000011100011101100010110011011101
11000011011111101101101000011011101
11000011011011101110111010111011101
11000011011011110000001101011011101
11000011011011110001011111011011101
11000011010111110010110001111011101
11000011010111110100000100011011101
11000011010111110101010110111011101
11000010111011110110101001011011101
11000010111011110111111100011011101
11000010111111111001001110111011101
11000010111111111010100001111011101
11000010111111111011110100011011101
11000011000011111101000110111011101
11000011000011111110011001011011101
11000011000111111111101011111011101
11000011001000000000111110011011101
11000011001100000010010000111011101
11000011010000000011100011011011101
11000011010100000100110101011011101
11000011011000000110000111111011101
11000011100000000111011001111011101
11000011100100001000101011111011101
11000011101000001001111101011011101
11000011101011100010000010111011101
11000011100111100011010100011011101
11000011100011100100100110011011101
11000011011011100101111000011011101
11000011010111100111001010111011101
11000011010011101000011100111011101
11000011001111101001101111011011101
11000011001011101011000001111011101
11000011000111101100010100011011101
11000011000011101101100110111011101
11000011000011101110111001011011101
11000010111111110000001011111011101
11000010111111110001011110011011101
11000010111111110010110001011011101
11000010111011110100000011111011101
11000010111011110101010110111011101
11000010100011110110101001111011101
11000010100011110111111100111011101
11000010100011111001001111011011101
11000010100011111010100010011011101
11000010100111111011110101011011101
11000010100111111101001000011011101
11000010101011111110011011011011101
11000010101111111111101101111011101
11000010101100000001000000111011101
11000010110000000010010011011011101
11000010110100000011100101111011101
11000010111000000100111000011011101
11000011000000000110001010111011101
11000011000100000111011101011011101
11000011001000001000101111011011101
11000011010000001010000001011011101
11000011010011100001111110111011101
11000011001011100011010000111011101
11000011000111100100100010111011101
11000011000011100101110101011011101
11000010111011100111000111111011101
11000010110111101000011010011011101
11000010110011101001101100111011101
11000010101111101010111111011011101
11000010101111101100010010011011101
11000010101011101101100100111011101
11000010100111101110110111111011101
11000010100111110000001010111011101
11000010100011110001011101111011101
11000010100011110010110000111011101
11000010100011110100000011011011101
11000010100011110101010110011011101
11000010000111110110101001111011101
11000010000111110111111100111011101
11000010001011111001010000011011101
11000010001011111010100011011011101
11000010001011111011110110111011101
11000010001111111101001001111011101
11000010001111111110011100111011101
11000010010011111111101111111011101
11000010010100000001000010111011101
11000010011000000010010101111011101
11000010011100000011101000111011101
11000010100000000100111011111011101
11000010100100000110001110011011101
11000010101000000111100000111011101
11000010110000001000110011011011101
11000010110100001010000101111011101
11000010110111100001111010011011101
11000010110011100011001100111011101
11000010101011100100011111011011101
11000010100111100101110001111011101
11000010100011100111000100011011101
11000010011111101000010111011011101
11000010011011101001101010011011101
11000010010111101010111101011011101
11000010010011101100010000011011101
11000010001111101101100011011011101
11000010001111101110110110011011101
11000010001011110000001001011011101
11000010001011110001011100111011101
11000010001011110010101111111011101
11000010000111110100000011011011101
11000010000111110101010110011011101
11000001101111110110101001111011101
11000001101111110111111101011011101
11000001101111111001010000111011101
11000001101111111010100100011011101
11000001110011111011110111111011101
11000001110011111101001011011011101
11000001110111111110011110111011101
11000001111011111111110001111011101
11000001111000000001000101011011101
11000001111100000010011000011011101
11000010000000000011101011111011101
11000010000100000100111110111011101
11000010001100000110010001111011101
11000010010000000111100100011011101
11000010010100001000110111011011101
11000010011100001010001001111011101
11000010011111100001110110011011101
11000010010111100011001000111011101
11000010010011100100011011111011101
11000010001111100101101110011011101
11000010000111100111000001011011101
11000010000011101000010100011011101
11000001111111101001100111111011101
11000001111011101010111010111011101
11000001111011101100001110011011101
11000001110111101101100001011011101
11000001110011101110110100111011101
11000001110011110000001000011011101
11000001101111110001011011111011101
11000001101111110010101111011011101
11000001101111110100000010111011101
11000001101111110101010110011011101
11000111110111110110100111111011101
11000111110111110111110111011011101
11000111110111111001000111011011101
11000111111011111010010110111011101
11000111111011111011100110011011101
11000111111011111100110101111011101
11000111111111111110000101011011101
11001000000011111111010100111011101
11001000000100000000100100011011101
11001000000100000001110011111011101
11001000001000000011000010111011101
11001000001100000100010010011011101
11001000010100000101100001011011101
11001000011000000110110000011011101
11001000011100000111111111011011101
11001000100100001001001101111011101
11001000100111100010110010011011101
11001000011111100100000000111011101
11001000011011100101001111111011101
11001000010111100110011110111011101
11001000001111100111101101111011101
11001000001011101000111101011011101
11001000000111101010001100011011101
11001000000111101011011011111011101
11001000000011101100101011011011101
11000111111111101101111010111011101
11000111111011101111001010011011101
11000111111011110000011001111011101
11000111111011110001101001011011101
11000111110111110010111000111011101
11000111110111110100001000111011101
11000111110111110101011000011011101
11000111011011110110100111111011101
11000111011111110111110111111011101
11000111011111111001000111111011101
11000111011111111010010111111011101
11000111011111111011100111011011101
11000111100011111100110111011011101
11000111100111111110000110111011101
11000111100111111111010110111011101
11000111101000000000100110011011101
11000111101100000001110101111011101
11000111110000000011000101011011101
11000111110100000100010100111011101
11000111111000000101100100011011101
11000111111100000110110011111011101
11001000000100001000000010111011101
11001000001000001001010001111011101
11001000001011100010101110011011101
11001000000111100011111101011011101
11000111111111100101001100011011101
11000111111011100110011011111011101
11000111110111100111101011011011101
11000111110011101000111010111011101
11000111101111101010001010011011101
11000111101011101011011001111011101
11000111100111101100101001011011101
11000111100111101101111001011011101
11000111100011101111001000111011101
11000111011111110000011000111011101
11000111011111110001101000011011101
11000111011111110010111000011011101
11000111011111110100001000011011101
11000111011011110101011000011011101
11000111000011110110101000011011101
11000111000011110111111000011011101
11000111000011111001001000011011101
11000111000111111010011000011011101
11000111000111111011101000111011101
11000111000111111100111000111011101
11000111001011111110001000111011101
11000111001111111111011000111011101
11000111001100000000101000011011101
11000111010000000001111000011011101
11000111010100000011001000011011101
11000111011000000100010111111011101
11000111100000000101100111011011101
11000111100100000110110110111011101
11000111101000001000000110011011101
11000111110000001001010101111011101
11000111110011100010101010011011101
11000111101011100011111001111011101
11000111100111100101001001011011101
11000111100011100110011000111011101
11000111011011100111101000011011101
11000111010111101000110111111011101
11000111010011101010000111111011101
11000111001111101011010111111011101
11000111001111101100100111011011101
11000111001011101101110111011011101
11000111000111101111000111011011101
11000111000111110000010111011011101
11000111000111110001100111111011101
11000111000011110010110111111011101
11000111000011110100000111111011101
11000111000011110101010111111011101
11000110100111110110101000011011101
11000110100111110111111000111011101
11000110101011111001001000111011101
11000110101011111010011001011011101
11000110101011111011101001111011101
11000110101111111100111001111011101
11000110101111111110001010011011101
11000110110011111111011010011011101
11000110110100000000101010111011101
11000110111000000001111010111011101
11000110111100000011001010111011101
11000111000000000100011010111011101
11000111000100000101101010111011101
11000111001000000110111010011011101
11000111010000001000001001111011101
11000111010100001001011001011011101
11000111010111100010100110111011101
11000111010011100011110110011011101
11000111001011100101000101111011101
11000111000111100110010101011011101
11000111000011100111100101011011101
11000110111111101000110101011011101
11000110111011101010000101011011101
11000110110111101011010101011011101
11000110110011101100100101111011101
11000110101111101101110101111011101
11000110101111101111000110011011101
11000110101011110000010110011011101
11000110101011110001100110111011101
11000110101011110010110111011011101
11000110100111110100000111011011101
11000110100111110101010111111011101
11000110001111110110101000011011101
11000110001111110111111000111011101
11000110001111111001001001111011101
11000110001111111010011010011011101
11000110010011111011101010111011101
11000110010011111100111011011011101
11000110010111111110001011111011101
11000110011011111111011100011011101
11000110011000000000101100111011101
11000110011100000001111101011011101
11000110100000000011001101011011101
11000110100100000100011101111011101
11000110101000000101101101111011101
11000110110000000110111101111011101
11000110110100001000001101111011101
11000110111100001001011101011011101
11000110111111100010100010111011101
11000110110111100011110010011011101
11000110110011100101000010011011101
11000110101011100110010010011011101
11000110100111100111100010011011101
11000110100011101000110010111011101
11000110011111101010000010111011101
11000110011011101011010011011011101
11000110011011101100100011111011101
11000110010111101101110100011011101
11000110010011101111000100111011101
11000110010011110000010101011011101
11000110001111110001100101111011101
11000110001111110010110110011011101
11000110001111110100000111011011101
11000110001111110101010111111011101
11000101110011110110101000011011101
11000101110011110111111001011011101
11000101110111111001001010011011101
11000101110111111010011011011011101
11000101110111111011101011111011101
11000101111011111100111100111011101
11000101111011111110001101111011101
11000101111111111111011110011011101
11000110000000000000101110111011101
11000110000100000001111111011011101
11000110001000000011010000011011101
11000110001100000100100000011011101
11000110010000000101110000111011101
11000110010100000111000001011011101
11000110011100001000010001011011101
11000110100000001001100001011011101
11000110100011100010011110111011101
11000110011111100011101110111011101
11000110010111100100111110111011101
11000110010011100110001111011011101
11000110001111100111011111111011101
11000110001011101000101111111011101
11000110000111101010000000111011101
11000110000011101011010001011011101
11000101111111101100100001111011101
11000101111011101101110010011011101
11000101111011101111000011011011101
11000101110111110000010100011011101
11000101110111110001100100111011101
11000101110111110010110101111011101
11000101110011110100000110111011101
11000101110011110101010111111011101
11000101011011110110101000111011101
11000101011011110111111001111011101
11000101011011111001001010111011101
11000101011011111010011100011011101
11000101011111111011101101011011101
11000101011111111100111110011011101
11000101100011111110001111011011101
11000101100011111111100000011011101
11000101100100000000110001011011101
11000101101000000010000001111011101
11000101101100000011010010111011101
11000101110000000100100011011011101
11000101110100000101110011111011101
11000101111100000111000100111011101
11000110000000001000010100111011101
11000110001000001001100101011011101
11000110001011100010011010111011101
11000110000011100011101011011011101
11000101111111100100111011011011101
11000101110111100110001100011011101
11000101110011100111011100111011101
11000101101111101000101101011011101
11000101101011101001111110011011101
11000101100111101011001110111011101
11000101100011101100011111111011101
11000101100011101101110000111011101
11000101011111101111000001111011101
11000101011111110000010010111011101
11000101011011110001100011111011101
11000101011011110010110101011011101
11000101011011110100000110011011101
11000101011011110101010111011011101
11000100111111110110101000111011101
11000100111111110111111010011011101
11000100111111111001001011111011101
11000101000011111010011100111011101
11000101000011111011101110011011101
11000101000111111100111111111011101
11000101000111111110010000111011101
11000101001011111111100010011011101
11000101001100000000110011011011101
11000101010000000010000100011011101
11000101010100000011010101011011101
11000101011000000100100110011011101
11000101011100000101110111011011101
11000101100000000111000111111011101
11000101101000001000011000111011101
11000101101100001001101001011011101
11000101101111100010010110111011101
11000101101011100011100111011011101
11000101100011100100111000011011101
11000101011111100110001000111011101
11000101011011100111011001111011101
11000101010111101000101010111011101
11000101010011101001111011111011101
11000101001111101011001100111011101
11000101001011101100011101111011101
11000101000111101101101111011011101
11000101000111101111000000011011101
11000101000011110000010001111011101
11000101000011110001100011011011101
11000100111111110010110100011011101
11000100111111110100000101111011101
11000100111111110101010111011011101
