10110001010011111111001101111111111
10110001010100000010001101111111111
10110001011000000101001110011111111
10110001011100001000001101111111111
10110001100100001011001101011111111
10110001101100001110001100011111111
10110001111000010001001010011111111
10110010000100010100001000011111111
10110010000111100111010011011111111
10110001111011101010010000111111111
10110001101111101101001111011111111
10110001100111110000001110011111111
10110001011111110011001101111111111
10110001011011110110001101011111111
10110001010111111001001101011111111
10110001010011111100001101111111111
10110000111011111111001110011111111
10110000111000000010001111011111111
10110000111100000101001111111111111
10110001000000001000010000011111111
10110001001000001011010000011111111
10110001010100001110010000011111111
10110001011100010001001111011111111
10110001101100010100001101111111111
10110001101111100111001101111111111
10110001011111101010001100011111111
10110001010111101101001011011111111
10110001001011110000001011011111111
10110001000011110011001011011111111
10110000111111110110001011111111111
10110000111011111001001100011111111
10110000111011111100001101011111111
10110000011111111111001110111111111
10110000011100000010010000011111111
10110000100000000101010001111111111
10110000101000001000010010111111111
10110000110000001011010011111111111
10110000111000001110010100011111111
10110001000100010001010011111111111
10110001010000010100010010111111111
10110001010011100111001000011111111
10110001000111101010000111111111111
10110000111011101101000111011111111
10110000110011110000000111111111111
10110000101011110011001000111111111
10110000100011110110001001111111111
10110000011111111001001011011111111
10110000011111111100001100111111111
10110000000011111111001110111111111
10110000000100000010010001011111111
10110000001000000101010011011111111
10110000001100001000010101011111111
10110000010100001011010110111111111
10110000100000001110011000011111111
10110000101000010001011000111111111
10110000111000010100011000011111111
10110000111011100111000011011111111
10110000101011101010000010111111111
10110000100011101101000011011111111
10110000010111110000000100011111111
10110000001111110011000110011111111
10110000001011110110000111111111111
10110000000111111001001010011111111
10110000000011111100001100111111111
10101111101011111111001111011111111
10101111101000000010010010011111111
10101111101100000101010101011111111
10101111110100001000010111111111111
10101111111100001011011010011111111
10110000000100001110011100011111111
10110000010000010001011101011111111
10110000011100010100011101111111111
10110000011111100110111101111111111
10110000010011101001111110011111111
10110000000111101100111111011111111
10101111111111110000000001011111111
10101111110111110011000011011111111
10101111101111110110000110011111111
10101111101011111001001001011111111
10101111101011111100001100011111111
10101111001111111111001111111111111
10101111010000000010010011111111111
10101111010100000101010111011111111
10101111011000001000011010111111111
10101111100000001011011101111111111
10101111101000001110100000011111111
10101111110100010001100010011111111
10110000000100010100100011011111111
10110000000111100110111000011111111
10101111110111101001111001011111111
10101111101011101100111011011111111
10101111100011101111111101111111111
10101111011011110011000000111111111
10101111010111110110000100011111111
10101111010011111001000111111111111
10101111001111111100001011111111111
10101110110111111111010000011111111
10101110110100000010010100111111111
10101110111000000101011001011111111
10101111000000001000011101011111111
10101111001000001011100000111111111
10101111010000001110100100011111111
10101111011100010001100110111111111
10101111101000010100101000111111111
10101111101011100110110010011111111
10101111011111101001110100011111111
10101111010011101100110111011111111
10101111001011101111111010011111111
10101111000011110010111110011111111
10101110111011110110000010011111111
10101110110111111001000110111111111
10101110110111111100001011011111111
10101110011011111111010000011111111
10101110011100000010010101111111111
10101110100000000101011010111111111
10101110100100001000011111111111111
10101110101100001011100100011111111
10101110110100001110101000011111111
10101111000000010001101011111111111
10101111010000010100101110111111111
10101111010011100110101100111111111
10101111000011101001101111111111111
10101110110111101100110011011111111
10101110101111101111110111011111111
10101110100111110010111011111111111
10101110100011110110000000011111111
10101110011111111001000101111111111
10101110011011111100001011011111111
10101110000011111111010000111111111
10101110000000000010010110111111111
10101110000100000101011100111111111
10101110001100001000100010111111111
10101110010000001011100111111111111
10101110011100001110101100111111111
10101110101000010001110000111111111
10101110110100010100110100011111111
10101110110111100110100111011111111
10101110101011101001101010111111111
10101110011111101100101110111111111
10101110010011101111110011111111111
10101110001111110010111000111111111
10101110000111110101111110111111111
10101110000011111001000100111111111
10101110000011111100001010111111111
10101101100111111111010001011111111
10101101101000000010011000011111111
10101101101100000101011110111111111
10101101110000001000100101011111111
10101101111000001011101011011111111
10101110000000001110110000111111111
10101110001100010001110101111111111
10101110011100010100111001111111111
10101110011111100110100001111111111
10101110001111101001100101111111111
10101110000011101100101010111111111
10101101111011101111110000011111111
10101101110011110010110110011111111
10101101101111110101111100111111111
10101101101011111001000011011111111
10101101100111111100001010011111111
10101101001111111111010001111111111
10101101001100000010011001011111111
10101101010000000101100000111111111
10101101010100001000100111111111111
10101101011100001011101110111111111
10101101101000001110110101011111111
10101101110100010001111010111111111
10101110000000010100111111111111111
10101110000011100110011011111111111
10101101110111101001100000111111111
10101101101011101100100110011111111
10101101011111101111101100111111111
10101101010111110010110011011111111
10101101010011110101111010111111111
10101101001111111001000010011111111
10101101001111111100001001111111111
10101100110011111111010001111111111
10101100110000000010011010011111111
10101100110100000101100010111111111
10101100111100001000101010111111111
10101101000100001011110010011111111
10101101001100001110111001011111111
10101101011000010001111111111111111
10101101101000010101000101011111111
10101101101011100110010110011111111
10101101011011101001011011111111111
10101101001111101100100010011111111
10101101000111101111101001011111111
10101100111111110010110000111111111
10101100110111110101111000111111111
10101100110011111001000001011111111
10101100110011111100001001011111111
10101100010111111111010010011111111
10101100011000000010011011111111111
10101100011100000101100100111111111
10101100100000001000101101011111111
10101100101000001011110101111111111
10101100110100001110111101111111111
10101101000000010010000100111111111
10101101001100010101001011011111111
10101101001111100110010000011111111
10101101000011101001010110111111111
10101100110111101100011101111111111
10101100101011101111100101111111111
10101100100011110010101110011111111
10101100011111110101110110111111111
10101100011011111000111111111111111
10101100010111111100001001011111111
10101011111111111111010010111111111
10101011111100000010011100111111111
10101100000000000101100110111111111
10101100001000001000110000011111111
10101100010000001011111001011111111
10101100011000001111000001111111111
10101100100100010010001001111111111
10101100110100010101010001011111111
10101100110111100110001010011111111
10101100100111101001010001111111111
10101100011011101100011001111111111
10101100010011101111100010011111111
10101100001011110010101011011111111
10101100000011110101110100111111111
10101011111111111000111110111111111
10101011111111111100001000111111111
10101011100011111111010011011111111
10101011100100000010011101111111111
10101011101000000101101000111111111
10101011101100001000110010111111111
10101011110100001011111100111111111
10101100000000001111000110011111111
10101100001100010010001110111111111
10101100011000010101010110111111111
10101100011011100110000100011111111
10101100001111101001001100011111111
10101100000011101100010101011111111
10101011110111101111011110111111111
10101011101111110010101000011111111
10101011101011110101110010111111111
10101011100111111000111101011111111
10101011100011111100001000011111111
10101011001011111111010011111111111
10101011001000000010011111011111111
10101011001100000101101010111111111
10101011010100001000110101111111111
10101011011100001100000000111111111
10101011100100001111001010111111111
10101011110000010010010100011111111
10101100000000010101011100111111111
10101100000011100101111110111111111
10101011110011101001000111011111111
10101011100111101100010000111111111
10101011011111101111011010111111111
10101011010111110010100101111111111
10101011001111110101110000111111111
10101011001011111000111100011111111
10101011001011111100000111111111111
10110111110111111111001000011101111
10110111110100000001111101111101111
10110111111000000100110010111101111
10111000000000000111100111111101111
10111000000100001010011100011101111
10111000010000001101010000111101111
10111000011000010000000100011101111
10111000100100010010110111111101111
10111000100111101000100011111101111
10111000011011101011010110111101111
10111000010011101110001010111101111
10111000000111110000111111011101111
10111000000011110011110011111101111
10110111111011110110101000111101111
10110111110111111001011101111101111
10110111110111111100010011011101111
10110111011011111111001000111101111
10110111011100000001111110111101111
10110111100000000100110100011101111
10110111100100000111101010011101111
10110111101100001010011111011101111
10110111110100001101010100011101111
10111000000000010000001000111101111
10111000001100010010111100011101111
10111000001111101000011110111101111
10111000000011101011010010111101111
10110111110111101110000111011101111
10110111101111110000111100011101111
10110111100111110011110001011101111
10110111100011110110100110111101111
10110111011111111001011100111101111
10110111011011111100010010111101111
10110111000011111111001001011111111
10110111000000000001111111111101111
10110111000100000100110110011101111
10110111001100000111101100011101111
10110111010000001010100010011101111
10110111011100001101010111111101111
10110111100100010000001100111101111
10110111110000010011000001011101111
10110111110011101000011010011101111
10110111100111101011001110111101111
10110111011111101110000011111101111
10110111010011110000111001011101111
10110111001111110011101111011101111
10110111000111110110100101011101111
10110111000011111001011011111101111
10110111000011111100010010011111111
10110110100111111111001001011111111
10110110101000000010000000111111111
10110110101100000100110111111111111
10110110110000000111101110111111111
10110110111000001010100101011111111
10110111000000001101011011011101111
10110111001100010000010000111101111
10110111011000010011000110011101111
10110111011011101000010101011101111
10110111001111101011001010011101111
10110111000011101110000000011101111
10110110111011110000110110011111111
10110110110011110011101100111111111
10110110101111110110100011111111111
10110110101011111001011010111111111
10110110100111111100010010011111111
10110110001111111111001001111111111
10110110001100000010000001111111111
10110110010000000100111001011111111
10110110010100000111110000111111111
10110110011100001010101000011111111
10110110100100001101011110111111111
10110110110000010000010101011111111
10110110111100010011001010111111111
10110110111111101000010000011111111
10110110110011101011000110011111111
10110110100111101101111100111111111
10110110011111110000110011011111111
10110110010111110011101010111111111
10110110010011110110100010011111111
10110110001111111001011001111111111
10110110001111111100010001111111111
10110101110011111111001010011111111
10110101110100000010000010111111111
10110101111000000100111010111111111
10110101111100000111110011011111111
10110110000100001010101011011111111
10110110001100001101100010011111111
10110110011000010000011001011111111
10110110100100010011001111111111111
10110110100111101000001011111111111
10110110011011101011000001111111111
10110110001111101101111000111111111
10110110000111110000110000011111111
10110101111111110011101000011111111
10110101111011110110100000011111111
10110101110111111001011000111111111
10110101110011111100010001011111111
10110101011011111111001010011111111
10110101011000000010000011111111111
10110101011100000100111100111111111
10110101100000000111110101011111111
10110101101000001010101110011111111
10110101110000001101100110011111111
10110101111100010000011101111111111
10110110001000010011010100111111111
10110110001011101000000110111111111
10110101111111101010111101111111111
10110101110011101101110101011111111
10110101101011110000101101011111111
10110101100011110011100101111111111
10110101011111110110011110111111111
10110101011011111001010111111111111
10110101011011111100010001011111111
10110100111111111111001010111111111
10110101000000000010000100111111111
10110101000000000100111110011111111
10110101001000000111110111111111111
10110101010000001010110001011111111
10110101011000001101101001111111111
10110101100100010000100010011111111
10110101110000010011011001111111111
10110101110011101000000001111111111
10110101100111101010111001011111111
10110101011011101101110001111111111
10110101010011110000101010011111111
10110101001011110011100011111111111
10110101000011110110011101011111111
10110101000011111001010110111111111
10110100111111111100010000111111111
10110100100111111111001011011111111
10110100100100000010000101111111111
10110100101000000101000000011111111
10110100101100000111111010011111111
10110100110100001010110100011111111
10110100111100001101101101111111111
10110101001000010000100110011111111
10110101010100010011011110111111111
10110101010111100111111100111111111
10110101001011101010110100111111111
10110100111111101101101101111111111
10110100110111110000100111011111111
10110100101111110011100001011111111
10110100101011110110011011011111111
10110100100111111001010101111111111
10110100100111111100010000011111111
10110100001011111111001011011111111
10110100001000000010000110111111111
10110100001100000101000001111111111
10110100010100000111111100111111111
10110100011100001010110111011111111
10110100100100001101110001011111111
10110100110000010000101010111111111
10110100111100010011100011111111111
10110100111111100111110111111111111
10110100110011101010110000111111111
10110100100111101101101010011111111
10110100011111110000100100011111111
10110100010111110011011110111111111
10110100001111110110011001111111111
10110100001011111001010100111111111
10110100001011111100010000011111111
10110011101111111111001011111111111
10110011110000000010000111111111111
10110011110100000101000011011111111
10110011111000000111111110111111111
10110100000000001010111010011111111
10110100001000001101110100111111111
10110100010100010000101111011111111
10110100100000010011101000111111111
10110100100011100111110010111111111
10110100010111101010101100011111111
10110100001011101101100110011111111
10110100000011110000100001011111111
10110011111011110011011100011111111
10110011110111110110010111111111111
10110011110011111001010011111111111
10110011101111111100001111111111111
10110011010111111111001100011111111
10110011010100000010001000111111111
10110011011000000101000101011111111
10110011100000001000000001011111111
10110011100100001010111101011111111
10110011110000001101111000111111111
10110011111100010000110011111111111
10110100001000010011101110011111111
10110100001011100111101101011111111
10110011111111101010100111111111111
10110011110011101101100010111111111
10110011100111110000011110011111111
10110011100011110011011010011111111
10110011011011110110010110011111111
10110011010111111001010010111111111
10110011010111111100001111011111111
10110010111011111111001100011111111
10110010111100000010001001111111111
10110011000000000101000110111111111
10110011000100001000000011111111111
10110011001100001011000000011111111
10110011010100001101111100111111111
10110011100000010000111000011111111
10110011101100010011110011011111111
10110011101111100111101000011111111
10110011100011101010100011011111111
10110011010111101101011110111111111
10110011001111110000011010111111111
10110011000111110011010111111111111
10110011000011110110010100111111111
10110010111111111001010001111111111
10110010111011111100001111011111111
10110010100011111111001100111111111
10110010100000000010001010111111111
10110010100100000101001000111111111
10110010101100001000000110011111111
10110010110000001011000011111111111
10110010111100001110000000011111111
10110011000100010000111100111111111
10110011010100010011111000011111111
10110011010111100111100011011111111
10110011000111101010011110111111111
10110010111111101101011010111111111
10110010110011110000010111111111111
10110010101111110011010101011111111
10110010100111110110010010111111111
10110010100011111001010000111111111
10110010100011111100001110111111111
10110010000111111111001101011111111
10110010001000000010001011111111111
10110010001100000101001010011111111
10110010010000001000001000111111111
10110010011000001011000110111111111
10110010100000001110000100011111111
10110010101100010001000001011111111
10110010111000010011111101111111111
10110010111011100111011101111111111
10110010101111101010011010011111111
10110010100011101101010111011111111
10110010011011110000010100111111111
10110010010011110011010010111111111
10110010001111110110010000111111111
10110010001011111001001111111111111
10110010000111111100001110011111111
10110001101111111111001101011111111
10110001101100000010001100111111111
10110001110000000101001100011111111
10110001110100001000001011011111111
10110001111100001011001001111111111
10110010001000001110001000011111111
10110010010000010001000101111111111
10110010100000010100000010111111111
10110010100011100111011000111111111
10110010010011101010010101111111111
10110010001011101101010011011111111
10110001111111110000010001011111111
10110001110111110011010000011111111
10110001110011110110001111011111111
10110001101111111001001110111111111
10110001101111111100001101111111111
