10101110000011111110011111011111111
10101110000000000000000010011111111
10101110000000000001100101011111111
10101110000000000011001000011111111
10101110000100000100101011011111111
10101110000100000110001110011111111
10101110001000000111110001011111111
10101110001100001001010011111111111
10101110010000001010110110111111111
10101110010100001100011001011111111
10101110011000001101111011011111111
10101110100000001111011101111111111
10101110100100010000111111111111111
10101110101100010010100001111111111
10101110110000010100000011011111111
10101110111000010101100100111111111
10101110111011100101110110111111111
10101110110011100111011000011111111
10101110101111101000111001111111111
10101110100111101010011011111111111
10101110100011101011111101111111111
10101110011011101101011111111111111
10101110010111101111000010011111111
10101110010011110000100100111111111
10101110001111110010000111111111111
10101110001011110011101010011111111
10101110000111110101001101011111111
10101110000111110110110000011111111
10101110000011111000010010111111111
10101110000011111001110110011111111
10101110000011111011011001011111111
10101110000011111100111100011111111
10101101100111111110011111011111111
10101101100100000000000010111111111
10101101100100000001100110011111111
10101101101000000011001001111111111
10101101101000000100101101011111111
10101101101100000110010000011111111
10101101110000000111110011111111111
10101101110000001001010110111111111
10101101110100001010111001111111111
10101101111100001100011100111111111
10101110000000001101111111011111111
10101110000100001111100010011111111
10101110001000010001000100111111111
10101110010000010010100110111111111
10101110011000010100001000111111111
10101110100000010101101010111111111
10101110100011100101110000111111111
10101110011011100111010010111111111
10101110010011101000110100111111111
10101110001011101010010110111111111
10101110000111101011111001011111111
10101110000011101101011011111111111
10101101111111101110111110111111111
10101101110111110000100001111111111
10101101110011110010000100111111111
10101101110011110011100111111111111
10101101101111110101001010111111111
10101101101011110110101110011111111
10101101101011111000010001111111111
10101101100111111001110101011111111
10101101100111111011011000111111111
10101101100111111100111011111111111
10101101001011111110011111111111111
10101101001100000000000011011111111
10101101001100000001100111011111111
10101101001100000011001011011111111
10101101010000000100101110111111111
10101101010000000110010010111111111
10101101010100000111110110011111111
10101101011000001001011001111111111
10101101011100001010111101011111111
10101101100000001100100000011111111
10101101100100001110000011011111111
10101101101100001111100110011111111
10101101110000010001001001011111111
10101101111000010010101011111111111
10101101111100010100001110011111111
10101110000100010101110000111111111
10101110000111100101101010111111111
10101101111111100111001100111111111
10101101111011101000101111011111111
10101101110011101010010010011111111
10101101101111101011110100111111111
10101101100111101101010111111111111
10101101100011101110111011011111111
10101101011111110000011110011111111
10101101011011110010000001111111111
10101101010111110011100101011111111
10101101010011110101001000111111111
10101101010011110110101100111111111
10101101001111111000010000011111111
10101101001111111001110100011111111
10101101001111111011010111111111111
10101101001011111100111011111111111
10101100110011111110011111111111111
10101100110000000000000100011111111
10101100110000000001101000011111111
10101100110100000011001100011111111
10101100110100000100110000111111111
10101100111000000110010100111111111
10101100111100000111111000111111111
10101100111100001001011100111111111
10101101000000001011000000011111111
10101101000100001100100100011111111
10101101001100001110000111111111111
10101101010000001111101010111111111
10101101010100010001001110011111111
10101101011100010010110001011111111
10101101100100010100010100011111111
10101101101100010101110110111111111
10101101101111100101100100111111111
10101101100111100111000111011111111
10101101011111101000101010011111111
10101101010111101010001101011111111
10101101010011101011110000011111111
10101101001111101101010011111111111
10101101000111101110110111011111111
10101101000011110000011011011111111
10101100111111110001111110111111111
10101100111111110011100010111111111
10101100111011110101000110111111111
10101100110111110110101010111111111
10101100110111111000001110111111111
10101100110011111001110011011111111
10101100110011111011010111011111111
10101100110011111100111011111111111
10101100010111111110100000011111111
10101100011000000000000100111111111
10101100011000000001101001011111111
10101100011000000011001101111111111
10101100011100000100110010011111111
10101100011100000110010110111111111
10101100100000000111111011011111111
10101100100100001001011111111111111
10101100101000001011000011111111111
10101100101100001100100111111111111
10101100110000001110001011111111111
10101100110100001111101111011111111
10101100111100010001010011011111111
10101101000100010010110110011111111
10101101001000010100011001111111111
10101101010000010101111100111111111
10101101010011100101011110111111111
10101101001011100111000001111111111
10101101000111101000100100111111111
10101100111111101010001000011111111
10101100110111101011101011111111111
10101100110011101101001111111111111
10101100101111101110110011111111111
10101100101011110000010111111111111
10101100100111110001111011111111111
10101100100011110011100000011111111
10101100011111110101000100111111111
10101100011111110110101001011111111
10101100011011111000001101111111111
10101100011011111001110010011111111
10101100011011111011010110111111111
10101100010111111100111011011111111
10101011111111111110100000011111111
10101011111100000000000101011111111
10101011111100000001101010011111111
10101100000000000011001111011111111
10101100000000000100110100011111111
10101100000100000110011001011111111
10101100000100000111111101111111111
10101100001000001001100010111111111
10101100001100001011000111011111111
10101100010000001100101011111111111
10101100011000001110001111111111111
10101100011100001111110011111111111
10101100100000010001010111111111111
10101100101000010010111011111111111
10101100110000010100011111011111111
10101100111000010110000010111111111
10101100111011100101011000111111111
10101100110011100110111100011111111
10101100101011101000011111111111111
10101100100011101010000011011111111
10101100011111101011100111011111111
10101100011011101101001011111111111
10101100010011101110101111111111111
10101100001111110000010100011111111
10101100001011110001111000111111111
10101100000111110011011101111111111
10101100000111110101000010011111111
10101100000011110110100111011111111
10101100000011111000001100011111111
10101011111111111001110001011111111
10101011111111111011010110011111111
10101011111111111100111011011111111
10101011100011111110100000011111111
10101011100000000000000101111111111
10101011100100000001101011011111111
10101011100100000011010000111111111
10101011101000000100110101111111111
10101011101000000110011011011111111
10101011101100001000000000011111111
10101011110000001001100101011111111
10101011110100001011001010011111111
10101011111000001100101111011111111
10101011111100001110010011111111111
10101100000000001111111000111111111
10101100001000010001011100111111111
10101100001100010011000001011111111
10101100010100010100100101011111111
10101100011100010110001000111111111
10101100011111100101010010111111111
10101100010111100110110110011111111
10101100001111101000011010011111111
10101100001011101001111110111111111
10101100000011101011100010111111111
10101011111111101101000111011111111
10101011111011101110101100011111111
10101011110111110000010000111111111
10101011110011110001110101111111111
10101011101111110011011011011111111
10101011101011110101000000011111111
10101011101011110110100101011111111
10101011100111111000001010111111111
10101011100111111001110000011111111
10101011100011111011010101111111111
10101011100011111100111010111111111
10101011001011111110100000111111111
10101011001000000000000110011111111
10101011001000000001101100011111111
10101011001000000011010010011111111
10101011001100000100110111111111111
10101011010000000110011101011111111
10101011010000001000000011011111111
10101011010100001001101000111111111
10101011011000001011001101111111111
10101011011100001100110011011111111
10101011100100001110011000011111111
10101011101000001111111101011111111
10101011101100010001100001111111111
10101011110100010011000110011111111
10101011111100010100101010111111111
10101100000100010110001110111111111
10101100000111100101001100011111111
10101011111111100110110000111111111
10101011110111101000010100111111111
10101011101111101001111001111111111
10101011101011101011011110011111111
10101011100111101101000011011111111
10101011011111101110101000011111111
10101011011011110000001101111111111
10101011010111110001110010111111111
10101011010011110011011000011111111
10101011010011110100111101111111111
10101011001111110110100011111111111
10101011001011111000001001011111111
10101011001011111001101111011111111
10101011001011111011010100111111111
10101011001011111100111010111111111
10110001010011111110011101111111111
10110001010011111111111101111111111
10110001010000000001011101111111111
10110001010100000010111110011111111
10110001010100000100011110011111111
10110001011000000101111101111111111
10110001011100000111011101111111111
10110001011100001000111101111111111
10110001100000001010011101011111111
10110001100100001011111100111111111
10110001101000001101011100011111111
10110001110000001110111011111111111
10110001110100010000011010111111111
10110001111100010001111001111111111
10110010000000010011011000111111111
10110010001000010100110111111111111
10110010001011100110100011111111111
10110010000011101000000010111111111
10110001111111101001100001011111111
10110001110111101011000000011111111
10110001110011101100011111111111111
10110001101011101101111111011111111
10110001100111101111011110011111111
10110001100011110000111110011111111
10110001011111110010011101111111111
10110001011111110011111101111111111
10110001011011110101011101011111111
10110001010111110110111101011111111
10110001010111111000011101011111111
10110001010011111001111101011111111
10110001010011111011011101111111111
10110001010011111100111101111111111
10110000111011111110011101111111111
10110000111011111111111110011111111
10110000111000000001011110111111111
10110000111000000010111111011111111
10110000111100000100011111111111111
10110000111100000101111111111111111
10110001000000000111100000011111111
10110001000100001001000000011111111
10110001001000001010100000011111111
10110001001100001100000000011111111
10110001010000001101100000011111111
10110001010100001110111111111111111
10110001011100010000011111011111111
10110001100000010001111110111111111
10110001101000010011011110011111111
10110001110000010100111101011111111
10110001110011100110011110011111111
10110001101011100111111101011111111
10110001100011101001011100111111111
10110001011111101010111011111111111
10110001010111101100011011111111111
10110001010011101101111011011111111
10110001001111101111011011011111111
10110001001011110000111011011111111
10110001000111110010011011011111111
10110001000011110011111011011111111
10110000111111110101011011011111111
10110000111111110110111011111111111
10110000111011111000011100011111111
10110000111011111001111100111111111
10110000111011111011011101011111111
10110000111011111100111101011111111
10110000011111111110011110011111111
10110000011111111111111110111111111
10110000011100000001011111111111111
10110000100000000011000000111111111
10110000100000000100100001011111111
10110000100100000110000001111111111
10110000100100000111100010111111111
10110000101000001001000011011111111
10110000101100001010100011111111111
10110000110000001100000011111111111
10110000110100001101100100011111111
10110000111100001111000100011111111
10110001000000010000100011111111111
10110001001000010010000011111111111
10110001001100010011100011011111111
10110001010100010101000010111111111
10110001010111100110011000111111111
10110001001111100111111000011111111
10110001001011101001010111111111111
10110001000011101010110111011111111
10110000111111101100010111011111111
10110000110111101101110111011111111
10110000110011101111010111111111111
10110000101111110000110111111111111
10110000101011110010011000011111111
10110000100111110011111000111111111
10110000100111110101011001011111111
10110000100011110110111010011111111
10110000100011111000011010111111111
10110000011111111001111011111111111
10110000011111111011011100011111111
10110000011111111100111101011111111
10110000000011111110011110011111111
10110000000111111111111111111111111
10110000000100000001100000111111111
10110000000100000011000001111111111
10110000001000000100100010111111111
10110000001000000110000011111111111
10110000001100000111100100111111111
10110000010000001001000101111111111
10110000010100001010100110111111111
10110000011000001100000111011111111
10110000011100001101100111111111111
10110000100000001111001000011111111
10110000101000010000101000011111111
10110000101100010010001000111111111
10110000110100010011101000111111111
10110000111100010101001000011111111
10110000111111100110010011011111111
10110000110111100111110010111111111
10110000101111101001010010111111111
10110000101011101010110010111111111
10110000100011101100010011011111111
10110000011111101101110011111111111
10110000011011101111010100011111111
10110000010111110000110100111111111
10110000010011110010010101111111111
10110000001111110011110110011111111
10110000001011110101010111011111111
10110000001011110110111000011111111
10110000000111111000011001111111111
10110000000111111001111010111111111
10110000000111111011011011111111111
10110000000011111100111101011111111
10101111101011111110011110111111111
10101111101000000000000000011111111
10101111101000000001100001111111111
10101111101100000011000011011111111
10101111101100000100100100111111111
10101111110000000110000110011111111
10101111110000000111100111011111111
10101111110100001001001000111111111
10101111111000001010101001111111111
10101111111100001100001010111111111
10110000000000001101101011111111111
10110000001000001111001100011111111
10110000001100010000101101011111111
10110000010100010010001101111111111
10110000011000010011101101111111111
10110000100000010101001101111111111
10110000100011100110001101111111111
10110000011011100111101101111111111
10110000010111101001001101111111111
10110000001111101010101110011111111
10110000001011101100001110111111111
10110000000011101101101111111111111
10101111111111101111010000111111111
10101111111011110000110001111111111
10101111110111110010010010111111111
10101111110011110011110100011111111
10101111110011110101010101011111111
10101111101111110110110110111111111
10101111101111111000011000011111111
10101111101011111001111001111111111
10101111101011111011011011011111111
10101111101011111100111100111111111
10101111001111111110011110111111111
10101111001100000000000000111111111
10101111010000000001100010111111111
10101111010000000011000100011111111
10101111010000000100100110011111111
10101111010100000110001000011111111
10101111011000000111101001111111111
10101111011100001001001011011111111
10101111100000001010101100111111111
10101111100100001100001110011111111
10101111101000001101101111111111111
10101111101100001111010000111111111
10101111110100010000110001111111111
10101111111000010010010010111111111
10110000000000010011110011011111111
10110000001000010101010011111111111
10110000001011100110000111111111111
10110000000011100111101000011111111
10101111111011101001001000111111111
10101111110111101010101001111111111
10101111101111101100001010111111111
10101111101011101101101011111111111
10101111100111101111001101011111111
10101111100011110000101110111111111
10101111011111110010010000011111111
10101111011011110011110001111111111
10101111010111110101010011011111111
10101111010011110110110101011111111
10101111010011111000010110111111111
10101111010011111001111000111111111
10101111001111111011011010111111111
10101111001111111100111100111111111
10101110110111111110011110111111111
10101110110100000000000001011111111
10101110110100000001100011011111111
10101110110100000011000101111111111
10101110111000000100100111111111111
10101110111100000110001010011111111
10101110111100000111101100011111111
10101111000000001001001110011111111
10101111000100001010110000011111111
10101111001000001100010001111111111
10101111001100001101110011111111111
10101111010100001111010101011111111
10101111011000010000110110011111111
10101111100000010010010111111111111
10101111100100010011111000111111111
10101111101100010101011001011111111
10101111101111100110000010011111111
10101111100111100111100010111111111
10101111100011101001000011111111111
10101111011011101010100101011111111
10101111010111101100000110011111111
10101111001111101101100111111111111
10101111001011101111001001111111111
10101111000111110000101011011111111
10101111000011110010001101011111111
10101110111111110011101111011111111
10101110111111110101010001011111111
10101110111011110110110011011111111
10101110110111111000010101111111111
10101110110111111001110111111111111
10101110110111111011011010011111111
10101110110111111100111100111111111
10101110011011111110011111011111111
10101110011000000000000001111111111
10101110011100000001100100011111111
10101110011100000011000111011111111
10101110011100000100101001111111111
10101110100000000110001100011111111
10101110100100000111101110111111111
10101110101000001001010001011111111
10101110101000001010110011011111111
10101110110000001100010101011111111
10101110110100001101110111011111111
10101110111000001111011001011111111
10101111000000010000111011011111111
10101111000100010010011100111111111
10101111001100010011111101111111111
10101111010100010101011111011111111
10101111010111100101111100011111111
10101111001111100111011101011111111
10101111000111101000111110111111111
10101111000011101010100000011111111
10101110111011101100000010011111111
10101110110111101101100011111111111
10101110110011101111000101111111111
10101110101011110000101000011111111
10101110101011110010001010011111111
10101110100111110011101100111111111
10101110100011110101001111011111111
10101110011111110110110001111111111
10101110011111111000010100011111111
10101110011111111001110110111111111
10101110011011111011011001111111111
10101110011011111100111100011111111
