10110000011011111111001110111101110
10110000011100000010010000011101110
10110000011100000101010001111101110
10110000100100001000010011011101110
10110000101100001011010100011101110
10110000110100001110010100111101110
10110001000000010001010100111101110
10110001001100010100010011111101110
10110001001111100111000111111101110
10110001000011101010000110111101110
10110000110111101101000110111101110
10110000101111110000000111011101110
10110000100111110011001000011101110
10110000011111110110001001111101110
10110000011111111001001011011101110
10110000011011111100001100111101110
10101111111111111111001110111101110
10110000000000000010010001011101110
10110000000100000101010011111101110
10110000001000001000010101111101110
10110000010000001011010111011101110
10110000011100001110011000111101110
10110000100100010001011001011101110
10110000110100010100011001011101110
10110000110111100111000010011101110
10110000100111101010000010011101110
10110000011111101101000010111101110
10110000010011110000000011111101110
10110000001011110011000101111101110
10110000000111110110000111111101110
10110000000011111001001001111101110
10101111111111111100001100011101110
10101111100111111111001111011101110
10101111100100000010010010111101110
10101111101000000101010101111101110
10101111110000001000011000011101110
10101111111000001011011010111101110
10110000000000001110011100111101110
10110000001100010001011110011101110
10110000011000010100011110111101110
10110000011011100110111100111101110
10110000001111101001111101011101110
10110000000011101100111110111101110
10101111111011110000000000111101110
10101111110011110011000011011101110
10101111101011110110000101111101110
10101111100111111001001000111101110
10101111100111111100001100011101110
10101111001011111111001111111101110
10101111001100000010010011111101110
10101111010000000101010111011101110
10101111010100001000011010111101110
10101111011100001011011110011101110
10101111101000001110100000111101110
10101111110000010001100010111101110
10110000000000010100100100011101110
10110000000011100110110111011101110
10101111110011101001111000111101110
10101111101011101100111010111101110
10101111011111101111111101011101110
10101111010111110011000000011101110
10101111010011110110000011111101110
10101111001111111001000111111101110
10101111001011111100001011111101110
10101110110011111111010000011101110
10101110110000000010010100111101110
10101110110100000101011001011101110
10101110111100001000011101111101110
10101111000100001011100001011101110
10101111001100001110100100111101110
10101111011000010001100111111101110
10101111100100010100101001111101110
10101111100111100110110001111101110
10101111011011101001110011111101110
10101111001111101100110110111101110
10101111000111101111111001111101110
10101110111111110010111101111101110
10101110110111110110000010011101110
10101110110011111001000110111101110
10101110110011111100001011011101110
10101110010111111111010000011101110
10101110011000000010010101111101110
10101110011100000101011011011101110
10101110100000001000100000011101110
10101110101000001011100100111101110
10101110110000001110101001011101110
10101110111100010001101100111101110
10101111001100010100101111011101110
10101111001111100110101100011101110
10101110111111101001101110111101110
10101110110011101100110010011101110
10101110101011101111110110111101110
10101110100011110010111011011101110
10101110011111110110000000011101110
10101110011011111001000101011101110
10101110010111111100001010111101110
10101101111111111111010000111101110
10101101111100000010010111011101110
10101110000000000101011101011101110
10101110001000001000100010111101110
10101110010000001011101000011101110
10101110011000001110101101011101110
10101110100100010001110001011101110
10101110110000010100110101011101110
10101110110011100110100110011101110
10101110100111101001101001111101110
10101110011011101100101110011101110
10101110010011101111110011011101110
10101110001011110010111000111101110
10101110000011110101111110011101110
10101101111111111001000100011101110
10101101111111111100001010111101110
10101101100011111111010001011101110
10101101100100000010011000011101110
10101101101000000101011111011101110
10101101101100001000100101111101110
10101101110100001011101011111101110
10101101111100001110110001011101110
10101110001000010001110110011101110
10101110011000010100111010111101110
10101110011011100110100000111101110
10101110001011101001100101011101110
10101101111111101100101010011101110
10101101110111101111101111111101110
10101101101111110010110101111101110
10101101101011110101111100011101110
10101101100111111001000011011101110
10101101100011111100001010011101110
10101101001011111111010001111101110
10101101001000000010011001011101110
10101101001100000101100001011101110
10101101010100001000101000011101110
10101101011000001011101111011101110
10101101100100001110110101111101110
10101101110000010001111011011101110
10101101111100010101000000011101110
10101101111111100110011010111101110
10101101110011101001100000011101110
10101101100111101100100101111101110
10101101011011101111101100011101110
10101101010111110010110011011101110
10101101001111110101111010011101110
10101101001011111001000010011101110
10101101001011111100001001111101110
10101100101111111111010010011101110
10101100110000000010011010111101110
10101100110100000101100010111101110
10101100111000001000101011011101110
10101101000000001011110010111101110
10101101001000001110111001111101110
10101101010100010010000000011101110
10101101100100010101000110011101110
10101101100111100110010101011101110
10101101010111101001011011011101110
10101101001011101100100001111101110
10101101000011101111101000111101110
10101100111011110010110000011101110
10101100110111110101111000011101110
10101100110011111001000000111101110
10101100101111111100001001011101110
10101100010011111111010010011101110
10101100010100000010011011111101110
10101100011000000101100100111101110
10101100011100001000101101111101110
10101100100100001011110110011101110
10101100110000001110111110011101110
10101100111100010010000101011101110
10101101001000010101001100011101110
10101101001011100110001111011101110
10101100111111101001010101111101110
10101100110011101100011101011101110
10101100100111101111100101011101110
10101100011111110010101101111101110
10101100011011110101110110011101110
10101100010111111000111111111101110
10101100010011111100001001011101110
10101011111011111111010010111101110
10101011111000000010011100111101110
10101011111100000101100110111101110
10101100000100001000110000111101110
10101100001100001011111001111101110
10101100010100001111000010111101110
10101100100000010010001010111101110
10101100110000010101010001111101110
10101100110011100110001001111101110
10101100100011101001010000111101110
10101100010111101100011000111101110
10101100001111101111100001111101110
10101100000111110010101010111101110
10101011111111110101110100111101110
10101011111011111000111110011101110
10101011111011111100001000111101110
10101011011111111111010011011101110
10101011100000000010011110011101110
10101011100100000101101000111101110
10101011101000001000110011011101110
10101011110000001011111101011101110
10101011111100001111000110111101110
10101100001000010010001111111101110
10101100010100010101010111111101110
10101100010111100110000011111101110
10101100001011101001001011111101110
10101011111111101100010100111101110
10101011110011101111011110011101110
10101011101011110010101000011101110
10101011100111110101110010111101110
10101011100011111000111101011101110
10101011011111111100001000011101110
10101011000111111111010011111101110
10101011000100000010011111011101110
10101011001000000101101010111101110
10101011010000001000110110011101110
10101011011000001100000001011101110
10101011100000001111001011011101110
10101011101100010010010100111101110
10101011111100010101011101111101110
10101011111111100101111101111101110
10101011101111101001000110011101110
10101011100011101100010000011101110
10101011011011101111011010011101110
10101011010011110010100101011101110
10101011001011110101110000011101110
10101011000111111000111100011101110
10101011000111111100000111111101110
10101010101011111111010100011101110
10101010101100000010100000111101110
10101010110000000101101100111101110
10101010110100001000111001011101110
10101010111100001100000100111101110
10101011001000001111001111111101110
10101011010100010010011010011101110
10101011100000010101100011111101110
10101011100011100101110111111101110
10101011010111101001000001011101110
10101011001011101100001011111101110
10101010111111101111010110111101110
10101010110111110010100010011101110
10101010110011110101101110011101110
10101010101111111000111010111101110
10101010101011111100000111011101110
10101010010011111111010100011101110
10101010010000000010100001111101110
10101010010100000101101111011101110
10101010011100001000111011111101110
10101010100100001100001000011101110
10101010101100001111010100011101110
10101010111000010010011111011101110
10101011001000010101101001111101110
10101011001011100101110001111101110
10101010111011101000111011111101110
10101010101111101100000111011101110
10101010100111101111010011011101110
10101010011111110010011111111101110
10101010010111110101101100011101110
10101010010011111000111001111101110
10101010010011111100000110111101110
10110110111111111111001001011011110
10110110111100000001111111111011110
10110111000000000100110110011011110
10110111001000000111101100111011110
10110111001100001010100010111011110
10110111011000001101011000011011110
10110111100000010000001101011011110
10110111101100010011000001111011110
10110111101111101000011001011011110
10110111100011101011001110011011110
10110111011011101110000011011011110
10110111001111110000111000111011110
10110111001011110011101110111011110
10110111000011110110100101011011110
10110110111111111001011011111011110
10110110111111111100010010011011110
10110110100011111111001001011011110
10110110100100000010000000111011110
10110110101000000100110111111011110
10110110101100000111101110111011110
10110110110100001010100101111011110
10110110111100001101011011111011110
10110111001000010000010001111011110
10110111010100010011000110111011110
10110111010111101000010100111011110
10110111001011101011001001111011110
10110110111111101101111111111011110
10110110110111110000110101111011110
10110110101111110011101100111011110
10110110101011110110100011111011110
10110110100111111001011010111011110
10110110100011111100010010011011110
10110110001011111111001001111011110
10110110001000000010000001111011110
10110110001100000100111001111011110
10110110010100000111110001011011110
10110110011000001010101000011011110
10110110100100001101011111011011110
10110110101100010000010101111011110
10110110111000010011001011111011110
10110110111011101000001111111011110
10110110101111101011000101111011110
10110110100111101101111100011011110
10110110011011110000110010111011110
10110110010111110011101010011011110
10110110001111110110100001111011110
10110110001011111001011001111011110
10110110001011111100010001111011110
10110101101111111111001010011011110
10110101110000000010000010111011110
10110101110100000100111011011011110
10110101111000000111110011011011110
10110110000000001010101011011011110
10110110001000001101100011011011110
10110110010100010000011010011011110
10110110100000010011010000111011110
10110110100011101000001010111011110
10110110010111101011000001011011110
10110110001011101101111000011011110
10110110000011110000101111111011110
10110101111011110011100111111011110
10110101110111110110100000011011110
10110101110011111001011000111011110
10110101101111111100010001011011110
10110101010111111111001010011011110
10110101010100000010000011111011110
10110101011000000100111100111011110
10110101011100000111110101111011110
10110101100100001010101110011011110
10110101101100001101100110111011110
10110101111000010000011110011011110
10110110000100010011010101111011110
10110110000111101000000101111011110
10110101111011101010111101011011110
10110101101111101101110100111011110
10110101100111110000101100111011110
10110101011111110011100101111011110
10110101011011110110011110111011110
10110101010111111001010111111011110
10110101010111111100010001011011110
10110100111011111111001010111011110
10110100111100000010000100111011110
10110101000000000100111110111011110
10110101000100000111111000011011110
10110101001100001010110001011011110
10110101010100001101101010011011110
10110101100000010000100010111011110
10110101101100010011011010011011110
10110101101111101000000000111011110
10110101100011101010111000111011110
10110101010111101101110001011011110
10110101001111110000101001111011110
10110101000111110011100011011011110
10110101000011110110011100111011110
10110100111111111001010110111011110
10110100111011111100010000111011110
10110100100011111111001011011011110
10110100100000000010000101111011110
10110100100100000101000000011011110
10110100101000000111111010111011110
10110100110000001010110100111011110
10110100111000001101101110011011110
10110101000100010000100111011011110
10110101010000010011011111111011110
10110101010011100111111011111011110
10110101000111101010110100011011110
10110100111011101101101101011011110
10110100110011110000100110111011110
10110100101011110011100000111011110
10110100100111110110011011011011110
10110100100011111001010101111011110
10110100100011111100010000011011110
10110100000111111111001011011011110
10110100001000000010000110111011110
10110100001000000101000001111011110
10110100010000000111111100111011110
10110100011000001010110111111011110
10110100100000001101110001111011110
10110100101100010000101011011011110
10110100111000010011100100111011110
10110100111011100111110110111011110
10110100101111101010101111111011110
10110100100011101101101001111011110
10110100011011110000100011111011110
10110100010011110011011110011011110
10110100001011110110011001011011110
10110100001011111001010100111011110
10110100000111111100010000011011110
10110011101011111111001011111011110
10110011101100000010000111111011110
10110011110000000101000011111011110
10110011110100000111111111011011110
10110011111100001010111010111011110
10110100000100001101110101111011110
10110100010000010000101111111011110
10110100011100010011101001111011110
10110100011111100111110001111011110
10110100010011101010101011111011110
10110100000111101101100101111011110
10110011111111110000100000111011110
10110011110111110011011100011011110
10110011110011110110010111111011110
10110011101111111001010011111011110
10110011101011111100001111111011110
10110011010011111111001100011101110
10110011010000000010001000111101110
10110011010100000101000101011101110
10110011011100001000000001111011110
10110011100100001010111101111011110
10110011101100001101111001011011110
10110011111000010000110100011011110
10110100000100010011101110111011110
10110100000111100111101100111011110
10110011111011101010100111011011110
10110011101111101101100010011011110
10110011100111110000011101111011110
10110011011111110011011001111011110
10110011010111110110010110011101110
10110011010011111001010010111101110
10110011010011111100001111011101110
10110010110111111111001100011101110
10110010111000000010001001111101110
10110010111100000101000111011101110
10110011000000001000000100011101110
10110011001000001011000000111101110
10110011010000001101111101011101110
10110011011100010000111000111011110
10110011101000010011110011111011110
10110011101011100111100111011011110
10110011011111101010100010111011110
10110011010011101101011110011101110
10110011001011110000011010111101110
10110011000011110011010111011101110
10110010111111110110010100011101110
10110010111011111001010001111101110
10110010110111111100001110111101110
10110010011111111111001100111101110
10110010011100000010001010111101110
10110010100000000101001000111101110
10110010101000001000000110111101110
10110010101100001011000100011101110
10110010111000001110000000111101110
10110011000100010000111101011101110
10110011010000010011111001011101110
10110011010011100111100010011101110
10110011000111101010011110011101110
10110010111011101101011010011101110
10110010101111110000010111011101110
10110010101011110011010100111101110
10110010100011110110010010111101110
10110010011111111001010000011101110
10110010011111111100001110111101110
10110010000011111111001101011101110
10110010000100000010001011111101110
10110010001000000101001010111101110
10110010001100001000001001011101110
10110010010100001011000111011101110
10110010011100001110000100111101110
10110010101000010001000001111101110
10110010110100010011111110011101110
10110010110111100111011101011101110
10110010101011101010011001011101110
10110010011111101101010110111101110
10110010010111110000010100011101110
10110010001111110011010010011101110
10110010001011110110010000111101110
10110010000111111001001111011101110
10110010000011111100001110011101110
10110001101011111111001101111101110
10110001101000000010001101011101110
10110001101100000101001100011101110
10110001110100001000001011111101110
10110001111000001011001010011101110
10110010000100001110001000111101110
10110010001100010001000110111101110
10110010011100010100000011111101110
10110010011111100111010111111101110
10110010001111101010010100111101110
10110010000111101101010010111101110
10110001111011110000010001011101110
10110001110111110011001111111101110
10110001101111110110001110111101110
10110001101011111001001110011101110
10110001101011111100001101111101110
10110001001111111111001101111101110
10110001010000000010001110011101110
10110001010100000101001110011101110
10110001011000001000001110011101110
10110001100000001011001101111101110
10110001101000001110001100111101110
10110001110100010001001011011101110
10110010000000010100001000111101110
10110010000011100111010010011101110
10110001110111101010010000011101110
10110001101011101101001110111101110
10110001100011110000001101111101110
10110001011011110011001101011101110
10110001010111110110001101011101110
10110001010011111001001101011101110
10110001001111111100001101111101110
10110000110111111111001110011101110
10110000110100000010001111011101110
10110000111000000101010000011101110
10110000111100001000010000111101110
10110001000100001011010000111101110
10110001010000001110010000111101110
10110001011000010001001111111101110
10110001101000010100001110011101110
10110001101011100111001101011101110
10110001011011101010001011111101110
10110001010011101101001010111101110
10110001000111110000001010111101110
10110000111111110011001010111101110
10110000111011110110001011011101110
10110000110111111001001100011101110
10110000110111111100001101011101110
