10110011101011111110011100111011110
10110011101111111111111010111011110
10110011101100000001011000111011110
10110011101100000010110110111011110
10110011110000000100010100111011110
10110011110000000101110010111011110
10110011110100000111010000011011110
10110011111000001000101110011011110
10110011111100001010001011111011110
10110100000000001011101001011011110
10110100000100001101000110111011110
10110100001000001110100100011011110
10110100001100010000000001011011110
10110100010100010001011110011011110
10110100011000010010111011011011110
10110100100000010100010111111011110
10110100100011100111000011011011110
10110100011011101000100000011011110
10110100010111101001111101011011110
10110100001111101011011010011011110
10110100001011101100110111011011110
10110100000111101110010100111011110
10110100000011101111110010011011110
10110011111111110001001111111011110
10110011111011110010101101011011110
10110011110111110100001010111011110
10110011110011110101101000111011110
10110011110011110111000110111011110
10110011101111111000100100111011110
10110011101111111010000010111011110
10110011101111111011100000111011110
10110011101011111100111110111011110
10110011010011111110011100111101110
10110011010011111111111011011101110
10110011010000000001011001111101110
10110011010100000010110111111101110
10110011010100000100010110011101110
10110011011000000101110100111101110
10110011011000000111010010111011110
10110011011100001000110000111011110
10110011100000001010001110111011110
10110011100100001011101100111011110
10110011101000001101001010011011110
10110011101100001110101000011011110
10110011110100010000000101111011110
10110011111000010001100011011011110
10110100000000010011000000011011110
10110100001000010100011101011011110
10110100001011100110111110011011110
10110100000011101000011011011011110
10110011111011101001111000011011110
10110011110111101011010101111011110
10110011101111101100110011011011110
10110011101011101110010000111011110
10110011100111101111101110111011110
10110011100011110001001100111011110
10110011011111110010101010111011110
10110011011011110100001000111011110
10110011011011110101100110111101110
10110011010111110111000101011101110
10110011010111111000100011011101110
10110011010011111010000001111101110
10110011010011111011100000011101110
10110011010011111100111110111101110
10110010110111111110011101011101110
10110010110111111111111011111101110
10110010111000000001011010111101110
10110010111000000010111001011101110
10110010111000000100010111111101110
10110010111100000101110110011101110
10110011000000000111010100111101110
10110011000100001000110011011101110
10110011000100001010010001111101110
10110011001100001011101111111101110
10110011010000001101001110011101110
10110011010100001110101100011101110
10110011011000010000001001111011110
10110011100000010001100111111011110
10110011100100010011000101011011110
10110011101100010100100010111011110
10110011101111100110111000111011110
10110011100111101000010110011011110
10110011100011101001110011111011110
10110011011011101011010001011011110
10110011010111101100101111011101110
10110011010011101110001101011101110
10110011001111101111101011011101110
10110011000111110001001001111101110
10110011000111110010101000011101110
10110011000011110100000110011101110
10110010111111110101100100111101110
10110010111011110111000011111101110
10110010111011111000100010011101110
10110010111011111010000000111101110
10110010110111111011011111111101110
10110010110111111100111110011101110
10110010011111111110011101011101110
10110010011111111111111100011101110
10110010011100000001011011011101110
10110010011100000010111010011101110
10110010100000000100011001011101110
10110010100100000101111000011101110
10110010100100000111010111011101110
10110010101000001000110110011101110
10110010101100001010010100111101110
10110010110000001011110011011101110
10110010110100001101010001111101110
10110010111000001110110000011101110
10110011000000010000001110011101110
10110011000100010001101100011101110
10110011001100010011001010011101110
10110011010100010100100111111101110
10110011010111100110110011011101110
10110011001111101000010001011101110
10110011000111101001101111011101110
10110011000011101011001101011101110
10110010111011101100101011011101110
10110010110111101110001001111101110
10110010110011101111101000011101110
10110010101111110001000110111101110
10110010101011110010100101011101110
10110010100111110100000100011101110
10110010100111110101100011011101110
10110010100011110111000001111101110
10110010011111111000100000111101110
10110010011111111010000000011101110
10110010011111111011011111011101110
10110010011111111100111110011101110
10110010000011111110011101011101110
10110010000011111111111100111101110
10110010000100000001011100011101110
10110010000100000010111011111101110
10110010000100000100011011011101110
10110010001000000101111010011101110
10110010001100000111011001111101110
10110010001100001000111000111101110
10110010010000001010010111111101110
10110010010100001011110110111101110
10110010011100001101010101011101110
10110010100000001110110100011101110
10110010100100010000010010111101110
10110010101100010001110001011101110
10110010110000010011001111011101110
10110010111000010100101101011101110
10110010111011100110101110011101110
10110010110011101000001100011101110
10110010101111101001101010011101110
10110010100111101011001000111101110
10110010100011101100100111011101110
10110010011111101110000101111101110
10110010010111101111100100111101110
10110010010011110001000011111101110
10110010001111110010100010111101110
10110010001111110100000001111101110
10110010001011110101100001011101110
10110010000111110111000000011101110
10110010000111111000011111111101110
10110010000111111001111111011101110
10110010000011111011011110111101110
10110010000011111100111101111101110
10110001101011111110011101111101110
10110001101011111111111101011101110
10110001101000000001011101011101110
10110001101000000010111100111101110
10110001101100000100011100111101110
10110001101100000101111100011101110
10110001110000000111011011111101110
10110001110100001000111011011101110
10110001111000001010011010111101110
10110001111100001011111010011101110
10110010000000001101011001011101110
10110010000100001110111000011101110
10110010001100010000010111011101110
10110010010000010001110101111101110
10110010011000010011010100011101110
10110010100000010100110010111101110
10110010100011100110101000111101110
10110010011011101000000110111101110
10110010010011101001100101111101110
10110010001111101011000100011101110
10110010000111101100100011011101110
10110010000011101110000010011101110
10110001111111101111100001011101110
10110001111011110001000000111101110
10110001110111110010100000011101110
10110001110011110011111111111101110
10110001101111110101011111011101110
10110001101111110110111110111101110
10110001101011111000011110011101110
10110001101011111001111110011101110
10110001101011111011011110011101110
10110001101011111100111101111101110
10110001001111111110011101111101110
10110001001111111111111101111101110
10110001001100000001011110011101110
10110001010000000010111110011101110
10110001010000000100011110011101110
10110001010100000101111110011101110
10110001011000000111011110011101110
10110001011000001000111110011101110
10110001011100001010011101111101110
10110001100000001011111101011101110
10110001101000001101011100111101110
10110001101100001110111100011101110
10110001110000010000011011111101110
10110001111000010001111010111101110
10110001111100010011011001111101110
10110010000100010100111000011101110
10110010000111100110100011011101110
10110001111111101000000001111101110
10110001111011101001100000111101110
10110001110011101010111111111101110
10110001101111101100011111011101110
10110001101011101101111110011101110
10110001100011101111011101111101110
10110001011111110000111101111101110
10110001011011110010011101011101110
10110001011011110011111101011101110
10110001010111110101011101011101110
10110001010011110110111101011101110
10110001010011111000011101011101110
10110001001111111001111101011101110
10110001001111111011011101011101110
10110001001111111100111101111101110
10110000110111111110011101111101110
10110000110111111111111110011101110
10110000110100000001011110111101110
10110000110100000010111111011101110
10110000111000000100011111111101110
10110000111000000110000000011101110
10110000111100000111100000111101110
10110001000000001001000000111101110
10110001000100001010100000111101110
10110001001000001100000000111101110
10110001001100001101100000111101110
10110001010000001111000000011101110
10110001011000010000100000011101110
10110001011100010001111111111101110
10110001100100010011011110111101110
10110001101100010100111101111101110
10110001101111100110011101111101110
10110001100111100111111100111101110
10110001011111101001011011111101110
10110001011011101010111011011101110
10110001010011101100011010111101110
10110001001111101101111010111101110
10110001001011101111011010111101110
10110001000111110000111010111101110
10110001000011110010011010111101110
10110000111111110011111010111101110
10110000111011110101011011011101110
10110000111011110110111011111101110
10110000110111111000011011111101110
10110000110111111001111100011101110
10110000110111111011011100111101110
10110000110111111100111101011101110
10110110111111111110011011011011110
10110110111111111111110110111011110
10110110111100000001010010011011110
10110111000000000010101101011011110
10110111000000000100001000111011110
10110111000100000101100011111011110
10110111000100000110111111011011110
10110111001000001000011010011011110
10110111001100001001110101011011110
10110111010000001011010000011011110
10110111010100001100101010111011110
10110111011000001110000101111011110
10110111100000001111100000011011110
10110111100100010000111010111011110
10110111101100010010010100111011110
10110111110000010011101110111011110
10110111110011100111101100011011110
10110111101111101001000110111011110
10110111100111101010100000111011110
10110111100011101011111011011011110
10110111011011101101010101111011110
10110111010111101110110000111011110
10110111010011110000001011011011110
10110111001111110001100110011011110
10110111001011110011000001011011110
10110111000111110100011100011011110
10110111000111110101110111111011110
10110111000011110111010010111011110
10110111000011111000101110011011110
10110110111111111010001001011011110
10110110111111111011100100111011110
10110110111111111101000000011011110
10110110100011111110011011111011110
10110110100011111111110111011011110
10110110100100000001010010111011110
10110110100100000010101110111011110
10110110100100000100001010011011110
10110110101000000101100101111011110
10110110101100000111000001011011110
10110110101100001000011100111011110
10110110110000001001110111111011110
10110110110100001011010011011011110
10110110111000001100101110011011110
10110111000000001110001001011011110
10110111000100001111100100011011110
10110111001000010000111110111011110
10110111010000010010011001111011110
10110111011000010011110011111011110
10110111011011100111100111011011110
10110111010011101001000001111011110
10110111001011101010011100011011110
10110111000111101011110111011011110
10110111000011101101010010011011110
10110110111011101110101101011011110
10110110110111110000001000011011110
10110110110011110001100011111011110
10110110101111110010111110111011110
10110110101111110100011010011011110
10110110101011110101110101111011110
10110110100111110111010001011011110
10110110100111111000101100111011110
10110110100111111010001000111011110
10110110100011111011100100011011110
10110110100011111100111111111011110
10110110001011111110011011111011110
10110110001011111111110111111011110
10110110001000000001010011111011110
10110110001000000010101111111011110
10110110001100000100001011111011110
10110110001100000101100111011011110
10110110010000000111000011011011110
10110110010100001000011111011011110
10110110011000001001111010111011110
10110110011100001011010110011011110
10110110100000001100110001111011110
10110110100100001110001101011011110
10110110101100001111101000011011110
10110110110000010001000011011011110
10110110111000010010011110011011110
10110110111100010011111001011011110
10110110111111100111100010011011110
10110110111011101000111101011011110
10110110110011101010011000011011110
10110110101111101011110011011011110
10110110100111101101001110011011110
10110110100011101110101001111011110
10110110011111110000000101011011110
10110110011011110001100000111011110
10110110010111110010111100011011110
10110110010011110100011000011011110
10110110001111110101110011111011110
10110110001111110111001111111011110
10110110001011111000101011111011110
10110110001011111010000111111011110
10110110001011111011100011111011110
10110110001011111100111111111011110
10110101101111111110011011111011110
10110101101111111111111000011011110
10110101110000000001010100111011110
10110101110000000010110000111011110
10110101110000000100001101011011110
10110101110100000101101001011011110
10110101111000000111000101011011110
10110101111000001000100001111011110
10110101111100001001111101111011110
10110110000000001011011001011011110
10110110000100001100110101011011110
10110110001100001110010000111011110
10110110010000001111101100011011110
10110110010100010001000111111011110
10110110011100010010100010111011110
10110110100100010011111110011011110
10110110100111100111011101011011110
10110110011111101000111000011011110
10110110010111101010010011111011110
10110110010011101011101111011011110
10110110001111101101001010111011110
10110110000111101110100110011011110
10110110000011110000000010011011110
10110101111111110001011101111011110
10110101111011110010111001111011110
10110101111011110100010101111011110
10110101110111110101110010011011110
10110101110011110111001110011011110
10110101110011111000101010111011110
10110101110011111010000110111011110
10110101101111111011100011011011110
10110101101111111100111111111011110
10110101010111111110011100011011110
10110101010111111111111000111011110
10110101010100000001010101011011110
10110101010100000010110010011011110
10110101011000000100001110111011110
10110101011000000101101011011011110
10110101011100000111000111111011110
10110101100000001000100100011011110
10110101100100001010000000011011110
10110101101000001011011100111011110
10110101101100001100111000111011110
10110101110000001110010100111011110
10110101110100001111110000111011110
10110101111100010001001100011011110
10110110000000010010100111111011110
10110110001000010100000011011011110
10110110001011100111011000011011110
10110110000011101000110011111011110
10110101111111101010001111011011110
10110101110111101011101010111011110
10110101110011101101000110111011110
10110101101111101110100010111011110
10110101101011101111111110111011110
10110101100111110001011011011011110
10110101100011110010110111011011110
10110101011111110100010011111011110
10110101011011110101110000011011110
10110101011011110111001100111011110
10110101010111111000101001011011110
10110101010111111010000110011011110
10110101010111111011100010111011110
10110101010111111100111111011011110
10110100111011111110011100011011110
10110100111011111111111001011011110
10110100111000000001010110011011110
10110100111100000010110011011011110
10110100111100000100010000011011110
10110101000000000101101100111011110
10110101000000000111001001111011110
10110101000100001000100110111011110
10110101001000001010000011011011110
10110101001100001011011111111011110
10110101010000001100111100011011110
10110101011000001110011000011011110
10110101011100001111110100111011110
10110101100000010001010000111011110
10110101101000010010101100111011110
10110101110000010100001000011011110
10110101110011100111010011011011110
10110101101011101000101110111011110
10110101100011101010001010111011110
10110101011111101011100110111011110
10110101011011101101000010111011110
10110101010011101110011111011011110
10110101001111101111111011111011110
10110101001011110001011000011011110
10110101000111110010110100111011110
10110101000011110100010001111011110
10110101000011110101101110011011110
10110100111111110111001011011011110
10110100111111111000101000011011110
10110100111011111010000101011011110
10110100111011111011100010011011110
10110100111011111100111111011011110
10110100100011111110011100011011110
10110100100011111111111001111011110
10110100100000000001010111011011110
10110100100000000010110100011011110
10110100100100000100010001111011110
10110100100100000101101110111011110
10110100101000000111001100011011110
10110100101100001000101001011011110
10110100110000001010000110011011110
10110100110100001011100010111011110
10110100111000001100111111111011110
10110100111100001110011100011011110
10110101000000001111111000111011110
10110101001000010001010101011011110
10110101001100010010110001011011110
10110101010100010100001101111011110
10110101010111100111001101111011110
10110101001111101000101001111011110
10110101001011101010000110011011110
10110101000011101011100010111011110
10110100111111101100111111011011110
10110100111011101110011011111011110
10110100110111101111111000011011110
10110100110011110001010101011011110
10110100101111110010110010011011110
10110100101011110100001111011011110
10110100100111110101101100111011110
10110100100111110111001001111011110
10110100100011111000100111011011110
10110100100011111010000100011011110
10110100100011111011100001111011110
10110100100011111100111111011011110
10110100000111111110011100111011110
10110100000111111111111010011011110
10110100000100000001010111111011110
10110100001000000010110101111011110
10110100001000000100010011011011110
10110100001100000101110000111011110
10110100001100000111001110011011110
10110100010000001000101011111011110
10110100010100001010001000111011110
10110100011000001011100110011011110
10110100011100001101000011011011110
10110100100100001110100000011011110
10110100101000001111111101011011110
10110100101100010001011001111011110
10110100110100010010110110011011110
10110100111100010100010010111011110
10110100111111100111001000111011110
10110100110111101000100101011011110
10110100101111101010000001111011110
10110100101011101011011110011011110
10110100100111101100111011011011110
10110100011111101110011000011011110
10110100011011101111110101011011110
10110100010111110001010010011011110
10110100010011110010101111111011110
10110100001111110100001101011011110
10110100001111110101101010111011110
10110100001011110111001000011011110
10110100001011111000100101111011110
10110100000111111010000011011011110
10110100000111111011100001011011110
10110100000111111100111110111011110
