10101101001011111110011111111101110
10101101001000000000000011111101110
10101101001000000001100111011101110
10101101001000000011001011011101110
10101101001100000100101111011101110
10101101001100000110010010111101110
10101101010000000111110110111101110
10101101010100001001011010011101110
10101101011000001010111101111101110
10101101011100001100100000111101110
10101101100000001110000100011101110
10101101101000001111100111011101110
10101101101100010001001010011101110
10101101110100010010101100111101110
10101101111000010100001111011101110
10101110000000010101110001111101110
10101110000011100101101001111101110
10101101111011100111001100011101110
10101101110111101000101110111101110
10101101101111101010010001011101110
10101101101011101011110100011101110
10101101100011101101010111011101110
10101101011111101110111010111101110
10101101011011110000011101111101110
10101101010111110010000001011101110
10101101010011110011100100111101110
10101101001111110101001000111101110
10101101001111110110101100011101110
10101101001011111000010000011101110
10101101001011111001110011111101110
10101101001011111011010111111101110
10101101001011111100111011111101110
10101100101111111110011111111101110
10101100101100000000000100011101110
10101100101100000001101000011101110
10101100110000000011001100111101110
10101100110000000100110000111101110
10101100110100000110010101011101110
10101100111000000111111001011101110
10101100111000001001011101011101110
10101100111100001011000000111101110
10101101000000001100100100111101110
10101101001000001110001000011101110
10101101001100001111101011111101110
10101101010100010001001110111101110
10101101011000010010110001111101110
10101101100000010100010100111101110
10101101101000010101110111111101110
10101101101011100101100011111101110
10101101100011100111000110111101110
10101101011011101000101001011101110
10101101010111101010001100111101110
10101101001111101011101111111101110
10101101001011101101010011011101110
10101101000011101110110110111101110
10101100111111110000011010111101110
10101100111011110001111110011101110
10101100111011110011100010011101110
10101100110111110101000110011101110
10101100110011110110101010111101110
10101100110011111000001110111101110
10101100101111111001110010111101110
10101100101111111011010111011101110
10101100101111111100111011111101110
10101100010011111110100000011101110
10101100010100000000000100111101110
10101100010100000001101001011101110
10101100010100000011001110011101110
10101100011000000100110010111101110
10101100011000000110010111011101110
10101100011100000111111011111101110
10101100100000001001011111111101110
10101100100100001011000100011101110
10101100101000001100101000011101110
10101100101100001110001100011101110
10101100110100001111110000011101110
10101100111000010001010011111101110
10101101000000010010110111011101110
10101101000100010100011010011101110
10101101001100010101111101111101110
10101101001111100101011101111101110
10101101000111100111000000111101110
10101101000011101000100100011101110
10101100111011101010000111111101110
10101100110111101011101011011101110
10101100101111101101001111011101110
10101100101011101110110011011101110
10101100100111110000010111011101110
10101100100011110001111011011101110
10101100011111110011011111111101110
10101100011011110101000100011101110
10101100011011110110101000111101110
10101100010111111000001101011101110
10101100010111111001110001111101110
10101100010111111011010110111101110
10101100010011111100111011011101110
10101011111011111110100000011101110
10101011111000000000000101011101110
10101011111000000001101010011101110
10101011111100000011001111011101110
10101011111100000100110100011101110
10101100000000000110011001011101110
10101100000000000111111110011101110
10101100000100001001100010111101110
10101100001000001011000111111101110
10101100001100001100101100011101110
10101100010100001110010000011101110
10101100011000001111110100111101110
10101100011100010001011000111101110
10101100100100010010111100011101110
10101100101100010100100000011101110
10101100110100010110000011111101110
10101100110111100101010111111101110
10101100101111100110111011011101110
10101100100111101000011110111101110
10101100011111101010000010111101110
10101100011011101011100110111101110
10101100010111101101001011011101110
10101100001111101110101111011101110
10101100001011110000010011111101110
10101100000111110001111000011101110
10101100000011110011011101011101110
10101100000011110101000010011101110
10101011111111110110100110111101110
10101011111111111000001011111101110
10101011111011111001110000111101110
10101011111011111011010110011101110
10101011111011111100111011011101110
10101011011111111110100000011101110
10101011011100000000000101111101110
10101011100000000001101011011101110
10101011100000000011010000111101110
10101011100100000100110110011101110
10101011100100000110011011111101110
10101011101000001000000000111101110
10101011101100001001100101111101110
10101011110000001011001010111101110
10101011110100001100101111111101110
10101011111000001110010100111101110
10101011111100001111111001011101110
10101100000100010001011101111101110
10101100001100010011000001111101110
10101100010000010100100101111101110
10101100011000010110001001111101110
10101100011011100101010001111101110
10101100010011100110110101111101110
10101100001111101000011001111101110
10101100000111101001111101111101110
10101011111111101011100010011101110
10101011111011101101000110111101110
10101011110111101110101011111101110
10101011110011110000010000011101110
10101011101111110001110101011101110
10101011101011110011011010111101110
10101011100111110100111111111101110
10101011100111110110100101011101110
10101011100011111000001010111101110
10101011100011111001101111111101110
10101011011111111011010101011101110
10101011011111111100111010111101110
10101011000111111110100000111101110
10101011000100000000000110111101110
10101011000100000001101100011101110
10101011001000000011010010011101110
10101011001000000100111000011101110
10101011001100000110011101111101110
10101011001100001000000011011101110
10101011010000001001101000111101110
10101011010100001011001110011101110
10101011011000001100110011111101110
10101011100000001110011000111101110
10101011100100001111111101111101110
10101011101000010001100010111101110
10101011110000010011000111011101110
10101011111000010100101011111101110
10101100000000010110001111111101110
10101100000011100101001011111101110
10101011111011100110101111111101110
10101011110011101000010100011101110
10101011101011101001111000111101110
10101011100111101011011101111101110
10101011100011101101000010111101110
10101011011011101110100111111101110
10101011010111110000001101011101110
10101011010011110001110010011101110
10101011001111110011011000011101110
10101011001111110100111101111101110
10101011001011110110100011011101110
10101011001011111000001001011101110
10101011000111111001101110111101110
10101011000111111011010100111101110
10101011000111111100111010111101110
10101010101011111110100000111101110
10101010101000000000000111011101110
10101010101100000001101101011101110
10101010101100000011010011111101110
10101010101100000100111001111101110
10101010110000000110100000011101110
10101010110100001000000110011101110
10101010111000001001101011111101110
10101010111100001011010001111101110
10101011000000001100110111011101110
10101011000100001110011101011101110
10101011001000010000000010011101110
10101011010000010001100111111101110
10101011011000010011001100111101110
10101011011100010100110001011101110
10101011100100010110010110011101110
10101011100111100101000101011101110
10101011011111100110101001111101110
10101011011011101000001110111101110
10101011010011101001110011111101110
10101011001011101011011001011101110
10101011000111101100111110011101110
10101011000011101110100011111101110
10101010111111110000001001111101110
10101010111011110001101111011101110
10101010110111110011010101011101110
10101010110011110100111011011101110
10101010101111110110100001111101110
10101010101111111000000111111101110
10101010101111111001101101111101110
10101010101011111011010100011101110
10101010101011111100111010111101110
10101010010011111110100001011101110
10101010010000000000000111111101110
10101010010000000001101110011101110
10101010010000000011010101011101110
10101010010100000100111011111101110
10101010011000000110100010011101110
10101010011000001000001000111101110
10101010011100001001101111011101110
10101010100000001011010101011101110
10101010100100001100111011011101110
10101010101100001110100001011101110
10101010110000010000000111011101110
10101010110100010001101100111101110
10101010111100010011010010011101110
10101011000100010100110111011101110
10101011001100010110011100011101110
10101011001111100100111111011101110
10101011000111100110100100011101110
10101010111111101000001001011101110
10101010110111101001101110111101110
10101010110011101011010100011101110
10101010101111101100111010011101110
10101010100111101110100000011101110
10101010100011110000000110011101110
10101010011111110001101100011101110
10101010011011110011010010111101110
10101010011011110100111001011101110
10101010010111110110011111111101110
10101010010011111000000110011101110
10101010010011111001101100111101110
10101010010011111011010011111101110
10101010010011111100111010011101110
10110000011011111110011110011101110
10110000011011111111111111011101110
10110000011000000001011111111101110
10110000011100000011000000111101110
10110000011100000100100001111101110
10110000100000000110000010011101110
10110000100000000111100010111101110
10110000100100001001000011011101110
10110000101000001010100011111101110
10110000101100001100000100011101110
10110000110000001101100100111101110
10110000111000001111000100111101110
10110000111100010000100100111101110
10110001000100010010000100011101110
10110001001000010011100100011101110
10110001010000010101000011011101110
10110001010011100110010111111101110
10110001001011100111110111011101110
10110001000111101001010111011101110
10110000111111101010110110111101110
10110000111011101100010110111101110
10110000110011101101110110111101110
10110000101111101111010111011101110
10110000101011110000110111011101110
10110000100111110010010111111101110
10110000100011110011111000111101110
10110000100011110101011001011101110
10110000011111110110111001111101110
10110000011111111000011010111101110
10110000011011111001111011111101110
10110000011011111011011100011101110
10110000011011111100111101011101110
10101111111111111110011110011101110
10110000000011111111111111111101110
10110000000000000001100000111101110
10110000000000000011000010011101110
10110000000100000100100011011101110
10110000000100000110000100011101110
10110000001000000111100101011101110
10110000001100001001000110011101110
10110000010000001010100111011101110
10110000010100001100000111111101110
10110000011000001101101000011101110
10110000011100001111001000111101110
10110000100100010000101001011101110
10110000101000010010001001011101110
10110000110000010011101001011101110
10110000111000010101001001011101110
10110000111011100110010010011101110
10110000110011100111110010011101110
10110000101011101001010010011101110
10110000100111101010110010011101110
10110000011111101100010010111101110
10110000011011101101110011011101110
10110000010111101111010011111101110
10110000010011110000110100011101110
10110000001111110010010101011101110
10110000001011110011110110011101110
10110000000111110101010111011101110
10110000000111110110111000011101110
10110000000011111000011001011101110
10110000000011111001111010111101110
10110000000011111011011011111101110
10101111111111111100111101011101110
10101111100111111110011110111101110
10101111100100000000000000011101110
10101111100100000001100001111101110
10101111101000000011000011011101110
10101111101000000100100100111101110
10101111101100000110000110011101110
10101111101100000111100111111101110
10101111110000001001001001011101110
10101111110100001010101010011101110
10101111111000001100001011011101110
10101111111100001101101100011101110
10110000000100001111001101011101110
10110000001000010000101101111101110
10110000010000010010001110011101110
10110000010100010011101110111101110
10110000011100010101001110111101110
10110000011111100110001100111101110
10110000010111100111101100111101110
10110000010011101001001101011101110
10110000001011101010101101111101110
10110000000111101100001110011101110
10101111111111101101101111011101110
10101111111011101111010000011101110
10101111110111110000110001011101110
10101111110011110010010010011101110
10101111101111110011110011111101110
10101111101111110101010101011101110
10101111101011110110110110111101110
10101111101011111000011000011101110
10101111100111111001111001111101110
10101111100111111011011011011101110
10101111100111111100111100111101110
10101111001011111110011110111101110
10101111001000000000000000111101110
10101111001100000001100010111101110
10101111001100000011000100111101110
10101111010000000100100110111101110
10101111010000000110001000011101110
10101111010100000111101010011101110
10101111011000001001001011111101110
10101111011100001010101101011101110
10101111100000001100001110111101110
10101111100100001101110000011101110
10101111101000001111010001011101110
10101111110000010000110010011101110
10101111110100010010010011011101110
10101111111100010011110011111101110
10110000000100010101010100011101110
10110000000111100110000111011101110
10101111111111100111100111111101110
10101111110111101001001000011101110
10101111110011101010101001011101110
10101111101011101100001010011101110
10101111100111101101101011011101110
10101111100011101111001100111101110
10101111011111110000101110011101110
10101111011011110010001111111101110
10101111010111110011110001011101110
10101111010011110101010011011101110
10101111010011110110110100111101110
10101111001111111000010110111101110
10101111001111111001111000111101110
10101111001011111011011010111101110
10101111001011111100111100111101110
10101110110011111110011110111101110
10101110110000000000000001011101110
10101110110000000001100011111101110
10101110110000000011000101111101110
10101110110100000100101000011101110
10101110111000000110001010011101110
10101110111000000111101100111101110
10101110111100001001001110111101110
10101111000000001010110000111101110
10101111000100001100010010011101110
10101111001000001101110100011101110
10101111010000001111010101111101110
10101111010100010000110111011101110
10101111011100010010011000011101110
10101111100000010011111001011101110
10101111101000010101011010011101110
10101111101011100110000001011101110
10101111100011100111100010011101110
10101111011111101001000011011101110
10101111010111101010100100011101110
10101111010011101100000101111101110
10101111001011101101100111011101110
10101111000111101111001001011101110
10101111000011110000101010111101110
10101110111111110010001100111101110
10101110111011110011101110111101110
10101110111011110101010000111101110
10101110110111110110110011011101110
10101110110011111000010101011101110
10101110110011111001110111111101110
10101110110011111011011010011101110
10101110110011111100111100111101110
10101110010111111110011111011101110
10101110010100000000000001111101110
10101110011000000001100100111101110
10101110011000000011000111011101110
10101110011000000100101001111101110
10101110011100000110001100111101110
10101110100000000111101111011101110
10101110100100001001010001011101110
10101110101000001010110011111101110
10101110101100001100010101111101110
10101110110000001101111000011101110
10101110110100001111011001111101110
10101110111100010000111011111101110
10101111000000010010011101011101110
10101111001000010011111110111101110
10101111010000010101011111111101110
10101111010011100101111011011101110
10101111001011100111011100111101110
10101111000011101000111110011101110
10101110111111101010011111111101110
10101110110111101100000001011101110
10101110110011101101100011011101110
10101110101111101111000101011101110
10101110101011110000100111111101110
10101110100111110010001001111101110
10101110100011110011101100011101110
10101110011111110101001110111101110
10101110011011110110110001011101110
10101110011011111000010100011101110
10101110011011111001110110111101110
10101110010111111011011001111101110
10101110010111111100111100011101110
10101101111111111110011111011101110
10101101111100000000000010011101110
10101101111100000001100101111101110
10101101111100000011001000111101110
10101110000000000100101011111101110
10101110000000000110001110111101110
10101110000100000111110001111101110
10101110001000001001010100011101110
10101110001100001010110111011101110
10101110010000001100011001111101110
10101110010100001101111100011101110
10101110011100001111011110011101110
10101110100000010001000000011101110
10101110101000010010100010011101110
10101110101100010100000100011101110
10101110110100010101100101111101110
10101110110111100101110101111101110
10101110101111100111010111011101110
10101110101011101000111001011101110
10101110100011101010011010111101110
10101110011111101011111101011101110
10101110010111101101011111011101110
10101110010011101111000001111101110
10101110001111110000100100011101110
10101110001011110010000111011101110
10101110000111110011101001111101110
10101110000011110101001100111101110
10101110000011110110101111111101110
10101101111111111000010010111101110
10101101111111111001110101111101110
10101101111111111011011001011101110
10101101111111111100111100011101110
10101101100011111110011111011101110
10101101100000000000000010111101110
10101101100000000001100110111101110
10101101100100000011001001111101110
10101101100100000100101101011101110
10101101101000000110010000111101110
10101101101100000111110100011101110
10101101110000001001010111011101110
10101101110000001010111010011101110
10101101111000001100011101011101110
10101101111100001110000000011101110
10101110000000001111100010111101110
10101110001000010001000101011101110
10101110001100010010100111111101110
10101110010100010100001001111101110
10101110011100010101101011111101110
10101110011111100101101111111101110
10101110010111100111010001111101110
10101110001111101000110011111101110
10101110001011101010010110011101110
10101110000011101011111000111101110
10101101111111101101011011011101110
10101101111011101110111110011101110
10101101110011110000100001011101110
10101101110011110010000100011101110
10101101101111110011100111011101110
10101101101011110101001010111101110
10101101100111110110101110011101110
10101101100111111000010001011101110
10101101100011111001110100111101110
10101101100011111011011000011101110
10101101100011111100111011111101110
