1000011111
1000011111
1000011111
1010011111
1100011111
1110011111
0001011101
0011011101
0101011101
0111011101
0111011101
0111011101
0111011101
0111011101
0111011101
0111011101
0111011101
0111011101
0111011101
0111011101
0111011101
0111011101
0111011101
0111011101
0111011101
0111011101
0111011101
0111011101
0111011101
0111011101
0111011101
0111011101
1000100010
1000100010
1000100010
1000100010
1000100010
1000100010
1000100010
1000100010
1000100010
1000100010
1000100010
1000100010
1000100010
1000100010
1000100010
1000100010
1000100010
1000100010
1000100010
1000100010
1000100010
1000100010
1000100010
1000100010
1000101010
1000110010
1000111010
1000000111
1000001111
1000010111
1000011111
1000011111
1000011111
1000011111
1000011111
1010011111
1100011111
1110011111
0001011111
0011011101
0101011101
0111011101
0111011101
0111011101
0111011101
0111011101
0111011101
0111011101
0111011101
0111011101
0111011101
0111011101
0111011101
0111011101
0111011101
0111011101
0111011101
0111011101
0111011101
0111011101
0111011101
0111011101
0111011101
0111011101
1000100010
1000100010
1000100010
1000100010
1000100010
1000100010
1000100010
1000100010
1000100010
1000100010
1000100010
1000100010
1000100010
1000100010
1000100010
1000100010
1000100010
1000100010
1000100010
1000100010
1000100010
1000100010
1000100010
1000100010
1000101010
1000110010
1000111010
1000000110
1000001111
1000010111
1000011111
1000011111
1000011111
1000011111
1000011111
1010011111
1100011111
1110011111
0001011111
0011011111
0101011101
0111011101
0111011101
0111011101
0111011101
0111011101
0111011101
0111011101
0111011101
0111011101
0111011101
0111011101
0111011101
0111011101
0111011101
0111011101
0111011101
0111011101
0111011101
0111011101
0111011101
0111011101
0111011101
0111011101
1000100010
1000100010
1000100010
1000100010
1000100010
1000100010
1000100010
1000100010
1000100010
1000100010
1000100010
1000100010
1000100010
1000100010
1000100010
1000100010
1000100010
1000100010
1000100010
1000100010
1000100010
1000100010
1000100010
1000100010
1000101010
1000110010
1000111010
1000000110
1000001110
1000010111
1000011111
1000011111
1000011111
1000011111
1000011111
1010011111
1100011111
1110011111
0001011111
0011011111
0101011111
0111011101
0111011101
0111011101
0111011101
0111011101
0111011101
0111011101
0111011101
0111011101
0111011101
0111011101
0111011101
0111011101
0111011101
0111011101
0111011101
0111011101
0111011101
0111011101
0111011101
0111011101
0111011101
0111011101
1000100010
1000100010
1000100010
1000100010
1000100010
1000100010
1000100010
1000100010
1000100010
1000100010
1000100010
1000100010
1000100010
1000100010
1000100010
1000100010
1000100010
1000100010
1000100010
1000100010
1000100010
1000100010
1000100010
1000100010
1000101010
1000110010
1000111010
1000000110
1000001110
1000010110
1000011111
1000011111
1000011110
1000011110
1000011110
1010011110
1100011110
1110011110
0001011110
0011011110
0101011110
0111011110
0111011111
0111011111
0111011111
0111011111
0111011111
0111011111
0111011111
0111011111
0111011111
0111011111
0111011111
0111011111
0111011111
0111011111
0111011111
0111011111
0111011111
0111011111
0111011111
0111011111
0111011111
0111011111
1000100010
1000100010
1000100010
1000100010
1000100010
1000100010
1000100010
1000100010
1000100010
1000100010
1000100010
1000100010
1000100010
1000100010
1000100010
1000100010
1000100010
1000100010
1000100010
1000100010
1000100010
1000100010
1000100010
1000100010
1000101010
1000110010
1000111010
1000000110
1000001110
1000010110
1000011110
1000011110
1000011110
1000011110
1000011110
1010011110
1100011110
1110011110
0001011110
0011011110
0101011110
0111011110
0111011110
0111011111
0111011111
0111011111
0111011111
0111011111
0111011111
0111011111
0111011111
0111011111
0111011111
0111011111
0111011111
0111011111
0111011111
0111011111
0111011111
0111011111
0111011111
0111011111
0111011111
0111011111
1000100010
1000100010
1000100010
1000100010
1000100010
1000100010
1000100010
1000100010
1000100010
1000100010
1000100010
1000100010
1000100010
1000100010
1000100010
1000100010
1000100010
1000100010
1000100010
1000100010
1000100010
1000100010
1000100010
1000100010
1000101010
1000110010
1000111010
1000000110
1000001110
1000010110
1000011110
1000011110
1000011110
1000011110
1000011110
1010011110
1100011110
1110011110
0001011110
0011011110
0101011110
0111011110
0111011110
0111011110
0111011110
0111011111
0111011111
0111011111
0111011111
0111011111
0111011111
0111011111
0111011111
0111011111
0111011111
0111011111
0111011111
0111011111
0111011111
0111011111
0111011111
0111011111
0111011111
0111011111
1000100010
1000100010
1000100010
1000100010
1000100010
1000100010
1000100010
1000100010
1000100010
1000100010
1000100010
1000100010
1000100010
1000100010
1000100010
1000100010
1000100010
1000100010
1000100010
1000100010
1000100010
1000100010
1000100010
1000100010
1000101010
1000110010
1000111010
1000000110
1000001110
1000010110
1000011110
1000011110
1000011110
1000011110
1000011110
1010011110
1100011110
1110011110
0001011110
0011011110
0101011110
0111011110
0111011110
0111011110
0111011110
0111011110
0111011111
0111011111
0111011111
0111011111
0111011111
0111011111
0111011111
0111011111
0111011111
0111011111
0111011111
0111011111
0111011111
0111011111
0111011111
0111011111
0111011111
0111011111
1000100010
1000100010
1000100010
1000100010
1000100010
1000100010
1000100010
1000100010
1000100010
1000100010
1000100010
1000100010
1000100010
1000100010
1000100010
1000100010
1000100010
1000100010
1000100010
1000100010
1000100010
1000100010
1000100010
1000100010
1000101010
1000110010
1000111010
1000000110
1000001110
1000010110
1000011110
1000011110
1000011101
1000011101
1000011101
1010011101
1100011101
1110011101
0001011101
0011011101
0101011101
0111011101
0111011101
0111011101
0111011101
0111011101
0111011101
0111011101
0111011101
0111011101
0111011101
0111011101
0111011101
0111011101
0111011101
0111011101
0111011101
0111011101
0111011101
0111011101
0111011101
0111011101
0111011101
0111011101
1000100011
1000100011
1000100011
1000100011
1000100011
1000100011
1000100011
1000100011
1000100011
1000100011
1000100011
1000100011
1000100011
1000100011
1000100011
1000100011
1000100011
1000100001
1000100001
1000100001
1000100001
1000100001
1000100001
1000100001
1000101001
1000110001
1000111001
1000000101
1000001101
1000010101
1000011101
1000011101
1000011101
1000011101
1000011101
1010011101
1100011101
1110011101
0001011101
0011011101
0101011101
0111011101
0111011101
0111011101
0111011101
0111011101
0111011101
0111011101
0111011101
0111011101
0111011101
0111011101
0111011101
0111011101
0111011101
0111011101
0111011101
0111011101
0111011101
0111011101
0111011101
0111011101
0111011101
0111011101
1000100011
1000100011
1000100011
1000100011
1000100011
1000100011
1000100011
1000100011
1000100011
1000100011
1000100011
1000100011
1000100011
1000100011
1000100011
1000100011
1000100011
1000100011
1000100011
1000100001
1000100001
1000100001
1000100001
1000100001
1000101001
1000110001
1000111001
1000000101
1000001101
1000010101
1000011101
1000011101
1000011101
1000011101
1000011101
1010011101
1100011101
1110011101
0001011101
0011011101
0101011101
0111011101
0111011101
0111011101
0111011101
0111011101
0111011101
0111011101
0111011101
0111011101
0111011101
0111011101
0111011101
0111011101
0111011101
0111011101
0111011101
0111011101
0111011101
0111011101
0111011101
0111011101
0111011101
0111011101
1000100011
1000100011
1000100011
1000100011
1000100011
1000100011
1000100011
1000100011
1000100011
1000100011
1000100011
1000100011
1000100011
1000100011
1000100011
1000100011
1000100011
1000100011
1000100011
1000100011
1000100001
1000100001
1000100001
1000100001
1000101001
1000110001
1000111001
1000000101
1000001101
1000010101
1000011101
1000011101
1000011101
1000011101
1000011101
1010011101
1100011101
1110011101
0001011101
0011011101
0101011101
0111011101
0111011101
0111011101
0111011101
0111011101
0111011101
0111011101
0111011101
0111011101
0111011101
0111011101
0111011101
0111011101
0111011101
0111011101
0111011101
0111011101
0111011101
0111011101
0111011101
0111011101
0111011101
0111011101
1000100011
1000100011
1000100011
1000100011
1000100011
1000100011
1000100011
1000100011
1000100011
1000100011
1000100011
1000100011
1000100011
1000100011
1000100011
1000100011
1000100011
1000100011
1000100011
1000100011
1000100011
1000100001
1000100001
1000100001
1000101001
1000110001
1000111001
1000000101
1000001101
1000010101
1000011101
1000011101
1000011101
1000011101
1000011101
1010011101
1100011101
1110011101
0001011101
0011011101
0101011101
0111011101
0111011101
0111011101
0111011101
0111011101
0111011101
0111011101
0111011101
0111011101
0111011101
0111011101
0111011101
0111011101
0111011101
0111011101
0111011101
0111011101
0111011101
0111011101
0111011101
0111011101
0111011101
0111011101
1000100011
1000100011
1000100011
1000100011
1000100011
1000100011
1000100011
1000100011
1000100011
1000100011
1000100011
1000100011
1000100011
1000100011
1000100011
1000100011
1000100011
1000100011
1000100011
1000100011
1000100011
1000100011
1000100001
1000100001
1000101001
1000110001
1000111001
1000000101
1000001101
1000010101
1000011101
1000011101
1000011101
1000011101
1000011101
1010011101
1100011101
1110011101
0001011101
0011011101
0101011101
0111011101
0111011101
0111011101
0111011101
0111011101
0111011101
0111011101
0111011101
0111011101
0111011101
0111011101
0111011101
0111011101
0111011101
0111011101
0111011101
0111011101
0111011101
0111011101
0111011101
0111011101
0111011101
0111011101
1000100011
1000100011
1000100011
1000100011
1000100011
1000100011
1000100011
1000100011
1000100011
1000100011
1000100011
1000100011
1000100011
1000100011
1000100011
1000100011
1000100011
1000100011
1000100011
1000100011
1000100011
1000100011
1000100011
1000100001
1000101001
1000110001
1000111001
1000000101
1000001101
1000010101
1000011101
1000011101
1000011111
1000011111
1000011111
1010011101
1100011101
1110011101
0001011101
0011011101
0101011101
0111011101
0111011101
0111011101
0111011101
0111011101
0111011101
0111011101
0111011101
0111011101
0111011101
0111011101
0111011101
0111011101
0111011101
0111011101
0111011101
0111011101
0111011101
0111011101
0111011101
0111011101
0111011101
0111011101
1000100010
1000100010
1000100010
1000100010
1000100010
1000100010
1000100010
1000100010
1000100010
1000100010
1000100010
1000100010
1000100010
1000100010
1000100010
1000100010
1000100010
1000100010
1000100010
1000100010
1000100010
1000100010
1000100010
1000100010
1000101011
1000110011
1000111011
1000000111
1000001111
1000010111
1000011111
1000011111
1000011111
1000011111
1000011111
1010011111
1100011111
1110011101
0001011101
0011011101
0101011101
0111011101
0111011101
0111011101
0111011101
0111011101
0111011101
0111011101
0111011101
0111011101
0111011101
0111011101
0111011101
0111011101
0111011101
0111011101
0111011101
0111011101
0111011101
0111011101
0111011101
0111011101
0111011101
0111011101
1000100010
1000100010
1000100010
1000100010
1000100010
1000100010
1000100010
1000100010
1000100010
1000100010
1000100010
1000100010
1000100010
1000100010
1000100010
1000100010
1000100010
1000100010
1000100010
1000100010
1000100010
1000100010
1000100010
1000100010
1000101010
1000110010
1000111011
1000000111
1000001111
1000010111
1000011111
1000011111
