11000010100100111110101001011111111
11000010100100111111111100011111111
11000010100101000001001111011111111
11000010101001000010100010011111111
11000010101001000011110101011111111
11000010101101000101001000011111111
11000010101101000110011010111111111
11000010110001000111101101111111111
11000010110101001001000000011111111
11000010111001001010010010111111111
11000010111101001011100101011111111
11000011000001001100110111111111111
11000011000101001110001010011111111
11000011001001001111011100011111111
11000011010001010000101110111111111
11000011010101010010000000111111111
11000011010100101001111111011111111
11000011010000101011010001011111111
11000011001000101100100011111111111
11000011000100101101110101111111111
11000011000000101111001000011111111
11000010111100110000011010111111111
11000010111000110001101101011111111
11000010110100110010111111111111111
11000010110000110100010010011111111
11000010101100110101100101011111111
11000010101100110110110111111111111
11000010101000111000001010111111111
11000010101000111001011101111111111
11000010100100111010110000111111111
11000010100100111100000011111111111
11000010100100111101010110111111111
11000010001100111110101001111111111
11000010001100111111111100111111111
11000010001101000001010000011111111
11000010001101000010100011011111111
11000010010001000011110110011111111
11000010010001000101001001011111111
11000010010101000110011100111111111
11000010010101000111101111111111111
11000010011001001001000010111111111
11000010011101001010010101011111111
11000010100001001011101000011111111
11000010100101001100111010111111111
11000010101001001110001101111111111
11000010110001001111100000011111111
11000010110101010000110010011111111
11000010111101010010000100111111111
11000010111100101001111011011111111
11000010110100101011001101111111111
11000010110000101100011111111111111
11000010101000101101110010011111111
11000010100100101111000101011111111
11000010100000110000010111111111111
11000010011100110001101010111111111
11000010011000110010111101011111111
11000010010100110100010000011111111
11000010010100110101100011011111111
11000010010000110110110110111111111
11000010010000111000001001111111111
11000010001100111001011100111111111
11000010001100111010101111111111111
11000010001100111100000011011111111
11000010001100111101010110011111111
11000001110000111110101001111111111
11000001110000111111111101011111111
11000001110001000001010000111111111
11000001110101000010100100011111111
11000001110101000011110111111111111
11000001110101000101001010111111111
11000001111001000110011110011111111
11000001111101000111110001111111111
11000010000001001001000100111111111
11000010000101001010010111111111111
11000010001001001011101011011111111
11000010001101001100111110011111111
11000010010001001110010000111111111
11000010010101001111100011111111111
11000010011101010000110110011111111
11000010100001010010001000111111111
11000010100000101001110111011111111
11000010011100101011001001111111111
11000010010100101100011100011111111
11000010010000101101101111011111111
11000010001100101111000001111111111
11000010001000110000010100111111111
11000010000100110001101000011111111
11000010000000110010111011011111111
11000001111100110100001110011111111
11000001111000110101100001111111111
11000001110100110110110101011111111
11000001110100111000001000011111111
11000001110100111001011011111111111
11000001110000111010101111011111111
11000001110000111100000010111111111
11000001110000111101010110011111111
11000001010100111110101001111111111
11000001011000111111111101111111111
11000001011001000001010001011111111
11000001011001000010100101011111111
11000001011001000011111000111111111
11000001011101000101001100011111111
11000001100001000110100000011111111
11000001100001000111110011111111111
11000001100101001001000111011111111
11000001101001001010011010111111111
11000001101101001011101101111111111
11000001110001001101000001011111111
11000001110101001110010100011111111
11000001111101001111100111011111111
11000010000001010000111010011111111
11000010001001010010001101011111111
11000010001000101001110010111111111
11000010000000101011000101111111111
11000001111100101100011000111111111
11000001110100101101101011111111111
11000001110000101110111110111111111
11000001101100110000010010011111111
11000001101000110001100101011111111
11000001100100110010111000111111111
11000001100000110100001100011111111
11000001100000110101011111111111111
11000001011100110110110011111111111
11000001011000111000000111011111111
11000001011000111001011010111111111
11000001011000111010101110111111111
11000001011000111100000010011111111
11000001010100111101010110011111111
11000000111100111110101010011111111
11000000111100111111111110011111111
11000000111101000001010010011111111
11000000111101000010100110011111111
11000001000001000011111010011111111
11000001000001000101001101111111111
11000001000101000110100001111111111
11000001001001000111110101111111111
11000001001101001001001001011111111
11000001001101001010011101011111111
11000001010001001011110000111111111
11000001011001001101000100011111111
11000001011101001110010111111111111
11000001100001001111101011011111111
11000001101001010000111110011111111
11000001101101010010010001011111111
11000001101100101001101110111111111
11000001101000101011000001111111111
11000001100000101100010100111111111
11000001011100101101101000011111111
11000001011000101110111011111111111
11000001010000110000001111011111111
11000001001100110001100010111111111
11000001001100110010110110111111111
11000001001000110100001010011111111
11000001000100110101011110011111111
11000001000000110110110010011111111
11000001000000111000000101111111111
11000000111100111001011001111111111
11000000111100111010101101111111111
11000000111100111100000001111111111
11000000111100111101010101111111111
11000000100000111110101010011111111
11000000100000111111111110011111111
11000000100101000001010010111111111
11000000100101000010100111011111111
11000000100101000011111011011111111
11000000101001000101001111111111111
11000000101001000110100011111111111
11000000101101000111110111111111111
11000000110001001001001011111111111
11000000110101001010011111111111111
11000000111001001011110011111111111
11000000111101001101000111011111111
11000001000001001110011011011111111
11000001001001001111101110111111111
11000001001101010001000010011111111
11000001010101010010010101111111111
11000001010100101001101010011111111
11000001001100101010111101111111111
11000001001000101100010001011111111
11000001000000101101100100111111111
11000000111100101110111000111111111
11000000111000110000001100011111111
11000000110100110001100000011111111
11000000110000110010110100011111111
11000000101100110100001000011111111
11000000101000110101011100011111111
11000000101000110110110000011111111
11000000100100111000000100111111111
11000000100100111001011000111111111
11000000100100111010101101011111111
11000000100000111100000001111111111
11000000100000111101010101111111111
11000000001000111110101010011111111
11000000001000111111111110111111111
11000000001001000001010011011111111
11000000001001000010101000011111111
11000000001101000011111100111111111
11000000001101000101010001011111111
11000000010001000110100101011111111
11000000010101000111111001111111111
11000000010101001001001110011111111
11000000011001001010100010011111111
11000000011101001011110110111111111
11000000100101001101001010111111111
11000000101001001110011110111111111
11000000101101001111110010011111111
11000000110101010001000110011111111
11000000111001010010011001111111111
11000000111000101001100110011111111
11000000110100101010111001111111111
11000000101100101100001101111111111
11000000101000101101100001011111111
11000000100100101110110101011111111
11000000011100110000001001011111111
11000000011000110001011101111111111
11000000010100110010110001111111111
11000000010100110100000110011111111
11000000010000110101011010111111111
11000000001100110110101110111111111
11000000001100111000000011011111111
11000000001000111001010111111111111
11000000001000111010101100111111111
11000000001000111100000001011111111
11000000001000111101010101111111111
10111111101100111110101010011111111
10111111101100111111111111011111111
10111111101101000001010100011111111
10111111110001000010101001011111111
10111111110001000011111101111111111
10111111110101000101010010111111111
10111111110101000110100111011111111
10111111111001000111111011111111111
10111111111101001001010000111111111
11000000000001001010100101011111111
11000000000101001011111001111111111
11000000001001001101001101111111111
11000000001101001110100010011111111
11000000010101001111110110011111111
11000000011001010001001010011111111
11000000100001010010011110011111111
11000000100000101001100001111111111
11000000011000101010110101111111111
11000000010100101100001001111111111
11000000001100101101011101111111111
11000000001000101110110010011111111
11000000000100110000000110011111111
11000000000000110001011010111111111
10111111111100110010101111011111111
10111111111000110100000100011111111
10111111110100110101011000111111111
10111111110100110110101101011111111
10111111110000111000000010011111111
10111111110000111001010110111111111
10111111101100111010101011111111111
10111111101100111100000000111111111
10111111101100111101010101111111111
11000101111000111110101000011111111
11000101111000111111111001011111111
11000101111001000001001010011111111
11000101111001000010011010111111111
11000101111101000011101011111111111
11000101111101000100111100011111111
11000110000001000110001101011111111
11000110000001000111011101111111111
11000110000101001000101110011111111
11000110001001001001111111011111111
11000110001101001011001111111111111
11000110010001001100011111111111111
11000110010101001101110000011111111
11000110011001001111000000011111111
11000110100001010000010000111111111
11000110100101010001100000111111111
11000110100100101010011111011111111
11000110100000101011101111011111111
11000110011000101100111111111111111
11000110010100101110001111111111111
11000110010000101111100000011111111
11000110001100110000110000011111111
11000110001000110010000000111111111
11000110000100110011010001111111111
11000110000000110100100010011111111
11000110000000110101110010111111111
11000101111100110111000011111111111
11000101111100111000010100011111111
11000101111000111001100101011111111
11000101111000111010110101111111111
11000101111000111100000110111111111
11000101111000111101010111111111111
11000101011100111110101000111111111
11000101011100111111111001111111111
11000101011101000001001010111111111
11000101100001000010011011111111111
11000101100001000011101100111111111
11000101100001000100111101111111111
11000101100101000110001110111111111
11000101101001000111011111111111111
11000101101101001000110000111111111
11000101101101001010000001011111111
11000101110001001011010010011111111
11000101110101001100100010111111111
11000101111101001101110011011111111
11000110000001001111000011111111111
11000110000101010000010100011111111
11000110001101010001100100011111111
11000110001100101010011011111111111
11000110000100101011101011111111111
11000110000000101100111100011111111
11000101111100101110001100111111111
11000101110100101111011101011111111
11000101110000110000101101111111111
11000101101100110001111110111111111
11000101101100110011001111011111111
11000101101000110100100000011111111
11000101100100110101110001011111111
11000101100000110111000010011111111
11000101100000111000010011011111111
11000101100000111001100100011111111
11000101011100111010110101011111111
11000101011100111100000110011111111
11000101011100111101010111011111111
11000101000000111110101000111111111
11000101000100111111111010011111111
11000101000101000001001011011111111
11000101000101000010011100111111111
11000101000101000011101110011111111
11000101001001000100111111011111111
11000101001001000110010000111111111
11000101001101000111100001111111111
11000101010001001000110010111111111
11000101010101001010000011111111111
11000101011001001011010100111111111
11000101011101001100100101111111111
11000101100001001101110110111111111
11000101100101001111000111011111111
11000101101101010000010111111111111
11000101110001010001101000011111111
11000101110000101010010111111111111
11000101101100101011101000011111111
11000101100100101100111000111111111
11000101100000101110001001011111111
11000101011100101111011010011111111
11000101011000110000101011011111111
11000101010100110001111100011111111
11000101010000110011001101011111111
11000101001100110100011110011111111
11000101001000110101101111011111111
11000101001000110111000000111111111
11000101000100111000010001111111111
11000101000100111001100011011111111
11000101000100111010110100111111111
11000101000100111100000101111111111
11000101000000111101010111011111111
11000100101000111110101000111111111
11000100101000111111111010011111111
11000100101001000001001100011111111
11000100101001000010011101111111111
11000100101101000011101111011111111
11000100101101000101000000111111111
11000100110001000110010010011111111
11000100110101000111100011111111111
11000100110101001000110101011111111
11000100111001001010000110011111111
11000100111101001011010111111111111
11000101000001001100101000111111111
11000101001001001101111001111111111
11000101001101001111001010111111111
11000101010001010000011011111111111
11000101011001010001101100011111111
11000101011000101010010011111111111
11000101010000101011100100011111111
11000101001100101100110101011111111
11000101001000101110000110011111111
11000101000000101111010111011111111
11000100111100110000101000011111111
11000100111000110001111001111111111
11000100110100110011001010111111111
11000100110100110100011100011111111
11000100110000110101101101111111111
11000100101100110110111111011111111
11000100101100111000010000111111111
11000100101000111001100010011111111
11000100101000111010110011111111111
11000100101000111100000101111111111
11000100101000111101010111011111111
11000100001100111110101000111111111
11000100001100111111111010111111111
11000100010001000001001100111111111
11000100010001000010011110111111111
11000100010001000011110000011111111
11000100010101000101000010011111111
11000100010101000110010011111111111
11000100011001000111100101111111111
11000100011101001000110111011111111
11000100100001001010001000111111111
11000100100101001011011010011111111
11000100101001001100101011111111111
11000100101101001101111101011111111
11000100110001001111001110011111111
11000100111001010000011111011111111
11000100111101010001110000011111111
11000100111100101010001111111111111
11000100111000101011100000111111111
11000100110000101100110001111111111
11000100101100101110000010111111111
11000100101000101111010100011111111
11000100100100110000100101111111111
11000100100000110001110111011111111
11000100011100110011001000111111111
11000100011000110100011010011111111
11000100010100110101101100011111111
11000100010100110110111101111111111
11000100010000111000001111111111111
11000100010000111001100001011111111
11000100010000111010110011011111111
11000100001100111100000101011111111
11000100001100111101010111011111111
11000011110100111110101001011111111
11000011110100111111111011011111111
11000011110101000001001101011111111
11000011110101000010011111011111111
11000011111001000011110001111111111
11000011111001000101000011111111111
11000011111101000110010101111111111
11000100000001000111100111111111111
11000100000001001000111001011111111
11000100000101001010001011011111111
11000100001001001011011101011111111
11000100001101001100101110111111111
11000100010101001110000000011111111
11000100011001001111010001111111111
11000100011101010000100011011111111
11000100100101010001110100011111111
11000100100100101010001011111111111
11000100011100101011011100111111111
11000100011000101100101110011111111
11000100010100101101111111111111111
11000100001100101111010001011111111
11000100001000110000100010111111111
11000100000100110001110100111111111
11000100000000110011000110111111111
11000100000000110100011000011111111
11000011111100110101101010011111111
11000011111000110110111100011111111
11000011111000111000001110011111111
11000011110100111001100000111111111
11000011110100111010110010111111111
11000011110100111100000100111111111
11000011110100111101010110111111111
11000011011000111110101001011111111
11000011011000111111111011111111111
11000011011001000001001110011111111
11000011011101000010100000011111111
11000011011101000011110010111111111
11000011100001000101000101011111111
11000011100001000110010111011111111
11000011100101000111101001111111111
11000011101001001000111011111111111
11000011101101001010001101111111111
11000011110001001011011111111111111
11000011110101001100110001111111111
11000011111001001110000011111111111
11000011111101001111010101011111111
11000100000101010000100110111111111
11000100001001010001111000011111111
11000100001000101010000111111111111
11000100000100101011011001011111111
11000011111100101100101010111111111
11000011111000101101111100011111111
11000011110100101111001110011111111
11000011110000110000100000011111111
11000011101100110001110010011111111
11000011101000110011000100011111111
11000011100100110100010110011111111
11000011100000110101101000111111111
11000011100000110110111010111111111
11000011011100111000001101011111111
11000011011100111001011111111111111
11000011011000111010110001111111111
11000011011000111100000100011111111
11000011011000111101010110111111111
11000011000000111110101001011111111
11000011000000111111111100011111111
11000011000001000001001110111111111
11000011000001000010100001011111111
11000011000101000011110011111111111
11000011000101000101000110111111111
11000011001001000110011001011111111
11000011001001000111101011111111111
11000011001101001000111101111111111
11000011010001001010010000011111111
11000011010101001011100010111111111
11000011011001001100110100111111111
11000011011101001110000110111111111
11000011100101001111011000111111111
11000011101001010000101010111111111
11000011110001010001111100111111111
11000011110000101010000011011111111
11000011101000101011010101011111111
11000011100100101100100111011111111
11000011011100101101111001011111111
11000011011000101111001011011111111
11000011010100110000011101011111111
11000011010000110001101111111111111
11000011001100110011000010011111111
11000011001000110100010100011111111
11000011001000110101100110111111111
11000011000100110110111001011111111
11000011000100111000001100011111111
11000011000000111001011110111111111
11000011000000111010110001011111111
11000011000000111100000011111111111
11000011000000111101010110111111111
