10111100000000111110101011111111111
10111100000001000000000011011111111
10111100000101000001011010111111111
10111100000101000010110010011111111
10111100000101000100001001111111111
10111100001001000101100000111111111
10111100001001000110111000011111111
10111100001101001000001111011111111
10111100010001001001100110111111111
10111100010101001010111101111111111
10111100011001001100010100111111111
10111100011101001101101011111111111
10111100100001001111000010011111111
10111100101001010000011001011111111
10111100101101010001101111111111111
10111100110101010011000110011111111
10111100110100101000111001111111111
10111100101100101010010000011111111
10111100101000101011100110111111111
10111100100000101100111101111111111
10111100011100101110010100011111111
10111100011000101111101011011111111
10111100010100110001000010011111111
10111100010000110010011001011111111
10111100001100110011110000111111111
10111100001000110101000111111111111
10111100001000110110011111011111111
10111100000100110111110110011111111
10111100000100111001001101111111111
10111100000100111010100101011111111
10111100000000111011111100111111111
10111100000000111101010100011111111
10111011101000111110101011111111111
10111011101001000000000011111111111
10111011101001000001011011011111111
10111011101001000010110011011111111
10111011101101000100001010111111111
10111011101101000101100010111111111
10111011110001000110111010011111111
10111011110101001000010001111111111
10111011110101001001101001011111111
10111011111001001011000000111111111
10111100000001001100010111111111111
10111100000101001101101111011111111
10111100001001001111000110011111111
10111100001101010000011101011111111
10111100010101010001110011111111111
10111100011001010011001010111111111
10111100011000101000110101011111111
10111100010100101010001100011111111
10111100001100101011100010111111111
10111100001000101100111001111111111
10111100000100101110010000111111111
10111100000000101111101000011111111
10111011111000110000111111011111111
10111011110100110010010110111111111
10111011110100110011101110011111111
10111011110000110101000101111111111
10111011101100110110011101011111111
10111011101100110111110101011111111
10111011101000111001001100111111111
10111011101000111010100100111111111
10111011101000111011111100011111111
10111011101000111101010100011111111
10111011001100111110101100011111111
10111011001101000000000100011111111
10111011001101000001011100011111111
10111011010001000010110100011111111
10111011010001000100001100011111111
10111011010101000101100100011111111
10111011010101000110111100011111111
10111011011001001000010011111111111
10111011011101001001101011111111111
10111011100001001011000011011111111
10111011100101001100011011011111111
10111011101001001101110010111111111
10111011101101001111001001111111111
10111011110101010000100001011111111
10111011111001010001111000011111111
10111100000001010011001111011111111
10111100000000101000110000111111111
10111011111000101010000111111111111
10111011110100101011011110111111111
10111011101100101100110110011111111
10111011101000101110001101011111111
10111011100100101111100100111111111
10111011100000110000111100111111111
10111011011100110010010100011111111
10111011011000110011101100011111111
10111011010100110101000011111111111
10111011010100110110011011111111111
10111011010000110111110011111111111
10111011010000111001001011111111111
10111011001100111010100011111111111
10111011001100111011111011111111111
10111011001100111101010011111111111
10111010110100111110101100011111111
10111010110101000000000100111111111
10111010110101000001011100111111111
10111010110101000010110101011111111
10111010111001000100001101111111111
10111010111001000101100101111111111
10111010111101000110111110011111111
10111011000001001000010110011111111
10111011000001001001101110011111111
10111011000101001011000110011111111
10111011001001001100011110011111111
10111011010001001101110110011111111
10111011010101001111001101111111111
10111011011001010000100101011111111
10111011100001010001111100111111111
10111011100101010011010011111111111
10111011100100101000101100011111111
10111011100000101010000011011111111
10111011011000101011011010111111111
10111011010100101100110010011111111
10111011010000101110001001111111111
10111011001000101111100001111111111
10111011000100110000111001111111111
10111011000000110010010001111111111
10111011000000110011101001111111111
10111010111100110101000001111111111
10111010111000110110011010011111111
10111010111000110111110010011111111
10111010110100111001001010111111111
10111010110100111010100011011111111
10111010110100111011111011011111111
10111010110100111101010011111111111
10111010011000111110101100011111111
10111010011001000000000101011111111
10111010011001000001011101111111111
10111010011101000010110110011111111
10111010011101000100001110111111111
10111010100001000101100111111111111
10111010100001000111000000011111111
10111010100101001000011000111111111
10111010101001001001110000111111111
10111010101101001011001001011111111
10111010110001001100100001011111111
10111010110101001101111001111111111
10111010111001001111010001011111111
10111011000001010000101001011111111
10111011000101010010000001011111111
10111011001101010011011000111111111
10111011001100101000100111011111111
10111011000100101001111110111111111
10111011000000101011010110111111111
10111010111000101100101110111111111
10111010110100101110000110011111111
10111010110000101111011110111111111
10111010101100110000110110111111111
10111010101000110010001111011111111
10111010100100110011100111011111111
10111010100000110100111111111111111
10111010100000110110011000011111111
10111010011100110111110001011111111
10111010011100111001001001111111111
10111010011000111010100010011111111
10111010011000111011111010111111111
10111010011000111101010011111111111
10111001111100111110101100111111111
10111010000001000000000101111111111
10111010000001000001011110011111111
10111010000001000010110111011111111
10111010000001000100010000011111111
10111010000101000101101001011111111
10111010001001000111000010011111111
10111010001001001000011010111111111
10111010001101001001110011111111111
10111010010001001011001100011111111
10111010010101001100100100111111111
10111010011101001101111101011111111
10111010100001001111010101011111111
10111010100101010000101101011111111
10111010101101010010000101011111111
10111010110001010011011101011111111
10111010110000101000100010111111111
10111010101100101001111010111111111
10111010100100101011010010111111111
10111010100000101100101010111111111
10111010011100101110000010111111111
10111010010100101111011011011111111
10111010010000110000110011111111111
10111010001100110010001100011111111
10111010001000110011100101011111111
10111010001000110100111101111111111
10111010000100110110010110111111111
10111010000000110111101111111111111
10111010000000111001001000111111111
10111010000000111010100001111111111
10111010000000111011111010011111111
10111001111100111101010011011111111
10111001100100111110101100111111111
10111001100101000000000101111111111
10111001100101000001011111011111111
10111001100101000010111000111111111
10111001101001000100010001111111111
10111001101001000101101010111111111
10111001101101000111000100011111111
10111001110001001000011101011111111
10111001110101001001110110011111111
10111001111001001011001111011111111
10111001111101001100100111111111111
10111010000001001110000000111111111
10111010000101001111011001011111111
10111010001101010000110001111111111
10111010010001010010001001111111111
10111010011001010011100010011111111
10111010011000101000011101111111111
10111010010000101001110110011111111
10111010001100101011001110011111111
10111010000100101100100110111111111
10111010000000101101111111011111111
10111001111100101111011000011111111
10111001111000110000110000111111111
10111001110100110010001001111111111
10111001110000110011100010111111111
10111001101100110100111011111111111
10111001101000110110010101011111111
10111001101000110111101110011111111
10111001100100111001000111011111111
10111001100100111010100000111111111
10111001100100111011111010011111111
10111001100100111101010011011111111
10111001001000111110101100111111111
10111001001001000000000110011111111
10111001001101000001100000011111111
10111001001101000010111001111111111
10111001001101000100010011011111111
10111001010001000101101100111111111
10111001010101000111000110011111111
10111001010101001000011111111111111
10111001011001001001111000111111111
10111001011101001011010010011111111
10111001100001001100101011011111111
10111001100101001110000100011111111
10111001101101001111011101011111111
10111001110001010000110101111111111
10111001111001010010001110011111111
10111001111101010011100110111111111
10111001111100101000011001011111111
10111001111000101001110001111111111
10111001110000101011001010011111111
10111001101100101100100010111111111
10111001100100101101111011111111111
10111001100000101111010100111111111
10111001011100110000101101111111111
10111001011000110010000111011111111
10111001010100110011100000011111111
10111001010100110100111001111111111
10111001010000110110010011011111111
10111001001100110111101100111111111
10111001001100111001000110011111111
10111001001100111010011111111111111
10111001001000111011111001111111111
10111001001000111101010011011111111
10111111010100111110101010111111111
10111111010100111111111111111111111
10111111010101000001010100111111111
10111111010101000010101001111111111
10111111011001000011111111011111111
10111111011001000101010100011111111
10111111011101000110101001011111111
10111111100001000111111110011111111
10111111100001001001010010111111111
10111111100101001010100111111111111
10111111101001001011111100011111111
10111111101101001101010001011111111
10111111110101001110100101111111111
10111111111001001111111001111111111
10111111111101010001001110011111111
11000000000101010010100010011111111
11000000000100101001011101111111111
10111111111100101010110001111111111
10111111111000101100000110011111111
10111111110100101101011010011111111
10111111101100101110101110111111111
10111111101000110000000011111111111
10111111100100110001011000011111111
10111111100000110010101101011111111
10111111100000110100000001111111111
10111111011100110101010110111111111
10111111011000110110101011111111111
10111111011000111000000000111111111
10111111010100111001010110011111111
10111111010100111010101011011111111
10111111010100111100000000011111111
10111111010100111101010101011111111
10111110111000111110101010111111111
10111110111001000000000000011111111
10111110111001000001010101111111111
10111110111101000010101010111111111
10111110111101000100000000011111111
10111111000001000101010101111111111
10111111000001000110101010111111111
10111111000101001000000000011111111
10111111001001001001010101011111111
10111111001101001010101010011111111
10111111010001001011111111011111111
10111111010101001101010100011111111
10111111011001001110101001011111111
10111111100001001111111101111111111
10111111100101010001010010011111111
10111111101101010010100110111111111
10111111101100101001011001011111111
10111111100100101010101101111111111
10111111100000101100000010011111111
10111111011000101101010110111111111
10111111010100101110101011111111111
10111111010000110000000000111111111
10111111001100110001010101111111111
10111111001000110010101010111111111
10111111000100110011111111111111111
10111111000000110101010101011111111
10111111000000110110101010011111111
10111110111100110111111111111111111
10111110111100111001010101011111111
10111110111000111010101010011111111
10111110111000111011111111111111111
10111110111000111101010101011111111
10111110100000111110101010111111111
10111110100001000000000000111111111
10111110100001000001010110011111111
10111110100001000010101011111111111
10111110100101000100000001111111111
10111110100101000101010111011111111
10111110101001000110101100111111111
10111110101001001000000010011111111
10111110101101001001010111111111111
10111110110001001010101101011111111
10111110110101001100000010011111111
10111110111001001101010111111111111
10111111000001001110101100111111111
10111111000101010000000001111111111
10111111001001010001010110011111111
10111111010001010010101011011111111
10111111010000101001010100111111111
10111111001000101010101001111111111
10111111000100101011111110011111111
10111111000000101101010011011111111
10111110111000101110101000011111111
10111110110100101111111101111111111
10111110110000110001010010111111111
10111110101100110010101000011111111
10111110101000110011111101111111111
10111110101000110101010011011111111
10111110100100110110101000111111111
10111110100100110111111110011111111
10111110100000111001010100011111111
10111110100000111010101001111111111
10111110100000111011111111011111111
10111110100000111101010101011111111
10111110000100111110101011011111111
10111110000101000000000001011111111
10111110000101000001010111011111111
10111110001001000010101100111111111
10111110001001000100000010111111111
10111110001101000101011000111111111
10111110001101000110101110111111111
10111110010001001000000100011111111
10111110010101001001011010011111111
10111110011001001010101111111111111
10111110011101001100000101011111111
10111110100001001101011010111111111
10111110100101001110110000011111111
10111110101001010000000101011111111
10111110110001010001011010111111111
10111110111001010010101111111111111
10111110111000101001010000011111111
10111110110000101010100101011111111
10111110101000101011111010111111111
10111110100100101101001111111111111
10111110100000101110100101011111111
10111110011100101111111010111111111
10111110011000110001010000011111111
10111110010100110010100101111111111
10111110010000110011111011111111111
10111110001100110101010001011111111
10111110001100110110100111011111111
10111110001000110111111101011111111
10111110001000111001010011011111111
10111110000100111010101000111111111
10111110000100111011111110111111111
10111110000100111101010100111111111
10111101101000111110101011011111111
10111101101101000000000001011111111
10111101101101000001010111111111111
10111101101101000010101110011111111
10111101101101000100000100011111111
10111101110001000101011010011111111
10111101110101000110110000111111111
10111101110101001000000110111111111
10111101111001001001011100111111111
10111101111101001010110010111111111
10111110000001001100001000011111111
10111110000101001101011110011111111
10111110001101001110110011111111111
10111110010001010000001001011111111
10111110010101010001011110111111111
10111110011101010010110100011111111
10111110011100101001001011111111111
10111110010100101010100001011111111
10111110010000101011110110111111111
10111110001100101101001100011111111
10111110000100101110100001111111111
10111110000000101111110111111111111
10111101111100110001001101011111111
10111101111000110010100011011111111
10111101110100110011111001011111111
10111101110100110101001111011111111
10111101110000110110100101111111111
10111101101100110111111011111111111
10111101101100111001010001111111111
10111101101100111010101000011111111
10111101101100111011111110111111111
10111101101000111101010100111111111
10111101010000111110101011011111111
10111101010001000000000001111111111
10111101010001000001011000011111111
10111101010001000010101111011111111
10111101010101000100000101111111111
10111101010101000101011100011111111
10111101011001000110110010011111111
10111101011101001000001000111111111
10111101100001001001011111011111111
10111101100101001010110101011111111
10111101101001001100001011011111111
10111101101101001101100001111111111
10111101110001001110110111011111111
10111101110101010000001101011111111
10111101111101010001100010111111111
10111110000001010010111000011111111
10111110000000101001000111111111111
10111101111100101010011101011111111
10111101110100101011110010111111111
10111101110000101101001000111111111
10111101101100101110011110011111111
10111101101000101111110100111111111
10111101100100110001001010111111111
10111101100000110010100000111111111
10111101011100110011110111011111111
10111101011000110101001101111111111
10111101010100110110100011111111111
10111101010100110111111010011111111
10111101010000111001010000111111111
10111101010000111010100111111111111
10111101010000111011111110011111111
10111101010000111101010100111111111
10111100110100111110101011011111111
10111100110101000000000010011111111
10111100111001000001011001011111111
10111100111001000010110000011111111
10111100111001000100000110111111111
10111100111101000101011101111111111
10111101000001000110110100011111111
10111101000001001000001011011111111
10111101000101001001100001111111111
10111101001001001010111000011111111
10111101001101001100001110111111111
10111101010001001101100100111111111
10111101011001001110111011011111111
10111101011101010000010001011111111
10111101100001010001100111011111111
10111101101001010010111100111111111
10111101101000101001000011011111111
10111101100000101010011000111111111
10111101011100101011101110111111111
10111101011000101101000100111111111
10111101010000101110011011011111111
10111101001100101111110001011111111
10111101001000110001000111111111111
10111101000100110010011110011111111
10111101000000110011110100111111111
10111101000000110101001011111111111
10111100111100110110100010011111111
10111100111000110111111001011111111
10111100111000111001001111111111111
10111100111000111010100110111111111
10111100110100111011111101111111111
10111100110100111101010100111111111
10111100011100111110101011111111111
10111100011101000000000010111111111
10111100011101000001011001111111111
10111100011101000010110001011111111
10111100100001000100001000011111111
10111100100001000101011111011111111
10111100100101000110110110011111111
10111100101001001000001101011111111
10111100101101001001100100011111111
10111100110001001010111010111111111
10111100110101001100010001111111111
10111100111001001101101000011111111
10111100111101001110111110111111111
10111101000001010000010101011111111
10111101001001010001101011011111111
10111101001101010011000001111111111
10111101001100101000111110011111111
10111101001000101010010100111111111
10111101000000101011101010111111111
10111100111100101101000001011111111
10111100111000101110010111111111111
10111100110100101111101110011111111
10111100110000110001000101011111111
10111100101100110010011011111111111
10111100101000110011110010111111111
10111100100100110101001001111111111
10111100100000110110100000111111111
10111100100000110111110111111111111
10111100011100111001001110111111111
10111100011100111010100110011111111
10111100011100111011111101011111111
10111100011100111101010100011111111
