10001001001100100010010111101101001
10001001010000100111000111101101001
10001001010100101011110110101101001
10001001011100110000100100101101001
10001001101000110101010001001101001
10001001111000111001111011101101001
10001010001000111110100100101101001
10001010011101000011001010101101001
10001010011111111100110101001101001
10001010001000000001011011001101001
10001001111000000110000100001101001
10001001101000001010101110101101001
10001001011100001111011011001101001
10001001010100010100001001001101001
10001001010000011000111000001101001
10001001001100011101101000001101001
10001001001100100010010111101101001
10001001010000100111000111101101001
10001001010100101011110110101101001
10001001011100110000100100101101001
10001001101000110101010001001101001
10001001111000111001111011101101001
10001010001000111110100100101101001
10001010011101000011001010101101001
10001010011111111100110101001101001
10001010001000000001011011001101001
10001001111000000110000100001101001
10001001101000001010101110101101001
10001001011100001111011011001101001
10001001010100010100001001001101001
10001001010000011000111000001101001
10001001001100011101101000001101001
10001001001100100010010111101101001
10001001010000100111000111101101001
10001001010100101011110110101101001
10001001011100110000100100101101001
10001001101000110101010001001101001
10001001111000111001111011101101001
10001010001000111110100100101101001
10001010011101000011001010101101001
10001010011111111100110101001101001
10001010001000000001011011001101001
10001001111000000110000100001101001
10001001101000001010101110101101001
10001001011100001111011011001101001
10001001010100010100001001001101001
10001001010000011000111000001101001
10001001001100011101101000001101001
10001001001100100010010111101101001
10001001010000100111000111101101001
10001001010100101011110110101101001
10001001011100110000100100101101001
10001001101000110101010001001101001
10001001111000111001111011101101001
10001010001000111110100100101101001
10001010011101000011001010101101001
10001010011111111100110101001101001
10001010001000000001011011001101001
10001001111000000110000100001101001
10001001101000001010101110101101001
10001001011100001111011011001101001
10001001010100010100001001001101001
10001001010000011000111000001101001
10001001001100011101101000001101001
10001001001100100010010111101101001
10001001010000100111000111101101001
10001001010100101011110110101101001
10001001011100110000100100101101001
10001001101000110101010001001101001
10001001111000111001111011101101001
10001010001000111110100100101101001
10001010011101000011001010101101001
10001010011111111100110101001101001
10001010001000000001011011001101001
10001001111000000110000100001101001
10001001101000001010101110101101001
10001001011100001111011011001101001
10001001010100010100001001001101001
10001001010000011000111000001101001
10001001001100011101101000001101001
10001001001100100010010111101101001
10001001010000100111000111101101001
10001001010100101011110110101101001
10001001011100110000100100101101001
10001001101000110101010001001101001
10001001111000111001111011101101001
10001010001000111110100100101101001
10001010011101000011001010101101001
10001010011111111100110101001101001
10001010001000000001011011001101001
10001001111000000110000100001101001
10001001101000001010101110101101001
10001001011100001111011011001101001
10001001010100010100001001001101001
10001001010000011000111000001101001
10001001001100011101101000001101001
10001001001100100010010111101101001
10001001010000100111000111101101001
10001001010100101011110110101101001
10001001011100110000100100101101001
10001001101000110101010001001101001
10001001111000111001111011101101001
10001010001000111110100100101101001
10001010011101000011001010101101001
10001010011111111100110101001101001
10001010001000000001011011001101001
10001001111000000110000100001101001
10001001101000001010101110101101001
10001001011100001111011011001101001
10001001010100010100001001001101001
10001001010000011000111000001101001
10001001001100011101101000001101001
10001001001100100010010111101101001
10001001010000100111000111101101001
10001001010100101011110110101101001
10001001011100110000100100101101001
10001001101000110101010001001101001
10001001111000111001111011101101001
10001010001000111110100100101101001
10001010011101000011001010101101001
10001010011111111100110101001101001
10001010001000000001011011001101001
10001001111000000110000100001101001
10001001101000001010101110101101001
10001001011100001111011011001101001
10001001010100010100001001001101001
10001001010000011000111000001101001
10001001001100011101101000001101001
10001001001100100010010111101101001
10001001010000100111000111101101001
10001001010100101011110110101101001
10001001011100110000100100101101001
10001001101000110101010001001101001
10001001111000111001111011101101001
10001010001000111110100100101101001
10001010011101000011001010101101001
10001010011111111100110101001101001
10001010001000000001011011001101001
10001001111000000110000100001101001
10001001101000001010101110101101001
10001001011100001111011011001101001
10001001010100010100001001001101001
10001001010000011000111000001101001
10001001001100011101101000001101001
10001001001100100010010111101101001
10001001010000100111000111101101001
10001001010100101011110110101101001
10001001011100110000100100101101001
10001001101000110101010001001101001
10001001111000111001111011101101001
10001010001000111110100100101101001
10001010011101000011001010101101001
10001010011111111100110101001101001
10001010001000000001011011001101001
10001001111000000110000100001101001
10001001101000001010101110101101001
10001001011100001111011011001101001
10001001010100010100001001001101001
10001001010000011000111000001101001
10001001001100011101101000001101001
10001001001100100010010111101101001
10001001010000100111000111101101001
10001001010100101011110110101101001
10001001011100110000100100101101001
10001001101000110101010001001101001
10001001111000111001111011101101001
10001010001000111110100100101101001
10001010011101000011001010101101001
10001010011111111100110101001101001
10001010001000000001011011001101001
10001001111000000110000100001101001
10001001101000001010101110101101001
10001001011100001111011011001101001
10001001010100010100001001001101001
10001001010000011000111000001101001
10001001001100011101101000001101001
10001001001100100010010111101101001
10001001010000100111000111101101001
10001001010100101011110110101101001
10001001011100110000100100101101001
10001001101000110101010001001101001
10001001111000111001111011101101001
10001010001000111110100100101101001
10001010011101000011001010101101001
10001010011111111100110101001101001
10001010001000000001011011001101001
10001001111000000110000100001101001
10001001101000001010101110101101001
10001001011100001111011011001101001
10001001010100010100001001001101001
10001001010000011000111000001101001
10001001001100011101101000001101001
10001001001100100010010111101101001
10001001010000100111000111101101001
10001001010100101011110110101101001
10001001011100110000100100101101001
10001001101000110101010001001101001
10001001111000111001111011101101001
10001010001000111110100100101101001
10001010011101000011001010101101001
10001010011111111100110101001101001
10001010001000000001011011001101001
10001001111000000110000100001101001
10001001101000001010101110101101001
10001001011100001111011011001101001
10001001010100010100001001001101001
10001001010000011000111000001101001
10001001001100011101101000001101001
10001001001100100010010111101101001
10001001010000100111000111101101001
10001001010100101011110110101101001
10001001011100110000100100101101001
10001001101000110101010001001101001
10001001111000111001111011101101001
10001010001000111110100100101101001
10001010011101000011001010101101001
10001010011111111100110101001101001
10001010001000000001011011001101001
10001001111000000110000100001101001
10001001101000001010101110101101001
10001001011100001111011011001101001
10001001010100010100001001001101001
10001001010000011000111000001101001
10001001001100011101101000001101001
10001001001100100010010111101101001
10001001010000100111000111101101001
10001001010100101011110110101101001
10001001011100110000100100101101001
10001001101000110101010001001101001
10001001111000111001111011101101001
10001010001000111110100100101101001
10001010011101000011001010101101001
10001010011111111100110101001101001
10001010001000000001011011001101001
10001001111000000110000100001101001
10001001101000001010101110101101001
10001001011100001111011011001101001
10001001010100010100001001001101001
10001001010000011000111000001101001
10001001001100011101101000001101001
10001001001100100010010111101101001
10001001010000100111000111101101001
10001001010100101011110110101101001
10001001011100110000100100101101001
10001001101000110101010001001101001
10001001111000111001111011101111001
10001010001000111110100100101111001
10001010011101000011001010101111001
10001010011111111100110101001111001
10001010001000000001011011001111001
10001001111000000110000100001111001
10001001101000001010101110101101001
10001001011100001111011011001101001
10001001010100010100001001001101001
10001001010000011000111000001101001
10001001001100011101101000001101001
10001001001100100010010111101101001
10001001010000100111000111101101001
10001001010100101011110110101101001
10001001011100110000100100101101001
10001001101000110101010001001101001
10001001111000111001111011101101000
10001010001000111110100100101101000
10001010011101000011001010101101000
10001010011111111100110101001101000
10001010001000000001011011001101000
10001001111000000110000100001101000
10001001101000001010101110101101001
10001001011100001111011011001101001
10001001010100010100001001001101001
10001001010000011000111000001101001
10001001001100011101101000001101001
10001001001100100010010111101101001
10001001010000100111000111101101001
10001001010100101011110110101101001
10001001011100110000100100101101001
10001001101000110101010001001101001
10001001111000111001111011101101001
10001010001000111110100100101101001
10001010011101000011001010101101001
10001010011111111100110101001101001
10001010001000000001011011001101001
10001001111000000110000100001101001
10001001101000001010101110101101001
10001001011100001111011011001101001
10001001010100010100001001001101001
10001001010000011000111000001101001
10001001001100011101101000001101001
10001001001100100010010111101101001
10001001010000100111000111101101001
10001001010100101011110110101101001
10001001011100110000100100101101001
10001001101000110101010001001101001
10001001111000111001111011101101001
10001010001000111110100100101101001
10001010011101000011001010101101001
10001010011111111100110101001101001
10001010001000000001011011001101001
10001001111000000110000100001101001
10001001101000001010101110101101001
10001001011100001111011011001101001
10001001010100010100001001001101001
10001001010000011000111000001101001
10001001001100011101101000001101001
10001001001100100010010111101101001
10001001010000100111000111101101001
10001001010100101011110110101101001
10001001011100110000100100101101001
10001001101000110101010001001101001
10001001111000111001111011101101001
10001010001000111110100100101101001
10001010011101000011001010101101001
10001010011111111100110101001101001
10001010001000000001011011001101001
10001001111000000110000100001101001
10001001101000001010101110101101001
10001001011100001111011011001101001
10001001010100010100001001001101001
10001001010000011000111000001101001
10001001001100011101101000001101001
10001001001100100010010111101101001
10001001010000100111000111101101001
10001001010100101011110110101101001
10001001011100110000100100101101001
10001001101000110101010001001101001
10001001111000111001111011101101001
10001010001000111110100100101101001
10001010011101000011001010101101001
10001010011111111100110101001101001
10001010001000000001011011001101001
10001001111000000110000100001101001
10001001101000001010101110101101001
10001001011100001111011011001101001
10001001010100010100001001001101001
10001001010000011000111000001101001
10001001001100011101101000001101001
10001001001100100010010111101101001
10001001010000100111000111101101001
10001001010100101011110110101101001
10001001011100110000100100101101001
10001001101000110101010001001101001
10001001111000111001111011101101001
10001010001000111110100100101101001
10001010011101000011001010101101001
10001010011111111100110101001101001
10001010001000000001011011001101001
10001001111000000110000100001101001
10001001101000001010101110101101001
10001001011100001111011011001101001
10001001010100010100001001001101001
10001001010000011000111000001101001
10001001001100011101101000001101001
10001001001100100010010111101101001
10001001010000100111000111101101001
10001001010100101011110110101101001
10001001011100110000100100101101001
10001001101000110101010001001101001
10001001111000111001111011101101001
10001010001000111110100100101101001
10001010011101000011001010101101001
10001010011111111100110101001101001
10001010001000000001011011001101001
10001001111000000110000100001101001
10001001101000001010101110101101001
10001001011100001111011011001101001
10001001010100010100001001001101001
10001001010000011000111000001101001
10001001001100011101101000001101001
10001001001100100010010111101101001
10001001010000100111000111101101001
10001001010100101011110110101101001
10001001011100110000100100101101001
10001001101000110101010001001101001
10001001111000111001111011101101001
10001010001000111110100100101101001
10001010011101000011001010101101001
10001010011111111100110101001101001
10001010001000000001011011001101001
10001001111000000110000100001101001
10001001101000001010101110101101001
10001001011100001111011011001101001
10001001010100010100001001001101001
10001001010000011000111000001101001
10001001001100011101101000001101001
10001001001100100010010111101101001
10001001010000100111000111101101001
10001001010100101011110110101101001
10001001011100110000100100101101001
10001001101000110101010001001101001
10001001111000111001111011101101001
10001010001000111110100100101101001
10001010011101000011001010101101001
10001010011111111100110101001101001
10001010001000000001011011001101001
10001001111000000110000100001101001
10001001101000001010101110101101001
10001001011100001111011011001101001
10001001010100010100001001001101001
10001001010000011000111000001101001
10001001001100011101101000001101001
10001001001100100010010111101101001
10001001010000100111000111101101001
10001001010100101011110110101101001
10001001011100110000100100101101001
10001001101000110101010001001101001
10001001111000111001111011101101001
10001010001000111110100100101101001
10001010011101000011001010101101001
10001010011111111100110101001101001
10001010001000000001011011001101001
10001001111000000110000100001101001
10001001101000001010101110101101001
10001001011100001111011011001101001
10001001010100010100001001001101001
10001001010000011000111000001101001
10001001001100011101101000001101001
10001001001100100010010111101101001
10001001010000100111000111101101001
10001001010100101011110110101101001
10001001011100110000100100101101001
10001001101000110101010001001101001
10001001111000111001111011101101001
10001010001000111110100100101101001
10001010011101000011001010101101001
10001010011111111100110101001101001
10001010001000000001011011001101001
10001001111000000110000100001101001
10001001101000001010101110101101001
10001001011100001111011011001101001
10001001010100010100001001001101001
10001001010000011000111000001101001
10001001001100011101101000001101001
10001001001100100010010111101101001
10001001010000100111000111101101001
10001001010100101011110110101101001
10001001011100110000100100101101001
10001001101000110101010001001101001
10001001111000111001111011101101001
10001010001000111110100100101101001
10001010011101000011001010101101001
10001010011111111100110101001101001
10001010001000000001011011001101001
10001001111000000110000100001101001
10001001101000001010101110101101001
10001001011100001111011011001101001
10001001010100010100001001001101001
10001001010000011000111000001101001
10001001001100011101101000001101001
10001001001100100010010111101101001
10001001010000100111000111101101001
10001001010100101011110110101101001
10001001011100110000100100101101001
10001001101000110101010001001101001
10001001111000111001111011101101001
10001010001000111110100100101101001
10001010011101000011001010101101001
10001010011111111100110101001101001
10001010001000000001011011001101001
10001001111000000110000100001101001
10001001101000001010101110101101001
10001001011100001111011011001101001
10001001010100010100001001001101001
10001001010000011000111000001101001
10001001001100011101101000001101001
10001001001100100010010111101101001
10001001010000100111000111101101001
10001001010100101011110110101101001
10001001011100110000100100101101001
10001001101000110101010001001101001
10001001111000111001111011101101001
10001010001000111110100100101101001
10001010011101000011001010101101001
10001010011111111100110101001101001
10001010001000000001011011001101001
10001001111000000110000100001101001
10001001101000001010101110101101001
10001001011100001111011011001101001
10001001010100010100001001001101001
10001001010000011000111000001101001
10001001001100011101101000001101001
10001001001100100010010111101101001
10001001010000100111000111101101001
10001001010100101011110110101101001
10001001011100110000100100101101001
10001001101000110101010001001101001
10001001111000111001111011101101001
10001010001000111110100100101101001
10001010011101000011001010101101001
10001010011111111100110101001101001
10001010001000000001011011001101001
10001001111000000110000100001101001
10001001101000001010101110101101001
10001001011100001111011011001101001
10001001010100010100001001001101001
10001001010000011000111000001101001
10001001001100011101101000001101001
10001001001100100010010111101101001
10001001010000100111000111101101001
10001001010100101011110110101101001
10001001011100110000100100101101001
10001001101000110101010001001101001
10001001111000111001111011101101001
10001010001000111110100100101101001
10001010011101000011001010101101001
10001010011111111100110101001101001
10001010001000000001011011001101001
10001001111000000110000100001101001
10001001101000001010101110101101001
10001001011100001111011011001101001
10001001010100010100001001001101001
10001001010000011000111000001101001
10001001001100011101101000001101001
