10001001001100100001001011101101001
10001001001100100011100011101101001
10001001001100100101111011101101001
10001001010000101000010011001101001
10001001010100101010101010101101001
10001001010100101101000010001101001
10001001011100101111011001001101001
10001001100000110001101111101101001
10001001100100110100000110001101001
10001001101100110110011100001101001
10001001110100111000110001001101001
10001001111100111011000110001101001
10001010000100111101011010101101001
10001010001100111111101110001101001
10001010011001000010000001101101001
10001010100101000100010011101101001
10001010100111111011101100001101001
10001010011011111101111110001101001
10001010001100000000010001101101001
10001010000100000010100101001101001
10001001111100000100111001101101001
10001001110100000111001110101101001
10001001101100001001100011101101001
10001001100100001011111001101101001
10001001100000001110010000001101001
10001001011100010000100110101101001
10001001010100010010111101101101001
10001001010100010101010101001101001
10001001010000010111101100101101001
10001001001100011010000100001101001
10001001001100011100011100001101001
10001001001100011110110100001101001
10001001001100100001001011101101001
10001001001100100011100011101101001
10001001001100100101111011101101001
10001001010000101000010011001101001
10001001010100101010101010101101001
10001001010100101101000010001101001
10001001011100101111011001001101001
10001001100000110001101111101101001
10001001100100110100000110001101001
10001001101100110110011100001101001
10001001110100111000110001001101001
10001001111100111011000110001101001
10001010000100111101011010101101001
10001010001100111111101110001101001
10001010011001000010000001101101001
10001010100101000100010011101101001
10001010100111111011101100001101001
10001010011011111101111110001101001
10001010001100000000010001101101001
10001010000100000010100101001101001
10001001111100000100111001101101001
10001001110100000111001110101101001
10001001101100001001100011101101001
10001001100100001011111001101101001
10001001100000001110010000001101001
10001001011100010000100110101101001
10001001010100010010111101101101001
10001001010100010101010101001101001
10001001010000010111101100101101001
10001001001100011010000100001101001
10001001001100011100011100001101001
10001001001100011110110100001101001
10001001001100100001001011101101001
10001001001100100011100011101101001
10001001001100100101111011101101001
10001001010000101000010011001101001
10001001010100101010101010101101001
10001001010100101101000010001101001
10001001011100101111011001001101001
10001001100000110001101111101101001
10001001100100110100000110001101001
10001001101100110110011100001101001
10001001110100111000110001001101001
10001001111100111011000110001101001
10001010000100111101011010101101001
10001010001100111111101110001101001
10001010011001000010000001101101001
10001010100101000100010011101101001
10001010100111111011101100001101001
10001010011011111101111110001101001
10001010001100000000010001101101001
10001010000100000010100101001101001
10001001111100000100111001101101001
10001001110100000111001110101101001
10001001101100001001100011101101001
10001001100100001011111001101101001
10001001100000001110010000001101001
10001001011100010000100110101101001
10001001010100010010111101101101001
10001001010100010101010101001101001
10001001010000010111101100101101001
10001001001100011010000100001101001
10001001001100011100011100001101001
10001001001100011110110100001101001
10001001001100100001001011101101001
10001001001100100011100011101101001
10001001001100100101111011101101001
10001001010000101000010011001101001
10001001010100101010101010101101001
10001001010100101101000010001101001
10001001011100101111011001001101001
10001001100000110001101111101101001
10001001100100110100000110001101001
10001001101100110110011100001101001
10001001110100111000110001001101001
10001001111100111011000110001101001
10001010000100111101011010101101001
10001010001100111111101110001101001
10001010011001000010000001101101001
10001010100101000100010011101101001
10001010100111111011101100001101001
10001010011011111101111110001101001
10001010001100000000010001101101001
10001010000100000010100101001101001
10001001111100000100111001101101001
10001001110100000111001110101101001
10001001101100001001100011101101001
10001001100100001011111001101101001
10001001100000001110010000001101001
10001001011100010000100110101101001
10001001010100010010111101101101001
10001001010100010101010101001101001
10001001010000010111101100101101001
10001001001100011010000100001101001
10001001001100011100011100001101001
10001001001100011110110100001101001
10001001001100100001001011101101001
10001001001100100011100011101101001
10001001001100100101111011101101001
10001001010000101000010011001101001
10001001010100101010101010101101001
10001001010100101101000010001101001
10001001011100101111011001001101001
10001001100000110001101111101101001
10001001100100110100000110001101001
10001001101100110110011100001101001
10001001110100111000110001001101001
10001001111100111011000110001101001
10001010000100111101011010101101001
10001010001100111111101110001101001
10001010011001000010000001101101001
10001010100101000100010011101101001
10001010100111111011101100001101001
10001010011011111101111110001101001
10001010001100000000010001101101001
10001010000100000010100101001101001
10001001111100000100111001101101001
10001001110100000111001110101101001
10001001101100001001100011101101001
10001001100100001011111001101101001
10001001100000001110010000001101001
10001001011100010000100110101101001
10001001010100010010111101101101001
10001001010100010101010101001101001
10001001010000010111101100101101001
10001001001100011010000100001101001
10001001001100011100011100001101001
10001001001100011110110100001101001
10001001001100100001001011101101001
10001001001100100011100011101101001
10001001001100100101111011101101001
10001001010000101000010011001101001
10001001010100101010101010101101001
10001001010100101101000010001101001
10001001011100101111011001001101001
10001001100000110001101111101101001
10001001100100110100000110001101001
10001001101100110110011100001101001
10001001110100111000110001001101001
10001001111100111011000110001101001
10001010000100111101011010101101001
10001010001100111111101110001101001
10001010011001000010000001101101001
10001010100101000100010011101101001
10001010100111111011101100001101001
10001010011011111101111110001101001
10001010001100000000010001101101001
10001010000100000010100101001101001
10001001111100000100111001101101001
10001001110100000111001110101101001
10001001101100001001100011101101001
10001001100100001011111001101101001
10001001100000001110010000001101001
10001001011100010000100110101101001
10001001010100010010111101101101001
10001001010100010101010101001101001
10001001010000010111101100101101001
10001001001100011010000100001101001
10001001001100011100011100001101001
10001001001100011110110100001101001
10001001001100100001001011101101001
10001001001100100011100011101101001
10001001001100100101111011101101001
10001001010000101000010011001101001
10001001010100101010101010101101001
10001001010100101101000010001101001
10001001011100101111011001001101001
10001001100000110001101111101101001
10001001100100110100000110001101001
10001001101100110110011100001101001
10001001110100111000110001001101001
10001001111100111011000110001101001
10001010000100111101011010101101001
10001010001100111111101110001101001
10001010011001000010000001101101001
10001010100101000100010011101101001
10001010100111111011101100001101001
10001010011011111101111110001101001
10001010001100000000010001101101001
10001010000100000010100101001101001
10001001111100000100111001101101001
10001001110100000111001110101101001
10001001101100001001100011101101001
10001001100100001011111001101101001
10001001100000001110010000001101001
10001001011100010000100110101101001
10001001010100010010111101101101001
10001001010100010101010101001101001
10001001010000010111101100101101001
10001001001100011010000100001101001
10001001001100011100011100001101001
10001001001100011110110100001101001
10001001001100100001001011101101001
10001001001100100011100011101101001
10001001001100100101111011101101001
10001001010000101000010011001101001
10001001010100101010101010101101001
10001001010100101101000010001101001
10001001011100101111011001001101001
10001001100000110001101111101101001
10001001100100110100000110001101001
10001001101100110110011100001101001
10001001110100111000110001001101001
10001001111100111011000110001101001
10001010000100111101011010101101001
10001010001100111111101110001101001
10001010011001000010000001101101001
10001010100101000100010011101101001
10001010100111111011101100001101001
10001010011011111101111110001101001
10001010001100000000010001101101001
10001010000100000010100101001101001
10001001111100000100111001101101001
10001001110100000111001110101101001
10001001101100001001100011101101001
10001001100100001011111001101101001
10001001100000001110010000001101001
10001001011100010000100110101101001
10001001010100010010111101101101001
10001001010100010101010101001101001
10001001010000010111101100101101001
10001001001100011010000100001101001
10001001001100011100011100001101001
10001001001100011110110100001101001
10001001001100100001001011101101001
10001001001100100011100011101101001
10001001001100100101111011101101001
10001001010000101000010011001101001
10001001010100101010101010101101001
10001001010100101101000010001101001
10001001011100101111011001001101001
10001001100000110001101111101101001
10001001100100110100000110001101001
10001001101100110110011100001101001
10001001110100111000110001001101000
10001001111100111011000110001101000
10001010000100111101011010101101000
10001010001100111111101110001101000
10001010011001000010000001101101000
10001010100101000100010011101101000
10001010100111111011101100001101000
10001010011011111101111110001101000
10001010001100000000010001101101000
10001010000100000010100101001101000
10001001111100000100111001101101000
10001001110100000111001110101101000
10001001101100001001100011101101001
10001001100100001011111001101101001
10001001100000001110010000001101001
10001001011100010000100110101101001
10001001010100010010111101101101001
10001001010100010101010101001101001
10001001010000010111101100101101001
10001001001100011010000100001101001
10001001001100011100011100001101001
10001001001100011110110100001101001
10001001001100100001001011101101001
10001001001100100011100011101101001
10001001001100100101111011101101001
10001001010000101000010011001101001
10001001010100101010101010101101001
10001001010100101101000010001101001
10001001011100101111011001001101001
10001001100000110001101111101101001
10001001100100110100000110001101001
10001001101100110110011100001101001
10001001110100111000110001001101001
10001001111100111011000110001101001
10001010000100111101011010101101001
10001010001100111111101110001101001
10001010011001000010000001101101001
10001010100101000100010011101101000
10001010100111111011101100001101000
10001010011011111101111110001101001
10001010001100000000010001101101001
10001010000100000010100101001101001
10001001111100000100111001101101001
10001001110100000111001110101101001
10001001101100001001100011101101001
10001001100100001011111001101101001
10001001100000001110010000001101001
10001001011100010000100110101101001
10001001010100010010111101101101001
10001001010100010101010101001101001
10001001010000010111101100101101001
10001001001100011010000100001101001
10001001001100011100011100001101001
10001001001100011110110100001101001
10001001001100100001001011101101001
10001001001100100011100011101101001
10001001001100100101111011101101001
10001001010000101000010011001101001
10001001010100101010101010101101001
10001001010100101101000010001101001
10001001011100101111011001001101001
10001001100000110001101111101101001
10001001100100110100000110001101001
10001001101100110110011100001101001
10001001110100111000110001001101001
10001001111100111011000110001101001
10001010000100111101011010101101001
10001010001100111111101110001101001
10001010011001000010000001101101001
10001010100101000100010011101101001
10001010100111111011101100001101001
10001010011011111101111110001101001
10001010001100000000010001101101001
10001010000100000010100101001101001
10001001111100000100111001101101001
10001001110100000111001110101101001
10001001101100001001100011101101001
10001001100100001011111001101101001
10001001100000001110010000001101001
10001001011100010000100110101101001
10001001010100010010111101101101001
10001001010100010101010101001101001
10001001010000010111101100101101001
10001001001100011010000100001101001
10001001001100011100011100001101001
10001001001100011110110100001101001
10001001001100100001001011101101001
10001001001100100011100011101101001
10001001001100100101111011101101001
10001001010000101000010011001101001
10001001010100101010101010101101001
10001001010100101101000010001101001
10001001011100101111011001001101001
10001001100000110001101111101101001
10001001100100110100000110001101001
10001001101100110110011100001101001
10001001110100111000110001001101001
10001001111100111011000110001101001
10001010000100111101011010101101001
10001010001100111111101110001101001
10001010011001000010000001101101001
10001010100101000100010011101101001
10001010100111111011101100001101001
10001010011011111101111110001101001
10001010001100000000010001101101001
10001010000100000010100101001101001
10001001111100000100111001101101001
10001001110100000111001110101101001
10001001101100001001100011101101001
10001001100100001011111001101101001
10001001100000001110010000001101001
10001001011100010000100110101101001
10001001010100010010111101101101001
10001001010100010101010101001101001
10001001010000010111101100101101001
10001001001100011010000100001101001
10001001001100011100011100001101001
10001001001100011110110100001101001
10001001001100100001001011101101001
10001001001100100011100011101101001
10001001001100100101111011101101001
10001001010000101000010011001101001
10001001010100101010101010101101001
10001001010100101101000010001101001
10001001011100101111011001001101001
10001001100000110001101111101101001
10001001100100110100000110001101001
10001001101100110110011100001101001
10001001110100111000110001001101001
10001001111100111011000110001101001
10001010000100111101011010101101001
10001010001100111111101110001101001
10001010011001000010000001101101001
10001010100101000100010011101101001
10001010100111111011101100001101001
10001010011011111101111110001101001
10001010001100000000010001101101001
10001010000100000010100101001101001
10001001111100000100111001101101001
10001001110100000111001110101101001
10001001101100001001100011101101001
10001001100100001011111001101101001
10001001100000001110010000001101001
10001001011100010000100110101101001
10001001010100010010111101101101001
10001001010100010101010101001101001
10001001010000010111101100101101001
10001001001100011010000100001101001
10001001001100011100011100001101001
10001001001100011110110100001101001
10001001001100100001001011101101001
10001001001100100011100011101101001
10001001001100100101111011101101001
10001001010000101000010011001101001
10001001010100101010101010101101001
10001001010100101101000010001101001
10001001011100101111011001001101001
10001001100000110001101111101101001
10001001100100110100000110001101001
10001001101100110110011100001101001
10001001110100111000110001001101001
10001001111100111011000110001101001
10001010000100111101011010101101001
10001010001100111111101110001101001
10001010011001000010000001101101001
10001010100101000100010011101101001
10001010100111111011101100001101001
10001010011011111101111110001101001
10001010001100000000010001101101001
10001010000100000010100101001101001
10001001111100000100111001101101001
10001001110100000111001110101101001
10001001101100001001100011101101001
10001001100100001011111001101101001
10001001100000001110010000001101001
10001001011100010000100110101101001
10001001010100010010111101101101001
10001001010100010101010101001101001
10001001010000010111101100101101001
10001001001100011010000100001101001
10001001001100011100011100001101001
10001001001100011110110100001101001
10001001001100100001001011101101001
10001001001100100011100011101101001
10001001001100100101111011101101001
10001001010000101000010011001101001
10001001010100101010101010101101001
10001001010100101101000010001101001
10001001011100101111011001001101001
10001001100000110001101111101101001
10001001100100110100000110001101001
10001001101100110110011100001101001
10001001110100111000110001001101001
10001001111100111011000110001101001
10001010000100111101011010101101001
10001010001100111111101110001101001
10001010011001000010000001101101001
10001010100101000100010011101101001
10001010100111111011101100001101001
10001010011011111101111110001101001
10001010001100000000010001101101001
10001010000100000010100101001101001
10001001111100000100111001101101001
10001001110100000111001110101101001
10001001101100001001100011101101001
10001001100100001011111001101101001
10001001100000001110010000001101001
10001001011100010000100110101101001
10001001010100010010111101101101001
10001001010100010101010101001101001
10001001010000010111101100101101001
10001001001100011010000100001101001
10001001001100011100011100001101001
10001001001100011110110100001101001
10001001001100100001001011101101001
10001001001100100011100011101101001
10001001001100100101111011101101001
10001001010000101000010011001101001
10001001010100101010101010101101001
10001001010100101101000010001101001
10001001011100101111011001001101001
10001001100000110001101111101101001
10001001100100110100000110001101001
10001001101100110110011100001101001
10001001110100111000110001001101001
10001001111100111011000110001101001
10001010000100111101011010101101001
10001010001100111111101110001101001
10001010011001000010000001101101001
10001010100101000100010011101101001
10001010100111111011101100001101001
10001010011011111101111110001101001
10001010001100000000010001101101001
10001010000100000010100101001101001
10001001111100000100111001101101001
10001001110100000111001110101101001
10001001101100001001100011101101001
10001001100100001011111001101101001
10001001100000001110010000001101001
10001001011100010000100110101101001
10001001010100010010111101101101001
10001001010100010101010101001101001
10001001010000010111101100101101001
10001001001100011010000100001101001
10001001001100011100011100001101001
10001001001100011110110100001101001
