10100110010100101000100001111111111
10100110010100101011110111011111111
10100110011000101111001100111111111
10100110100000110010100001111111111
10100110101000110101110110011111111
10100110110000111001001010011111111
10100110111100111100011101111111111
10100111001100111111101111111111111
10100111001100001101111101111111111
10100110111100010001010000011111111
10100110110000010100100011011111111
10100110101000010111110111011111111
10100110100000011011001011111111111
10100110011000011110100000111111111
10100110010100100001110110011111111
10100110010100100101001100011111111
10100101111000101000100010011111111
10100101111100101011111000111111111
10100110000000101111001111011111111
10100110000100110010100100111111111
10100110001100110101111010011111111
10100110011000111001001111011111111
10100110100100111100100011011111111
10100110110100111111110110011111111
10100110110100001101110111011111111
10100110100100010001001010011111111
10100110011000010100011110011111111
10100110001100010111110011011111111
10100110000100011011001000111111111
10100110000000011110011110111111111
10100101111100100001110101011111111
10100101111000100101001011111111111
10100101011100101000100010111111111
10100101100000101011111010011111111
10100101100100101111010001011111111
10100101101100110010101000011111111
10100101110100110101111110011111111
10100101111100111001010100011111111
10100110001000111100101001011111111
10100110011000111111111101011111111
10100110011000001101110000111111111
10100110001000010001000100111111111
10100101111100010100011001111111111
10100101110100010111101111011111111
10100101101100011011000101111111111
10100101100100011110011100011111111
10100101100000100001110011111111111
10100101011100100101001011011111111
10100101000100101000100011011111111
10100101000100101011111011011111111
10100101001000101111010011111111111
10100101010000110010101011011111111
10100101011000110110000010111111111
10100101100100111001011001011111111
10100101110000111100101110111111111
10100110000001000000000011111111111
10100110000000001101101001111111111
10100101110000010000111110111111111
10100101100100010100010100111111111
10100101011000010111101011011111111
10100101010000011011000010011111111
10100101001000011110011010011111111
10100101000100100001110010011111111
10100101000100100101001010111111111
10100100101000101000100011111111111
10100100101100101011111100111111111
10100100110000101111010101111111111
10100100111000110010101110011111111
10100101000000110110000110111111111
10100101001000111001011110011111111
10100101010100111100110100111111111
10100101100101000000001010111111111
10100101100100001101100011011111111
10100101010100010000111000111111111
10100101001000010100001111111111111
10100101000000010111100111011111111
10100100111000011010111111011111111
10100100110000011110010111111111111
10100100101100100001110000111111111
10100100101000100101001010011111111
10100100010000101000100011111111111
10100100010000101011111110011111111
10100100010100101111011000011111111
10100100011100110010110001111111111
10100100100100110110001010111111111
10100100110000111001100011011111111
10100100111100111100111010111111111
10100101001101000000010001011111111
10100101001100001101011100011111111
10100100111100010000110010111111111
10100100110000010100001010111111111
10100100100100010111100010111111111
10100100011100011010111011111111111
10100100010100011110010101111111111
10100100010000100001101111111111111
10100100010000100101001001111111111
10100011110100101000100100011111111
10100011111000101011111111111111111
10100011111100101111011010011111111
10100100000000110010110100111111111
10100100001100110110001110111111111
10100100010100111001101000011111111
10100100100000111101000000111111111
10100100110001000000011000011111111
10100100110000001101010101011111111
10100100100000010000101100111111111
10100100010100010100000101011111111
10100100001100010111011110111111111
10100100000000011010111000111111111
10100011111100011110010011011111111
10100011111000100001101110011111111
10100011110100100101001001011111111
10100011011100101000100100111111111
10100011011100101100000000111111111
10100011100000101111011100111111111
10100011101000110010111000011111111
10100011110000110110010011011111111
10100011111100111001101101011111111
10100100001000111101000110111111111
10100100011001000000011111011111111
10100100011000001101001110111111111
10100100001000010000100110111111111
10100011111100010100000000011111111
10100011110000010111011010111111111
10100011101000011010110101011111111
10100011100000011110010000111111111
10100011011100100001101100111111111
10100011011100100101001000111111111
10100011000000101000100101011111111
10100011000100101100000010011111111
10100011001000101111011111011111111
10100011001100110010111011111111111
10100011010100110110010111011111111
10100011100000111001110010111111111
10100011101100111101001100111111111
10100011111101000000100110011111111
10100011111100001101000111111111111
10100011101100010000100000111111111
10100011100000010011111011011111111
10100011010100010111010110011111111
10100011001100011010110010011111111
10100011001000011110001110111111111
10100011000100100001101011011111111
10100011000000100101001000011111111
10100010101000101000100101111111111
10100010101000101100000011111111111
10100010101100101111100001111111111
10100010110100110010111110111111111
10100010111100110110011011111111111
10100011001000111001110111111111111
10100011010100111101010011011111111
10100011100101000000101101011111111
10100011100100001101000000011111111
10100011010100010000011010111111111
10100011001000010011110101111111111
10100010111100010111010010011111111
10100010110100011010101110111111111
10100010101100011110001100011111111
10100010101000100001101001111111111
10100010101000100101000111111111111
10100010001100101000100110011111111
10100010010000101100000101011111111
10100010010100101111100011111111111
10100010011000110011000010011111111
10100010100000110110100000011111111
10100010101100111001111101011111111
10100010111000111101011001011111111
10100011001001000000110100011111111
10100011001000001100111001011111111
10100010111000010000010100111111111
10100010101100010011110000111111111
10100010100000010111001101111111111
10100010011000011010101011011111111
10100010010100011110001001111111111
10100010010000100001101000011111111
10100010001100100101000111011111111
10100001110000101000100110111111111
10100001110100101100000110111111111
10100001111000101111100110011111111
10100010000000110011000101111111111
10100010001000110110100100011111111
10100010010100111010000010011111111
10100010100000111101011111011111111
10100010110001000000111011111111111
10100010110000001100110010011111111
10100010100000010000001110011111111
10100010010100010011101011011111111
10100010001000010111001001011111111
10100010000000011010101000011111111
10100001111000011110000111011111111
10100001110100100001100110111111111
10100001110000100101000110111111111
10100001011000101000100111011111111
10100001011000101100001000011111111
10100001100000101111101000111111111
10100001100100110011001001011111111
10100001101100110110101000111111111
10100001111000111010000111111111111
10100010000100111101100101111111111
10100010010101000001000010111111111
10100010010100001100101010111111111
10100010000100010000000111111111111
10100001111000010011100101111111111
10100001101100010111000100111111111
10100001100100011010100100111111111
10100001100000011110000100111111111
10100001011000100001100101011111111
10100001011000100101000110011111111
10100000111100101000100111111111111
10100001000000101100001001111111111
10100001000100101111101011011111111
10100001001100110011001100111111111
10100001010100110110101101011111111
10100001100000111010001101011111111
10100001101100111101101100011111111
10100001111101000001001010011111111
10100001111100001100100011111111111
10100001101100010000000001111111111
10100001100000010011100000111111111
10100001010100010111000000011111111
10100001001100011010100001011111111
10100001000100011110000010011111111
10100001000000100001100011111111111
10100000111100100101000101111111111
10100000100100101000101000011111111
10100000100100101100001011011111111
10100000101000101111101101111111111
10100000110000110011010000011111111
10100000111000110110110001111111111
10100001000100111010010010111111111
10100001010000111101110010111111111
10100001100001000001010001011111111
10100001100000001100011100011111111
10100001010000001111111011011111111
10100001000100010011011011011111111
10100000111000010110111100011111111
10100000110000011010011101111111111
10100000101000011101111111111111111
10100000100100100001100010011111111
10100000100100100101000101011111111
10100000001000101000101000111111111
10100000001100101100001100111111111
10100000010000101111110000011111111
10100000011000110011010011111111111
10100000100000110110110110011111111
10100000101100111010011000011111111
10100000111000111101111000111111111
10100001001001000001011000111111111
10100001001000001100010100111111111
10100000111000001111110100111111111
10100000101100010011010101111111111
10100000100000010110110111111111111
10100000011000011010011010011111111
10100000010000011101111101011111111
10100000001100100001100000111111111
10100000001000100101000100111111111
10101100110100101000011011011111111
10101100111000101011100011011111111
10101100111100101110101011011111111
10101101000000110001110011011111111
10101101001000110100111010111111111
10101101010100111000000001011111111
10101101100000111011000111111111111
10101101101100111110001101011111111
10101101101100001111100000011111111
10101101100000010010100110011111111
10101101010100010101101100011111111
10101101001000011000110011011111111
10101101000000011011111010111111111
10101100111100011111000010011111111
10101100111000100010001010011111111
10101100110100100101010010111111111
10101100011100101000011011011111111
10101100011100101011100100011111111
10101100100000101110101101011111111
10101100101000110001110101111111111
10101100110000110100111110011111111
10101100111000111000000101111111111
10101101000100111011001100111111111
10101101010100111110010011011111111
10101101010100001111011010111111111
10101101000100010010100000111111111
10101100111000010101100111111111111
10101100110000011000101111111111111
10101100101000011011110111111111111
10101100100000011111000000011111111
10101100011100100010001001011111111
10101100011100100101010010011111111
10101100000000101000011011111111111
10101100000100101011100101111111111
10101100001000101110101111011111111
10101100001100110001111000111111111
10101100010100110101000001111111111
10101100100000111000001010011111111
10101100101100111011010001111111111
10101100111000111110011000111111111
10101100111000001111010100111111111
10101100101100010010011011111111111
10101100100000010101100011111111111
10101100010100011000101100011111111
10101100001100011011110101011111111
10101100001000011110111110011111111
10101100000100100010001000011111111
10101100000000100101010001111111111
10101011101000101000011100011111111
10101011101000101011100110111111111
10101011101100101110110001011111111
10101011110100110001111011011111111
10101011111100110101000101011111111
10101100000100111000001110011111111
10101100010000111011010110111111111
10101100100000111110011110111111111
10101100100000001111001110111111111
10101100010000010010010110111111111
10101100000100010101011111011111111
10101011111100011000101000011111111
10101011110100011011110010011111111
10101011101100011110111100011111111
10101011101000100010000110111111111
10101011101000100101010001111111111
10101011001100101000011100111111111
10101011010000101011101000011111111
10101011010100101110110011011111111
10101011011000110001111110011111111
10101011100000110101001000111111111
10101011101100111000010010111111111
10101011111000111011011100011111111
10101100000100111110100100111111111
10101100000100001111001000111111111
10101011111000010010010001111111111
10101011101100010101011010111111111
10101011100000011000100100111111111
10101011011000011011101111011111111
10101011010100011110111010011111111
10101011010000100010000101111111111
10101011001100100101010001011111111
10101010110100101000011101011111111
10101010110100101011101001011111111
10101010111000101110110101011111111
10101011000000110010000001011111111
10101011001000110101001100011111111
10101011010000111000010111011111111
10101011011100111011100001011111111
10101011101100111110101010111111111
10101011101100001111000011011111111
10101011011100010010001100011111111
10101011010000010101010110011111111
10101011001000011000100001011111111
10101011000000011011101100111111111
10101010111000011110111000011111111
10101010110100100010000100011111111
10101010110100100101010000111111111
10101010011000101000011101011111111
10101010011100101011101010111111111
10101010100000101110110111011111111
10101010100100110010000011111111111
10101010101100110101010000011111111
10101010111000111000011011111111111
10101011000100111011100110111111111
10101011010000111110110000111111111
10101011010000001110111100111111111
10101011000100010010000111011111111
10101010111000010101010001111111111
10101010101100011000011101111111111
10101010100100011011101001111111111
10101010100000011110110110011111111
10101010011100100010000011011111111
10101010011000100101010000011111111
10101010000000101000011101111111111
10101010000000101011101011111111111
10101010000100101110111001011111111
10101010001100110010000110111111111
10101010010100110101010011111111111
10101010011100111000100000011111111
10101010101000111011101011111111111
10101010111000111110110110111111111
10101010111000001110110110111111111
10101010101000010010000001111111111
10101010011100010101001101011111111
10101010010100011000011001111111111
10101010001100011011100110111111111
10101010000100011110110100011111111
10101010000000100010000001111111111
10101010000000100101001111111111111
10101001100100101000011110011111111
10101001101000101011101100111111111
10101001101100101110111011111111111
10101001110000110010001001111111111
10101001111000110101010111111111111
10101010000100111000100100111111111
10101010010000111011110001011111111
10101010011100111110111100111111111
10101010011100001110110000111111111
10101010010000010001111100011111111
10101010000100010101001000111111111
10101001111000011000010110011111111
10101001110000011011100011111111111
10101001101100011110110010011111111
10101001101000100010000000111111111
10101001100100100101001111011111111
10101001001000101000011110111111111
10101001001100101011101110011111111
10101001010000101110111101111111111
10101001010100110010001100111111111
10101001100000110101011011011111111
10101001101000111000101001011111111
10101001110100111011110110111111111
10101010000100111111000011011111111
10101010000100001110101010111111111
10101001110100010001110111011111111
10101001101000010101000100011111111
10101001100000011000010010011111111
10101001010100011011100001011111111
10101001010000011110110000011111111
10101001001100100001111111011111111
10101001001000100101001111011111111
10101000110000101000011111011111111
10101000110000101011101111111111111
10101000110100101110111111111111111
10101000111100110010001111111111111
10101001000100110101011111011111111
10101001010000111000101101111111111
10101001011100111011111100011111111
10101001101000111111001001011111111
10101001101000001110100100011111111
10101001011100010001110001111111111
10101001010000010100111111111111111
10101001000100011000001110111111111
10101000111100011011011110011111111
10101000110100011110101101111111111
10101000110000100001111110011111111
10101000110000100101001110111111111
10101000010100101000011111111111111
10101000011000101011110000111111111
10101000011100101111000001111111111
10101000100000110010010010111111111
10101000101000110101100010111111111
10101000110100111000110010111111111
10101001000000111100000001111111111
10101001010000111111001111111111111
10101001010000001110011110011111111
10101001000000010001101100011111111
10101000110100010100111011011111111
10101000101000011000001010111111111
10101000100000011011011011011111111
10101000011100011110101011111111111
10101000011000100001111100111111111
10101000010100100101001110011111111
10100111111100101000011111111111111
10100111111100101011110010011111111
10101000000000101111000100011111111
10101000001000110010010101111111111
10101000010000110101100110111111111
10101000011000111000110111011111111
10101000101000111100000111011111111
10101000110100111111010110011111111
10101000110100001110010111111111111
10101000101000010001100110111111111
10101000011000010100110110011111111
10101000010000011000000110111111111
10101000001000011011011000011111111
10101000000000011110101001111111111
10100111111100100001111011111111111
10100111111100100101001101111111111
10100111100000101000100000011111111
10100111100100101011110011011111111
10100111101000101111000110011111111
10100111101100110010011000111111111
10100111110100110101101010111111111
10101000000000111000111011111111111
10101000001100111100001100111111111
10101000011100111111011100011111111
10101000011100001110010001011111111
10101000001100010001100001011111111
10101000000000010100110001111111111
10100111110100011000000011011111111
10100111101100011011010101011111111
10100111101000011110100111111111111
10100111100100100001111010011111111
10100111100000100101001101011111111
10100111001000101000100000111111111
10100111001000101011110100111111111
10100111001100101111001000011111111
10100111010100110010011011111111111
10100111011100110101101110111111111
10100111100100111001000000111111111
10100111110000111100010010011111111
10101000000000111111100010111111111
10101000000000001110001010111111111
10100111110000010001011011011111111
10100111100100010100101100111111111
10100111011100010111111111011111111
10100111010100011011010010011111111
10100111001100011110100101011111111
10100111001000100001111001011111111
10100111001000100101001100111111111
10100110101100101000100001011111111
10100110110000101011110110011111111
10100110110100101111001010111111111
10100110111000110010011110111111111
10100111000000110101110010011111111
10100111001100111001000101111111111
10100111011000111100010111111111111
10100111101000111111101001011111111
10100111101000001110000100011111111
10100111011000010001010101111111111
10100111001100010100101000011111111
10100111000000010111111011011111111
10100110111000011011001110111111111
10100110110100011110100011011111111
10100110110000100001110111111111111
10100110101100100101001100011111111
