10101001100100100111101010111111111
10101001100100101001010001111111111
10101001100100101010111001011111111
10101001101000101100100000111111111
10101001101000101110000111111111111
10101001101100101111101111011111111
10101001110000110001010110011111111
10101001110000110010111101011111111
10101001110100110100100100011111111
10101001111100110110001010111111111
10101010000000110111110001111111111
10101010000100111001010111111111111
10101010001100111010111110011111111
10101010010000111100100100011111111
10101010011000111110001010011111111
10101010100000111111101111111111111
10101010100000001101111101111111111
10101010011000001111100011111111111
10101010010000010001001001011111111
10101010001100010010101111111111111
10101010000100010100010101111111111
10101010000000010101111100011111111
10101001111100010111100010111111111
10101001110100011001001001111111111
10101001110000011010110000011111111
10101001110000011100010111011111111
10101001101100011101111110111111111
10101001101000011111100101111111111
10101001101000100001001101011111111
10101001100100100010110100011111111
10101001100100100100011011111111111
10101001100100100110000011011111111
10101001001000100111101010111111111
10101001001100101001010010111111111
10101001001100101010111010011111111
10101001001100101100100010011111111
10101001010000101110001001111111111
10101001010000101111110001011111111
10101001010100110001011000111111111
10101001011000110011000000011111111
10101001011100110100100111111111111
10101001100000110110001110111111111
10101001100100110111110101111111111
10101001101100111001011100111111111
10101001110000111011000011011111111
10101001111000111100101001111111111
10101010000000111110010000011111111
10101010001000111111110110011111111
10101010001000001101110111111111111
10101010000000001111011101111111111
10101001111000010001000011111111111
10101001110000010010101010011111111
10101001101100010100010000111111111
10101001100100010101110111111111111
10101001100000010111011110111111111
10101001011100011001000110011111111
10101001011000011010101101011111111
10101001010100011100010100111111111
10101001010000011101111100011111111
10101001010000011111100011111111111
10101001001100100001001011111111111
10101001001100100010110011011111111
10101001001100100100011011011111111
10101001001000100110000010111111111
10101000110000100111101010111111111
10101000110000101001010011011111111
10101000110000101010111011011111111
10101000110100101100100011111111111
10101000110100101110001011111111111
10101000111000101111110011111111111
10101000111100110001011011111111111
10101000111100110011000011111111111
10101001000000110100101011011111111
10101001001000110110010010111111111
10101001001100110111111010011111111
10101001010000111001100001111111111
10101001011000111011001000111111111
10101001011100111100101111011111111
10101001100100111110010110011111111
10101001101100111111111100111111111
10101001101100001101110001011111111
10101001100100001111010111111111111
10101001011100010000111110011111111
10101001011000010010100101011111111
10101001010000010100001100011111111
10101001001100010101110011011111111
10101001001000010111011010111111111
10101001000000011001000010011111111
10101000111100011010101010011111111
10101000111100011100010010011111111
10101000111000011101111001111111111
10101000110100011111100010011111111
10101000110100100001001010011111111
10101000110000100010110010011111111
10101000110000100100011010011111111
10101000110000100110000010111111111
10101000010100100111101011011111111
10101000010100101001010011111111111
10101000011000101010111100011111111
10101000011000101100100101011111111
10101000011100101110001101111111111
10101000011100101111110110011111111
10101000100000110001011110011111111
10101000100100110011000110111111111
10101000101000110100101110111111111
10101000101100110110010110111111111
10101000110000110111111110111111111
10101000111000111001100110011111111
10101000111100111011001101111111111
10101001000100111100110101011111111
10101001001100111110011100011111111
10101001010101000000000011011111111
10101001010100001101101010111111111
10101001001100001111010001011111111
10101001000100010000111000111111111
10101000111100010010011111111111111
10101000111000010100000111011111111
10101000110000010101101110111111111
10101000101100010111010110111111111
10101000101000011000111110111111111
10101000100100011010100110111111111
10101000100000011100001111011111111
10101000011100011101110111111111111
10101000011100011111100000011111111
10101000011000100001001000111111111
10101000011000100010110001011111111
10101000010100100100011001111111111
10101000010100100110000010111111111
10100111111100100111101011011111111
10100111111100101001010100111111111
10100111111100101010111101111111111
10101000000000101100100110111111111
10101000000000101110001111111111111
10101000000100101111111000011111111
10101000000100110001100001011111111
10101000001000110011001001111111111
10101000001100110100110010111111111
10101000010000110110011010111111111
10101000011000111000000011011111111
10101000011100111001101011011111111
10101000100100111011010011011111111
10101000101000111100111010111111111
10101000110000111110100010011111111
10101000111001000000001001111111111
10101000111000001101100100011111111
10101000110000001111001011011111111
10101000101000010000110010111111111
10101000100100010010011010111111111
10101000011100010100000010011111111
10101000011000010101101010111111111
10101000010000010111010010111111111
10101000001100011000111011011111111
10101000001000011010100011111111111
10101000000100011100001100011111111
10101000000100011101110101011111111
10101000000000011111011110011111111
10101000000000100001000111011111111
10100111111100100010110000011111111
10100111111100100100011001011111111
10100111111100100110000010011111111
10100111100000100111101011111111111
10100111100000101001010101011111111
10100111100100101010111110111111111
10100111100100101100101000011111111
10100111100100101110010001111111111
10100111101000101111111010111111111
10100111101100110001100100011111111
10100111110000110011001101011111111
10100111110100110100110110011111111
10100111111000110110011111011111111
10100111111100111000000111111111111
10101000000100111001110000011111111
10101000001000111011011000111111111
10101000010000111101000000111111111
10101000011000111110101000111111111
10101000100001000000010000011111111
10101000100000001101011101111111111
10101000011000001111000101011111111
10101000010000010000101101011111111
10101000001000010010010101011111111
10101000000100010011111101111111111
10100111111100010101100110011111111
10100111111000010111001110111111111
10100111110100011000110111111111111
10100111110000011010100000111111111
10100111101100011100001001111111111
10100111101000011101110010111111111
10100111100100011111011100011111111
10100111100100100001000101111111111
10100111100100100010101111011111111
10100111100000100100011000111111111
10100111100000100110000010011111111
10100111001000100111101011111111111
10100111001000101001010101111111111
10100111001000101010111111111111111
10100111001000101100101001111111111
10100111001100101110010011011111111
10100111010000101111111101011111111
10100111010000110001100110111111111
10100111010100110011010000011111111
10100111011000110100111001111111111
10100111011100110110100011011111111
10100111100100111000001100011111111
10100111101000111001110101011111111
10100111110000111011011101111111111
10100111110100111101000110011111111
10100111111100111110101110111111111
10101000000101000000010110111111111
10101000000100001101010110111111111
10100111111100001110111110111111111
10100111110100010000100111011111111
10100111110000010010001111111111111
10100111101000010011111000111111111
10100111100100010101100001011111111
10100111011100010111001010111111111
10100111011000011000110011111111111
10100111010100011010011101011111111
10100111010000011100000110111111111
10100111010000011101110000011111111
10100111001100011111011010011111111
10100111001000100001000100011111111
10100111001000100010101101111111111
10100111001000100100010111111111111
10100111001000100110000001111111111
10100110101100100111101100011111111
10100110101100101001010110011111111
10100110101100101011000000111111111
10100110110000101100101011011111111
10100110110000101110010101011111111
10100110110100101111111111111111111
10100110111000110001101001111111111
10100110111100110011010011111111111
10100111000000110100111101111111111
10100111000100110110100111011111111
10100111001000111000010000111111111
10100111010000111001111010011111111
10100111010100111011100011011111111
10100111011100111101001100011111111
10100111100100111110110101011111111
10100111101101000000011101111111111
10100111101100001101010000011111111
10100111100100001110111000111111111
10100111011100010000100001011111111
10100111010100010010001010011111111
10100111010000010011110011111111111
10100111001000010101011100111111111
10100111000100010111000110011111111
10100111000000011000110000011111111
10100110111100011010011001111111111
10100110111000011100000011111111111
10100110110100011101101110011111111
10100110110000011111011000011111111
10100110110000100001000010111111111
10100110101100100010101100111111111
10100110101100100100010111011111111
10100110101100100110000001111111111
10101100110100100111101000111111111
10101100111000101001001101011111111
10101100111000101010110001011111111
10101100111000101100010101011111111
10101100111100101101111001011111111
10101100111100101111011101011111111
10101101000000110001000001011111111
10101101000100110010100101011111111
10101101001000110100001000111111111
10101101001100110101101100011111111
10101101010000110111001111111111111
10101101010100111000110011011111111
10101101011100111010010110011111111
10101101100000111011111001011111111
10101101101000111101011011111111111
10101101110000111110111110011111111
10101101110000001110101111011111111
10101101101000010000010001111111111
10101101100000010001110100111111111
10101101011100010011010111011111111
10101101010100010100111010111111111
10101101010000010110011101111111111
10101101001100011000000001011111111
10101101001000011001100100111111111
10101101000100011011001000111111111
10101101000000011100101100011111111
10101100111100011110010000011111111
10101100111100011111110100011111111
10101100111000100001011000011111111
10101100111000100010111100011111111
10101100111000100100100000111111111
10101100110100100110000100111111111
10101100011100100111101001011111111
10101100011100101001001101111111111
10101100011100101010110010011111111
10101100100000101100010110111111111
10101100100000101101111011011111111
10101100100100101111011111111111111
10101100100100110001000011111111111
10101100101000110010101000011111111
10101100101100110100001100011111111
10101100110000110101110000011111111
10101100111000110111010011111111111
10101100111100111000110111111111111
10101101000000111010011011011111111
10101101001000111011111110011111111
10101101010000111101100001111111111
10101101010100111111000100011111111
10101101010100001110101001011111111
10101101010000010000001100011111111
10101101001000010001101111011111111
10101101000000010011010010111111111
10101100111100010100110110011111111
10101100111000010110011001111111111
10101100110000010111111101111111111
10101100101100011001100001111111111
10101100101000011011000101111111111
10101100100100011100101001111111111
10101100100100011110001110011111111
10101100100000011111110010111111111
10101100100000100001010111011111111
10101100011100100010111011011111111
10101100011100100100100000011111111
10101100011100100110000100111111111
10101100000000100111101001011111111
10101100000000101001001110011111111
10101100000100101010110011011111111
10101100000100101100011000011111111
10101100001000101101111100111111111
10101100001000101111100001111111111
10101100001100110001000110011111111
10101100010000110010101010111111111
10101100010100110100001111011111111
10101100011000110101110011111111111
10101100011100110111011000011111111
10101100100000111000111100011111111
10101100101000111010011111111111111
10101100101100111100000011111111111
10101100110100111101100111011111111
10101100111100111111001010111111111
10101100111100001110100011011111111
10101100110100010000000110111111111
10101100101100010001101010011111111
10101100101000010011001101111111111
10101100100000010100110001111111111
10101100011100010110010101111111111
10101100011000010111111001111111111
10101100010100011001011110011111111
10101100010000011011000010111111111
10101100001100011100100111011111111
10101100001000011110001100011111111
10101100001000011111110000111111111
10101100000100100001010101111111111
10101100000100100010111010111111111
10101100000000100100011111011111111
10101100000000100110000100011111111
10101011101000100111101001111111111
10101011101000101001001110111111111
10101011101000101010110100011111111
10101011101000101100011001011111111
10101011101100101101111110111111111
10101011110000101111100011111111111
10101011110000110001001000111111111
10101011110100110010101101111111111
10101011111000110100010010111111111
10101011111100110101110111111111111
10101100000100110111011100011111111
10101100001000111001000000111111111
10101100001100111010100100111111111
10101100010100111100001001011111111
10101100011100111101101100111111111
10101100100000111111010000111111111
10101100100000001110011101011111111
10101100011100010000000000111111111
10101100010100010001100100111111111
10101100001100010011001000111111111
10101100001000010100101101011111111
10101100000100010110010001111111111
10101011111100010111110110011111111
10101011111000011001011010111111111
10101011110100011010111111111111111
10101011110000011100100100111111111
10101011110000011110001001111111111
10101011101100011111101110111111111
10101011101000100001010100011111111
10101011101000100010111001111111111
10101011101000100100011110111111111
10101011101000100110000100011111111
10101011001100100111101001111111111
10101011001100101001001111011111111
10101011010000101010110101011111111
10101011010000101100011010111111111
10101011010000101110000000111111111
10101011010100101111100110011111111
10101011011000110001001011111111111
10101011011100110010110000111111111
10101011100000110100010110011111111
10101011100100110101111011011111111
10101011101000110111100000011111111
10101011101100111001000101011111111
10101011110100111010101001111111111
10101011111000111100001110011111111
10101100000000111101110010111111111
10101100001000111111010110111111111
10101100001000001110010110111111111
10101100000000001111111011011111111
10101011111000010001011111011111111
10101011110100010011000011111111111
10101011101100010100101000011111111
10101011101000010110001101011111111
10101011100100010111110010011111111
10101011100000011001010111011111111
10101011011100011010111100111111111
10101011011000011100100010011111111
10101011010100011110000111111111111
10101011010000011111101101011111111
10101011010000100001010010111111111
10101011010000100010111000011111111
10101011001100100100011110011111111
10101011001100100110000011111111111
10101010110100100111101001111111111
10101010110100101001010000011111111
10101010110100101010110110011111111
10101010110100101100011100011111111
10101010111000101110000010011111111
10101010111000101111101000011111111
10101010111100110001001110011111111
10101011000000110010110100011111111
10101011000100110100011001111111111
10101011001000110101111111011111111
10101011001100110111100100111111111
10101011010100111001001001111111111
10101011011000111010101110111111111
10101011100000111100010011111111111
10101011101000111101111000011111111
10101011110000111111011100111111111
10101011110000001110010000111111111
10101011101000001111110101011111111
10101011100000010001011001111111111
10101011011000010010111110111111111
10101011010100010100100011111111111
10101011001100010110001001011111111
10101011001000010111101110011111111
10101011000100011001010100011111111
10101011000000011010111001111111111
10101010111100011100011111011111111
10101010111000011110000101011111111
10101010111000011111101011011111111
10101010110100100001010001011111111
10101010110100100010110111011111111
10101010110100100100011101111111111
10101010110100100110000011111111111
10101010011000100111101010011111111
10101010011000101001010000111111111
10101010011000101010110111011111111
10101010011100101100011101111111111
10101010011100101110000100011111111
10101010100000101111101010111111111
10101010100100110001010000111111111
10101010101000110010110111011111111
10101010101100110100011101011111111
10101010110000110110000011011111111
10101010110100110111101000111111111
10101010111000111001001110111111111
10101011000000111010110011111111111
10101011000100111100011001011111111
10101011001100111101111110011111111
10101011010100111111100011011111111
10101011010100001110001010111111111
10101011001100001111101111011111111
10101011000100010001010100011111111
10101011000000010010111001111111111
10101010111000010100011111011111111
10101010110100010110000100111111111
10101010110000010111101010111111111
10101010101100011001010000111111111
10101010101000011010110110111111111
10101010100100011100011100111111111
10101010100000011110000011011111111
10101010011100011111101001111111111
10101010011100100001001111111111111
10101010011000100010110110011111111
10101010011000100100011101011111111
10101010011000100110000011111111111
10101010000000100111101010011111111
10101010000000101001010001011111111
10101010000000101010111000011111111
10101010000000101100011111011111111
10101010000100101110000110011111111
10101010000100101111101100111111111
10101010001000110001010011111111111
10101010001100110010111010011111111
10101010010000110100100000111111111
10101010010100110110000110111111111
10101010011000110111101101011111111
10101010100000111001010011011111111
10101010100100111010111001011111111
10101010101100111100011110111111111
10101010110100111110000100011111111
10101010111100111111101001011111111
10101010111100001110000100011111111
10101010110100001111101001111111111
10101010101100010001001110111111111
10101010100100010010110100111111111
10101010100000010100011010011111111
10101010011000010110000000111111111
10101010010100010111100110111111111
10101010010000011001001101011111111
10101010001100011010110011111111111
10101010001000011100011010011111111
10101010000100011110000000111111111
10101010000100011111100111111111111
10101010000000100001001110111111111
10101010000000100010110101011111111
10101010000000100100011100011111111
10101010000000100110000011011111111
