11010000010100010001001010111011101
11010000010100010011100000011011101
11010000011000010101110110011011101
11010000011100011000001011011011101
11010000100000011010100000111011101
11010000101000011100110101111011101
11010000110000011111001010111011101
11010000111100100001011111011011101
11010000111111111110100000111011101
11010000110000000000110101011011101
11010000101000000011001010011011101
11010000100000000101011111011011101
11010000011100000111110100111011101
11010000011000001010001001111011101
11010000010100001100011111111011101
11010000010100001110110101011011101
11001111111000010001001011011011101
11001111111100010011100001011011101
11001111111100010101110111011011101
11010000000000011000001100111011101
11010000001000011010100010111011101
11010000010000011100111000011011101
11010000011000011111001101011011101
11010000100000100001100010011011101
11010000100011111110011101111011101
11010000011000000000110010111011101
11010000010000000011000111111011101
11010000001000000101011101011011101
11010000000000000111110011011011101
11001111111100001010001000111011101
11001111111100001100011110111011101
11001111111000001110110100111011101
11001111100000010001001011011011101
11001111100000010011100001111011101
11001111100100010101111000011011101
11001111101000011000001110111011101
11001111101100011010100100111011101
11001111110100011100111010111011101
11001111111100011111010000011011101
11010000001000100001100101111011101
11010000001011111110011010011011101
11001111111100000000101111111011101
11001111110100000011000101011011101
11001111101100000101011011011011101
11001111101000000111110001011011101
11001111100100001010000111111011101
11001111100000001100011110011011101
11001111100000001110110100111011101
11001111000100010001001011011011101
11001111000100010011100010011011101
11001111001000010101111001011011101
11001111001100011000010000011011101
11001111010100011010100110111011101
11001111011100011100111101011011101
11001111100100011111010011011011101
11001111101100100001101000111011101
11001111101111111110010111011011101
11001111100100000000101100111011101
11001111011100000011000010111011101
11001111010100000101011001011011101
11001111001100000111101111111011101
11001111001000001010000110111011101
11001111000100001100011101111011101
11001111000100001110110100111011101
11001110101000010001001011111011101
11001110101100010011100011011011101
11001110110000010101111010011011101
11001110110100011000010001111011101
11001110111000011010101000111011101
11001111000000011100111111011011101
11001111001000011111010101111011101
11001111010100100001101100011011101
11001111010111111110010011111011101
11001111001000000000101010011011101
11001111000000000011000000111011101
11001110111000000101010111011011101
11001110110100000111101110011011101
11001110110000001010000101111011101
11001110101100001100011100111011101
11001110101000001110110100011011101
11001110010000010001001011111011101
11001110010000010011100011111011101
11001110010100010101111011111011101
11001110011000011000010011011011101
11001110100000011010101010111011101
11001110100100011101000001111011101
11001110110000011111011000111011101
11001110111000100001101111111011101
11001110111011111110010000011011101
11001110110000000000100111011011101
11001110100100000010111110011011101
11001110100000000101010101011011101
11001110011000000111101100111011101
11001110010100001010000100011011101
11001110010000001100011100011011101
11001110010000001110110100011011101
11001101110100010001001100011011101
11001101111000010011100100011011101
11001101111000010101111100111011101
11001110000000011000010100111011101
11001110000100011010101100111011101
11001110001100011101000100011011101
11001110010100011111011011111011101
11001110100000100001110010111011101
11001110100011111110001101011011101
11001110010100000000100100011011101
11001110001100000010111011111011101
11001110000100000101010011011011101
11001110000000000111101011011011101
11001101111000001010000011011011101
11001101111000001100011011111011101
11001101110100001110110011111011101
11001101011100010001001100011011101
11001101011100010011100101011011101
11001101100000010101111101111011101
11001101100100011000010110011011101
11001101101100011010101110111011101
11001101110000011101000110111011101
11001101111100011111011110111011101
11001110000100100001110110011011101
11001110000111111110001001111011101
11001101111100000000100001011011101
11001101110000000010111001011011101
11001101101100000101010001011011101
11001101100100000111101001111011101
11001101100000001010000010011011101
11001101011100001100011010111011101
11001101011100001110110011111011101
11001101000000010001001100111011101
11001101000100010011100101111011101
11001101000100010101111110111011101
11001101001100011000010111111011101
11001101010000011010110000111011101
11001101011000011101001001011011101
11001101100000011111100001111011101
11001101101100100001111001111011101
11001101101111111110000110011011101
11001101100000000000011110011011101
11001101011000000010110110111011101
11001101010000000101001111011011101
11001101001100000111101000011011101
11001101000100001010000001011011101
11001101000100001100011010011011101
11001101000000001110110011011011101
11001100101000010001001100111011101
11001100101000010011100110111011101
11001100101100010110000000011011101
11001100110000011000011001111011101
11001100110100011010110010111011101
11001100111100011101001011111011101
11001101001000011111100100111011101
11001101010000100001111101011011101
11001101010011111110000010111011101
11001101001000000000011011011011101
11001100111100000010110100011011101
11001100110100000101001101011011101
11001100110000000111100110011011101
11001100101100001001111111111011101
11001100101000001100011001011011101
11001100101000001110110011011011101
11001100001100010001001101011011101
11001100010000010011100111011011101
11001100010000010110000001011011101
11001100010100011000011011011011101
11001100011100011010110100111011101
11001100100100011101001110011011101
11001100101100011111100111111011101
11001100111000100010000000111011101
11001100111011111101111111011011101
11001100101100000000011000011011101
11001100100100000010110001111011101
11001100011100000101001011011011101
11001100010100000111100100111011101
11001100010000001001111110111011101
11001100010000001100011000111011101
11001100001100001110110010111011101
11001011110100010001001101011011101
11001011110100010011100111111011101
11001011111000010110000010011011101
11001011111100011000011100111011101
11001100000000011010110111011011101
11001100001000011101010000111011101
11001100010000011111101010111011101
11001100011100100010000011111011101
11001100011111111101111100011011101
11001100010000000000010101011011101
11001100001000000010101111011011101
11001100000000000101001000111011101
11001011111100000111100011011011101
11001011111000001001111101111011101
11001011110100001100011000011011101
11001011110100001110110010111011101
11001011011000010001001101111011101
11001011011000010011101000111011101
11001011011100010110000011111011101
11001011100000011000011110011011101
11001011101000011010111001011011101
11001011110000011101010011111011101
11001011111000011111101101111011101
11001100000100100010000111011011101
11001100000111111101111000111011101
11001011111000000000010010011011101
11001011110000000010101100011011101
11001011101000000101000110111011101
11001011100000000111100001111011101
11001011011100001001111100011011101
11001011011000001100010111011011101
11001011011000001110110010011011101
11001010111100010001001101111011101
11001011000000010011101001011011101
11001011000100010110000100111011101
11001011001000011000100000011011101
11001011001100011010111011011011101
11001011010100011101010110011011101
11001011011100011111110000111011101
11001011101000100010001010111011101
11001011101011111101110101011011101
11001011011100000000001111011011101
11001011010100000010101001111011101
11001011001100000101000100111011101
11001011001000000111011111111011101
11001011000100001001111011011011101
11001011000000001100010110111011101
11001010111100001110110010011011101
11001010100100010001001110011011101
11001010100100010011101010011011101
11001010101000010110000101111011101
11001010101100011000100001111011101
11001010110100011010111101011011101
11001010111100011101011000111011101
11001011000100011111110011111011101
11001011010000100010001110011011101
11001011010011111101110001111011101
11001011000100000000001100011011101
11001010111100000010100111011011101
11001010110100000101000010111011101
11001010101100000111011110011011101
11001010101000001001111010011011101
11001010100100001100010101111011101
11001010100100001110110001111011101
11001010001000010001001110011011101
11001010001100010011101010111011101
11001010010000010110000111011011101
11001010010100011000100011011011101
11001010011000011010111111011011101
11001010100000011101011011011011101
11001010101000011111110110111011101
11001010110100100010010010011011101
11001010110111111101101101111011101
11001010101000000000001001011011101
11001010100000000010100100111011101
11001010011000000101000000111011101
11001010010100000111011100111011101
11001010010000001001111000111011101
11001010001100001100010101011011101
11001010001000001110110001111011101
11010110111000010001000111011011101
11010110111000010011010110011011101
11010110111100010101100101011011101
11010111000000010111110100011011101
11010111000100011010000010111011101
11010111001100011100010001011011101
11010111010100011110011111011011101
11010111011100100000101101011011101
11010111011111111111010010111011101
11010111010100000001100000111011101
11010111001100000011101110111011101
11010111000100000101111101011011101
11010111000000001000001011111011101
11010110111100001010011010111011101
11010110111000001100101001111011101
11010110111000001110111000111011101
11010110011100010001000111111011101
11010110011100010011010111011011101
11010110100000010101100110011011101
11010110100100010111110101011011101
11010110101100011010000100111011101
11010110110000011100010011011011101
11010110111000011110100001111011101
11010111000100100000110000011011101
11010111000111111111001111111011101
11010110111000000001011110011011101
11010110110000000011101100111011101
11010110101100000101111011011011101
11010110100100001000001010111011101
11010110100000001010011001111011101
11010110011100001100101000111011101
11010110011100001110111000011011101
11010110000000010001000111111011101
11010110000100010011010111111011101
11010110001000010101100111011011101
11010110001100010111110110111011101
11010110010000011010000110011011101
11010110011000011100010101111011101
11010110100000011110100100111011101
11010110101000100000110011011011101
11010110101011111111001100111011101
11010110100000000001011011011011101
11010110011000000011101010011011101
11010110010000000101111001111011101
11010110001100001000001001011011101
11010110001000001010011000111011101
11010110000100001100101000011011101
11010110000000001110111000011011101
11010101101000010001001000011011101
11010101101000010011011000011011101
11010101101100010101101000011011101
11010101110000010111111000011011101
11010101110100011010001000011011101
11010101111100011100010111111011101
11010110000100011110100111011011101
11010110010000100000110110011011101
11010110010011111111001001111011101
11010110000100000001011000111011101
11010101111100000011101000011011101
11010101110100000101110111111011101
11010101110000001000000111111011101
11010101101100001010010111111011101
11010101101000001100100111111011101
11010101101000001110110111111011101
11010101001100010001001000011011101
11010101010000010011011000111011101
11010101010000010101101001011011101
11010101010100010111111001111011101
11010101011100011010001001111011101
11010101100100011100011010011011101
11010101101100011110101001111011101
11010101110100100000111001011011101
11010101110111111111000110111011101
11010101101100000001010110011011101
11010101100100000011100101111011101
11010101011100000101110110011011101
11010101010100001000000110011011101
11010101010000001010010110111011101
11010101010000001100100111011011101
11010101001100001110110111111011101
11010100110100010001001000011011101
11010100110100010011011001011011101
11010100111000010101101010011011101
11010100111100010111111011011011101
11010101000000011010001011111011101
11010101001000011100011100011011101
11010101010000011110101100011011101
11010101011100100000111100011011101
11010101011111111111000011111011101
11010101010000000001010011111011101
11010101001000000011100011111011101
11010101000000000101110100011011101
11010100111100001000000100111011101
11010100111000001010010101111011101
11010100110100001100100110111011101
11010100110100001110110111111011101
11010100011000010001001000111011101
11010100011100010011011010011011101
11010100011100010101101011011011101
11010100100000010111111100111011101
11010100101000011010001101111011101
11010100110000011100011110011011101
11010100111000011110101111011011101
11010101000000100000111111011011101
11010101000011111111000000111011101
11010100111000000001010000111011101
11010100110000000011100001111011101
11010100101000000101110010011011101
11010100100000001000000011011011101
11010100011100001010010100111011101
11010100011100001100100101111011101
11010100011000001110110111011011101
11010100000000010001001000111011101
11010100000000010011011010111011101
11010100000100010101101100011011101
11010100001000010111111110011011101
11010100001100011010001111111011101
11010100010100011100100000111011101
11010100011100011110110001111011101
11010100101000100001000010111011101
11010100101011111110111101011011101
11010100011100000001001110011011101
11010100010100000011011111011011101
11010100001100000101110000011011101
11010100001000001000000001111011101
11010100000100001010010011111011101
11010100000000001100100101011011101
11010100000000001110110111011011101
11010011100100010001001001011011101
11010011101000010011011011011011101
11010011101000010101101101011011101
11010011101100010111111111111011101
11010011110100011010010001011011101
11010011111000011100100011011011101
11010100000100011110110100011011101
11010100001100100001000101111011101
11010100001111111110111010011011101
11010100000100000001001011111011101
11010011111000000011011100111011101
11010011110100000101101110111011101
11010011101100001000000000011011101
11010011101000001010010010111011101
11010011101000001100100100111011101
11010011100100001110110110111011101
11010011001100010001001001011011101
11010011001100010011011011111011101
11010011010000010101101110111011101
11010011010100011000000000111011101
11010011011000011010010011011011101
11010011100000011100100101011011101
11010011101000011110110111011011101
11010011110100100001001000111011101
11010011110111111110110111011011101
11010011101000000001001000111011101
11010011100000000011011010111011101
11010011011000000101101100111011101
11010011010100000111111111011011101
11010011010000001010010001011011101
11010011001100001100100100011011101
11010011001100001110110110111011101
11010010110000010001001001111011101
11010010110000010011011100111011101
11010010110100010101101111111011101
11010010111000011000000010011011101
11010011000000011010010101011011101
11010011000100011100100111111011101
11010011010000011110111001111011101
11010011011000100001001011111011101
11010011011011111110110100011011101
11010011010000000001000110011011101
11010011000100000011011000011011101
11010011000000000101101010111011101
11010010111000000111111101111011101
11010010110100001010010000011011101
11010010110000001100100011011011101
11010010110000001110110110011011101
11010010010100010001001001111011101
11010010011000010011011101011011101
11010010011100010101110000111011101
11010010100000011000000011111011101
11010010100100011010010111011011101
11010010101100011100101001111011101
11010010110100011110111100111011101
11010011000000100001001110111011101
11010011000011111110110001011011101
11010010110100000001000011011011101
11010010101100000011010110011011101
11010010100100000101101000111011101
11010010100000000111111100011011101
11010010011100001010001111011011101
11010010011000001100100010111011101
11010010010100001110110110011011101
11010001111100010001001001111011101
11010001111100010011011101111011101
11010010000000010101110001111011101
11010010000100011000000101011011101
11010010001100011010011000111011101
11010010010000011100101100011011101
11010010011000011110111111011011101
11010010100100100001010010011011101
11010010100111111110101101111011101
11010010011000000001000000111011101
11010010010000000011010011111011101
11010010001100000101100111011011101
11010010000100000111111010111011101
11010010000000001010001110011011101
11010001111100001100100010011011101
11010001111100001110110110011011101
11010001100000010001001010011011101
11010001100100010011011110111011101
11010001100100010101110010111011101
11010001101100011000000110111011101
11010001110000011010011010111011101
11010001111000011100101110111011101
11010010000000011111000010011011101
11010010001000100001010101011011101
11010010001011111110101010111011101
11010010000000000000111101111011101
11010001111000000011010001011011101
11010001110000000101100101011011101
11010001101100000111111001011011101
11010001100100001010001101011011101
11010001100100001100100001011011101
11010001100000001110110101111011101
11010001001000010001001010011011101
11010001001000010011011111011011101
11010001001100010101110011111011101
11010001010000011000001000011011101
11010001010100011010011100111011101
11010001011100011100110001011011101
11010001100100011111000100111011101
11010001110000100001011000111011101
11010001110011111110100111011011101
11010001100100000000111011011011101
11010001011100000011001110111011101
11010001010100000101100011011011101
11010001010000000111110111111011101
11010001001100001010001100011011101
11010001001000001100100000111011101
11010001001000001110110101111011101
11010000101100010001001010111011101
11010000110000010011011111111011101
11010000110000010101110100111011101
11010000110100011000001001111011101
11010000111100011010011110111011101
11010001000100011100110011011011101
11010001001100011111000111111011101
11010001010100100001011011111011101
11010001010111111110100100011011101
11010001001100000000111000011011101
11010001000100000011001100111011101
11010000111100000101100001011011101
11010000110100000111110110011011101
11010000110000001010001011011011101
11010000110000001100100000011011101
11010000101100001110110101011011101
