11010011100100010000100100111011101
11010011100100010001101101111011101
11010011100100010010110110111011101
11010011101000010011111111111011101
11010011101000010101001000111011101
11010011101000010110010001111011101
11010011101100010111011011011011101
11010011110000011000100011111011101
11010011110000011001101100111011101
11010011110100011010110101111011101
11010011111000011011111110111011101
11010011111100011101000111011011101
11010100000000011110010000011011101
11010100000100011111011000111011101
11010100001000100000100001011011101
11010100010000100001101001111011101
11010100010011111110010110011011101
11010100001011111111011110111011101
11010100000100000000100111011011101
11010100000000000001101111111011101
11010011111100000010111000111011101
11010011111000000100000001011011101
11010011110100000101001010011011101
11010011110000000110010011011011101
11010011110000000111011100011011101
11010011101100001000100100111011101
11010011101000001001101110011011101
11010011101000001010110111011011101
11010011101000001100000000011011101
11010011100100001101001001011011101
11010011100100001110010010011011101
11010011100100001111011011011011101
11010011001100010000100100111011101
11010011001100010001101101111011101
11010011001100010010110111011011101
11010011001100010100000000111011101
11010011001100010101001001111011101
11010011010000010110010011011011101
11010011010000010111011100011011101
11010011010100011000100101111011101
11010011011000011001101110111011101
11010011011100011010110111111011101
11010011011100011100000000111011101
11010011100000011101001001111011101
11010011101000011110010010111011101
11010011101100011111011011111011101
11010011110000100000100100011011101
11010011110100100001101101011011101
11010011110111111110010010111011101
11010011110011111111011011111011101
11010011101100000000100100011011101
11010011101000000001101101011011101
11010011100000000010110110011011101
11010011011100000011111111011011101
11010011011100000101001000011011101
11010011011000000110010001011011101
11010011010100000111011010011011101
11010011010000001000100011111011101
11010011010000001001101100111011101
11010011001100001010110110011011101
11010011001100001011111111011011101
11010011001100001101001000111011101
11010011001100001110010010011011101
11010011001100001111011011011011101
11010010110000010000100100111011101
11010010110000010001101110011011101
11010010110000010010110111111011101
11010010110100010100000001011011101
11010010110100010101001010111011101
11010010110100010110010100011011101
11010010111000010111011101111011101
11010010111100011000100111011011101
11010010111100011001110000011011101
11010011000000011010111001111011101
11010011000100011100000011011011101
11010011001000011101001100011011101
11010011001100011110010101011011101
11010011010000011111011110011011101
11010011010100100000100111011011101
11010011011100100001110000011011101
11010011011111111110001111111011101
11010011010111111111011000111011101
11010011010000000000100001111011101
11010011001100000001101010111011101
11010011001000000010110011111011101
11010011000100000011111100111011101
11010011000000000101000110011011101
11010010111100000110001111111011101
11010010111100000111011000111011101
11010010111000001000100010011011101
11010010110100001001101011111011101
11010010110100001010110101011011101
11010010110100001011111110111011101
11010010110000001101001000011011101
11010010110000001110010001111011101
11010010110000001111011011011011101
11010010010100010000100100111011101
11010010011000010001101110111011101
11010010011000010010111000011011101
11010010011000010100000010011011101
11010010011000010101001011111011101
11010010011100010110010101011011101
11010010011100010111011111011011101
11010010100000011000101000111011101
11010010100100011001110010011011101
11010010100100011010111011111011101
11010010101000011100000101011011101
11010010101100011101001110111011101
11010010110000011110010111111011101
11010010111000011111100001011011101
11010010111100100000101010011011101
11010011000000100001110011111011101
11010011000011111110001100011011101
11010010111111111111010101111011101
11010010111000000000011110111011101
11010010110000000001101000011011101
11010010101100000010110001011011101
11010010101000000011111010111011101
11010010100100000101000100011011101
11010010100100000110001101111011101
11010010100000000111010111011011101
11010010011100001000100000111011101
11010010011100001001101010111011101
11010010011000001010110100011011101
11010010011000001011111101111011101
11010010011000001101000111111011101
11010010011000001110010001011011101
11010010010100001111011011011011101
11010001111100010000100100111011101
11010001111100010001101110111011101
11010001111100010010111000111011101
11010001111100010100000010111011101
11010010000000010101001100111011101
11010010000000010110010110111011101
11010010000100010111100000011011101
11010010000100011000101010011011101
11010010001000011001110100011011101
11010010001100011010111101111011101
11010010010000011100000111011011101
11010010010100011101010001011011101
11010010011000011110011010111011101
11010010011100011111100100011011101
11010010100000100000101101111011101
11010010101000100001110110111011101
11010010101011111110001001011011101
11010010100011111111010010011011101
11010010011100000000011011111011101
11010010011000000001100101011011101
11010010010100000010101110111011101
11010010010000000011111000111011101
11010010001100000101000010011011101
11010010001000000110001011111011101
11010010000100000111010101111011101
11010010000100001000011111111011101
11010010000000001001101001011011101
11010010000000001010110011011011101
11010001111100001011111101011011101
11010001111100001101000111011011101
11010001111100001110010001011011101
11010001111100001111011011011011101
11010001100000010000100101011011101
11010001100000010001101111011011101
11010001100100010010111001011011101
11010001100100010100000011111011101
11010001100100010101001101111011101
11010001101000010110010111111011101
11010001101000010111100001111011101
11010001101100011000101011111011101
11010001110000011001110101111011101
11010001110000011010111111111011101
11010001110100011100001001111011101
11010001111000011101010011111011101
11010001111100011110011101011011101
11010010000100011111100110111011101
11010010001000100000110000111011101
11010010001100100001111010011011101
11010010001111111110000101111011101
11010010001011111111001111011011101
11010010000100000000011001011011101
11010001111100000001100010111011101
11010001111000000010101100011011101
11010001110100000011110110011011101
11010001110000000101000000011011101
11010001110000000110001010011011101
11010001101100000111010100011011101
11010001101000001000011110011011101
11010001101000001001101000011011101
11010001100100001010110010011011101
11010001100100001011111100011011101
11010001100100001101000110111011101
11010001100000001110010000111011101
11010001100000001111011010111011101
11010001001000010000100101011011101
11010001001000010001101111111011101
11010001001000010010111001111011101
11010001001000010100000100011011101
11010001001100010101001110111011101
11010001001100010110011000111011101
11010001010000010111100011011011101
11010001010000011000101101111011101
11010001010100011001110111111011101
11010001011000011011000001111011101
11010001011100011100001011111011101
11010001100000011101010110011011101
11010001100100011110011111111011101
11010001101000011111101001111011101
11010001101100100000110011111011101
11010001110100100001111101011011101
11010001110111111110000010111011101
11010001101111111111001100011011101
11010001101000000000010110011011101
11010001100100000001100000011011101
11010001100000000010101001111011101
11010001011100000011110100011011101
11010001011000000100111110011011101
11010001010100000110001000011011101
11010001010000000111010010011011101
11010001010000001000011100111011101
11010001001100001001100111011011101
11010001001100001010110001011011101
11010001001000001011111011111011101
11010001001000001101000110011011101
11010001001000001110010000011011101
11010001001000001111011010111011101
11010000101100010000100101011011101
11010000101100010001101111111011101
11010000110000010010111010111011101
11010000110000010100000101011011101
11010000110000010101001111111011101
11010000110100010110011010011011101
11010000110100010111100100111011101
11010000111000011000101111011011101
11010000111100011001111001111011101
11010000111100011011000011111011101
11010001000000011100001110011011101
11010001000100011101011000011011101
11010001001000011110100010111011101
11010001001100011111101100111011101
11010001010100100000110110111011101
11010001011000100010000000111011101
11010001011011111101111111011011101
11010001010111111111001001011011101
11010001001100000000010011011011101
11010001001000000001011101011011101
11010001000100000010100111111011101
11010001000000000011110001111011101
11010000111100000100111100011011101
11010000111100000110000110011011101
11010000111000000111010000111011101
11010000110100001000011011011011101
11010000110100001001100101111011101
11010000110000001010110000011011101
11010000110000001011111010111011101
11010000110000001101000101011011101
11010000101100001110010000011011101
11010000101100001111011010111011101
11010110111000010000100011111011101
11010110111000010001101011011011101
11010110111000010010110010111011101
11010110111000010011111010011011101
11010110111000010101000001111011101
11010110111100010110001001011011101
11010110111100010111010000011011101
11010111000000011000010111111011101
11010111000100011001011111011011101
11010111000100011010100110011011101
11010111001000011011101101111011101
11010111001100011100110100111011101
11010111010000011101111011111011101
11010111010100011111000010111011101
11010111011100100000001001111011101
11010111100000100001010000111011101
11010111100011111110101111011011101
11010111011111111111110110011011101
11010111010100000000111101011011101
11010111010000000010000100011011101
11010111001100000011001011011011101
11010111001000000100010010011011101
11010111000100000101011001111011101
11010111000100000110100000111011101
11010111000000000111101000011011101
11010110111100001000101111111011101
11010110111100001001110110111011101
11010110111000001010111110011011101
11010110111000001100000101111011101
11010110111000001101001101011011101
11010110111000001110010100111011101
11010110111000001111011100011011101
11010110011100010000100011111011101
11010110011100010001101011111011101
11010110011100010010110011011011101
11010110100000010011111010111011101
11010110100000010101000010111011101
11010110100000010110001010011011101
11010110100100010111010001111011101
11010110100100011000011001011011101
11010110101000011001100000111011101
11010110101100011010101000011011101
11010110110000011011101111111011101
11010110110100011100110111011011101
11010110111000011101111110011011101
11010110111100011111000101111011101
11010111000000100000001100111011101
11010111000100100001010011111011101
11010111000111111110101100011011101
11010111000011111111110011011011101
11010110111100000000111010011011101
11010110111000000010000001111011101
11010110110100000011001000111011101
11010110110000000100010000011011101
11010110101100000101010111111011101
11010110101000000110011111011011101
11010110100100000111100110111011101
11010110100100001000101110011011101
11010110100000001001110101111011101
11010110100000001010111101011011101
11010110100000001100000101011011101
11010110011100001101001100111011101
11010110011100001110010100011011101
11010110011100001111011100011011101
11010110000000010000100011111011101
11010110000100010001101011111011101
11010110000100010010110011111011101
11010110000100010011111011111011101
11010110000100010101000011011011101
11010110001000010110001011011011101
11010110001000010111010011011011101
11010110001100011000011010111011101
11010110010000011001100010011011101
11010110010000011010101010011011101
11010110010100011011110001111011101
11010110011000011100111001011011101
11010110011100011110000000111011101
11010110100000011111001000011011101
11010110101000100000001111111011101
11010110101100100001010110111011101
11010110101111111110101001011011101
11010110101011111111110000011011101
11010110100000000000110111111011101
11010110011100000001111111011011101
11010110011000000011000110111011101
11010110010100000100001110011011101
11010110010000000101010101111011101
11010110010000000110011101111011101
11010110001100000111100101011011101
11010110001000001000101100111011101
11010110001000001001110100111011101
11010110000100001010111100111011101
11010110000100001100000100011011101
11010110000100001101001100011011101
11010110000100001110010100011011101
11010110000000001111011100011011101
11010101101000010000100100011011101
11010101101000010001101100011011101
11010101101000010010110100011011101
11010101101000010011111100011011101
11010101101100010101000100011011101
11010101101100010110001100011011101
11010101110000010111010100011011101
11010101110000011000011100011011101
11010101110100011001100100011011101
11010101111000011010101100011011101
11010101111100011011110011111011101
11010110000000011100111011111011101
11010110000100011110000011011011101
11010110001000011111001010111011101
11010110001100100000010010111011101
11010110010000100001011010011011101
11010110010011111110100101111011101
11010110001111111111101101011011101
11010110001000000000110101011011101
11010110000100000001111100111011101
11010110000000000011000100011011101
11010101111100000100001100011011101
11010101111000000101010011111011101
11010101110100000110011011111011101
11010101110000000111100011111011101
11010101110000001000101011111011101
11010101101100001001110011111011101
11010101101100001010111011111011101
11010101101000001100000011111011101
11010101101000001101001011111011101
11010101101000001110010011111011101
11010101101000001111011011111011101
11010101001100010000100100011011101
11010101001100010001101100011011101
11010101010000010010110100111011101
11010101010000010011111100111011101
11010101010000010101000101011011101
11010101010100010110001101011011101
11010101010100010111010101111011101
11010101011000011000011101111011101
11010101011100011001100101111011101
11010101011100011010101101111011101
11010101100000011011110110011011101
11010101100100011100111101111011101
11010101101000011110000101111011101
11010101101100011111001101111011101
11010101110100100000010101011011101
11010101111000100001011101011011101
11010101111011111110100010111011101
11010101110111111111101010111011101
11010101101100000000110010011011101
11010101101000000001111010011011101
11010101100100000011000010011011101
11010101100000000100001001111011101
11010101011100000101010010011011101
11010101011100000110011010011011101
11010101011000000111100010011011101
11010101010100001000101010011011101
11010101010100001001110010111011101
11010101010000001010111010111011101
11010101010000001100000011011011101
11010101010000001101001011011011101
11010101001100001110010011111011101
11010101001100001111011011111011101
11010100110100010000100100011011101
11010100110100010001101100111011101
11010100110100010010110101011011101
11010100110100010011111101111011101
11010100111000010101000110011011101
11010100111000010110001110111011101
11010100111100010111010110111011101
11010100111100011000011111011011101
11010101000000011001100111111011101
11010101000100011010101111111011101
11010101001000011011111000011011101
11010101001100011101000000011011101
11010101010000011110001000011011101
11010101010100011111010000011011101
11010101011000100000011000011011101
11010101011100100001100000011011101
11010101011111111110011111111011101
11010101011011111111100111111011101
11010101010100000000101111111011101
11010101010000000001110111111011101
11010101001100000010111111111011101
11010101001000000100000111111011101
11010101000100000101010000011011101
11010101000000000110011000011011101
11010100111100000111100000111011101
11010100111100001000101001011011101
11010100111000001001110001011011101
11010100111000001010111001111011101
11010100110100001100000010011011101
11010100110100001101001010111011101
11010100110100001110010011011011101
11010100110100001111011011111011101
11010100011000010000100100011011101
11010100011000010001101101011011101
11010100011100010010110101111011101
11010100011100010011111110011011101
11010100011100010101000111011011101
11010100100000010110001111111011101
11010100100000010111011000011011101
11010100100100011000100000111011101
11010100100100011001101001011011101
11010100101000011010110001111011101
11010100101100011011111010011011101
11010100110000011101000010111011101
11010100110100011110001010111011101
11010100111000011111010011011011101
11010101000000100000011011011011101
11010101000100100001100011011011101
11010101000111111110011100111011101
11010101000011111111100100111011101
11010100111000000000101100111011101
11010100110100000001110101011011101
11010100110000000010111101011011101
11010100101100000100000101111011101
11010100101000000101001110011011101
11010100100100000110010110111011101
11010100100100000111011111011011101
11010100100000001000100111111011101
11010100100000001001110000011011101
11010100011100001010111000111011101
11010100011100001100000001111011101
11010100011100001101001010011011101
11010100011000001110010010111011101
11010100011000001111011011111011101
11010100000000010000100100011011101
11010100000000010001101101011011101
11010100000000010010110110011011101
11010100000000010011111111011011101
11010100000100010101001000011011101
11010100000100010110010000111011101
11010100001000010111011001111011101
11010100001000011000100010011011101
11010100001100011001101011011011101
11010100010000011010110011111011101
11010100010100011011111100011011101
11010100011000011101000101011011101
11010100011100011110001101111011101
11010100100000011111010101111011101
11010100100100100000011110011011101
11010100101000100001100110111011101
11010100101011111110011001011011101
11010100100111111111100001111011101
11010100100000000000101010011011101
11010100011100000001110010011011101
11010100011000000010111010111011101
11010100010100000100000011111011101
11010100010000000101001100011011101
11010100001100000110010100111011101
11010100001000000111011101111011101
11010100001000001000100110011011101
11010100000100001001101111011011101
11010100000100001010110111111011101
11010100000000001100000000111011101
11010100000000001101001001111011101
11010100000000001110010010111011101
11010100000000001111011011111011101
