11001101000000010000100110011011101
11001101000000010001110010111011101
11001101000100010010111111111011101
11001101000100010100001100011011101
11001101000100010101011000111011101
11001101001000010110100101011011101
11001101001000010111110001111011101
11001101001100011000111110011011101
11001101010000011010001010111011101
11001101010000011011010110111011101
11001101010100011100100011011011101
11001101011000011101101111011011101
11001101100000011110111011111011101
11001101100100100000000111111011101
11001101101000100001010011111011101
11001101101100100010011111111011101
11001101101111111101100000011011101
11001101101011111110101100011011101
11001101100111111111111000011011101
11001101100000000001000100011011101
11001101011000000010010000111011101
11001101010100000011011100111011101
11001101010000000100101001011011101
11001101010000000101110101011011101
11001101001100000111000001111011101
11001101001000001000001110011011101
11001101001000001001011010111011101
11001101000100001010100111011011101
11001101000100001011110011111011101
11001101000100001101000000011011101
11001101000000001110001101011011101
11001101000000001111011001111011101
11001100101000010000100110011011101
11001100101000010001110011011011101
11001100101000010011000000011011101
11001100101000010100001100111011101
11001100101100010101011001111011101
11001100101100010110100110011011101
11001100110000010111110011011011101
11001100110000011000111111111011101
11001100110100011010001100111011101
11001100111000011011011001011011101
11001100111100011100100101111011101
11001101000000011101110010011011101
11001101000100011110111110011011101
11001101001000100000001010111011101
11001101001100100001010111011011101
11001101010100100010100011011011101
11001101010111111101011100111011101
11001101001111111110101000111011101
11001101001011111111110101011011101
11001101000100000001000001111011101
11001101000000000010001101111011101
11001100111100000011011010011011101
11001100111000000100100110111011101
11001100110100000101110011011011101
11001100110000000111000000011011101
11001100110000001000001100111011101
11001100101100001001011001111011101
11001100101100001010100110011011101
11001100101000001011110011011011101
11001100101000001100111111111011101
11001100101000001110001100111011101
11001100101000001111011001111011101
11001100001100010000100110111011101
11001100001100010001110011111011101
11001100001100010011000000111011101
11001100010000010100001101111011101
11001100010000010101011010111011101
11001100010100010110100111111011101
11001100010100010111110100111011101
11001100011000011001000001111011101
11001100011000011010001110111011101
11001100011100011011011011011011101
11001100100000011100101000011011101
11001100100100011101110100111011101
11001100101000011111000001011011101
11001100110000100000001101111011101
11001100110100100001011010011011101
11001100111000100010100110111011101
11001100111011111101011001011011101
11001100110111111110100101111011101
11001100110011111111110010011011101
11001100101000000000111110111011101
11001100100100000010001011011011101
11001100100000000011010111111011101
11001100011100000100100100111011101
11001100011000000101110001011011101
11001100011000000110111110011011101
11001100010100001000001011011011101
11001100010100001001011000011011101
11001100010000001010100101011011101
11001100010000001011110010011011101
11001100001100001100111111011011101
11001100001100001110001100011011101
11001100001100001111011001011011101
11001011110100010000100110111011101
11001011110100010001110011111011101
11001011110100010011000001011011101
11001011110100010100001110111011101
11001011111000010101011011111011101
11001011111000010110101001011011101
11001011111100010111110110011011101
11001011111100011001000011011011101
11001100000000011010010000011011101
11001100000100011011011101111011101
11001100001000011100101010111011101
11001100001100011101110111011011101
11001100010000011111000100011011101
11001100010100100000010001011011101
11001100011000100001011101111011101
11001100100000100010101010011011101
11001100100011111101010101111011101
11001100011011111110100010011011101
11001100010111111111101110111011101
11001100010000000000111011111011101
11001100001100000010001000111011101
11001100001000000011010101011011101
11001100000100000100100010011011101
11001100000000000101101111111011101
11001011111100000110111100111011101
11001011111100001000001001111011101
11001011111000001001010110111011101
11001011111000001010100100011011101
11001011110100001011110001011011101
11001011110100001100111110111011101
11001011110100001110001100011011101
11001011110100001111011001011011101
11001011011000010000100110111011101
11001011011000010001110100011011101
11001011011000010011000001111011101
11001011011100010100001111011011101
11001011011100010101011100111011101
11001011011100010110101010011011101
11001011100000010111110111111011101
11001011100100011001000101011011101
11001011100100011010010010011011101
11001011101000011011011111111011101
11001011101100011100101100111011101
11001011110000011101111010011011101
11001011110100011111000111011011101
11001011111100100000010100011011101
11001100000000100001100001011011101
11001100000100100010101101111011101
11001100000111111101010010011011101
11001100000011111110011110111011101
11001011111111111111101011111011101
11001011110100000000111000111011101
11001011110000000010000101111011101
11001011101100000011010011011011101
11001011101000000100100000011011101
11001011100100000101101101111011101
11001011100100000110111010111011101
11001011100000001000001000011011101
11001011011100001001010101111011101
11001011011100001010100011011011101
11001011011100001011110000111011101
11001011011000001100111110011011101
11001011011000001110001011111011101
11001011011000001111011001011011101
11001010111100010000100110111011101
11001011000000010001110100111011101
11001011000000010011000010011011101
11001011000000010100010000011011101
11001011000000010101011101111011101
11001011000100010110101011111011101
11001011000100010111111001011011101
11001011001000011001000110111011101
11001011001100011010010100011011101
11001011010000011011100001111011101
11001011010100011100101111011011101
11001011011000011101111100111011101
11001011011100011111001010011011101
11001011100000100000010111011011101
11001011100100100001100100011011101
11001011101100100010110001011011101
11001011101111111101001110111011101
11001011100111111110011011111011101
11001011100011111111101000111011101
11001011011100000000110101111011101
11001011011000000010000011011011101
11001011010100000011010000111011101
11001011010000000100011110011011101
11001011001100000101101011111011101
11001011001000000110111001011011101
11001011000100001000000110111011101
11001011000100001001010100011011101
11001011000000001010100010011011101
11001011000000001011101111111011101
11001011000000001100111101111011101
11001011000000001110001011011011101
11001010111100001111011001011011101
11001010100100010000100111011011101
11001010100100010001110101011011101
11001010100100010011000011011011101
11001010100100010100010001011011101
11001010101000010101011110111011101
11001010101000010110101100111011101
11001010101100010111111010111011101
11001010110000011001001000111011101
11001010110000011010010110011011101
11001010110100011011100100011011101
11001010111000011100110001111011101
11001010111100011101111111111011101
11001011000000011111001101011011101
11001011001000100000011010011011101
11001011001100100001100111111011101
11001011010000100010110101011011101
11001011010011111101001010111011101
11001011001111111110011000011011101
11001011001011111111100101111011101
11001011000000000000110010111011101
11001010111100000010000000011011101
11001010111000000011001110011011101
11001010110100000100011011111011101
11001010110000000101101001111011101
11001010110000000110110111011011101
11001010101100001000000101011011101
11001010101000001001010011011011101
11001010101000001010100001011011101
11001010100100001011101110111011101
11001010100100001100111100111011101
11001010100100001110001010111011101
11001010100100001111011000111011101
11001010001000010000100111011011101
11001010001000010001110101011011101
11001010001100010011000011111011101
11001010001100010100010001111011101
11001010001100010101100000011011101
11001010010000010110101110011011101
11001010010000010111111100011011101
11001010010100011001001010011011101
11001010011000011010011000111011101
11001010011100011011100110011011101
11001010100000011100110100011011101
11001010100100011110000010011011101
11001010101000011111001111111011101
11001010101100100000011101111011101
11001010110000100001101011011011101
11001010111000100010111000111011101
11001010111011111101000111011011101
11001010110011111110010100111011101
11001010101111111111100010011011101
11001010101000000000110000011011101
11001010100100000001111101111011101
11001010100000000011001011111011101
11001010011100000100011001111011101
11001010011000000101100111011011101
11001010010100000110110101111011101
11001010010000001000000011111011101
11001010010000001001010001111011101
11001010001100001010011111111011101
11001010001100001011101110011011101
11001010001100001100111100011011101
11001010001000001110001010111011101
11001010001000001111011000111011101
11010000010100010000100101011011101
11010000010100010001110000011011101
11010000010100010010111011011011101
11010000010100010100000101111011101
11010000011000010101010000111011101
11010000011000010110011011011011101
11010000011100010111100110011011101
11010000011100011000110000111011101
11010000100000011001111011011011101
11010000100100011011000110011011101
11010000101000011100010000111011101
11010000101100011101011010111011101
11010000110000011110100101011011101
11010000110100011111101111111011101
11010000111000100000111001111011101
11010001000000100010000100011011101
11010001000011111101111011111011101
11010000111011111111000110011011101
11010000110100000000010000011011101
11010000110000000001011010111011101
11010000101100000010100101011011101
11010000101000000011101111011011101
11010000100100000100111001111011101
11010000100000000110000100111011101
11010000011100000111001111011011101
11010000011100001000011001111011101
11010000011000001001100100111011101
11010000011000001010101111011011101
11010000010100001011111010011011101
11010000010100001101000100111011101
11010000010100001110001111111011101
11010000010100001111011010111011101
11001111111000010000100101111011101
11001111111000010001110000111011101
11001111111000010010111011111011101
11001111111100010100000110111011101
11001111111100010101010001111011101
11001111111100010110011100111011101
11010000000000010111100111111011101
11010000000100011000110010011011101
11010000000100011001111101011011101
11010000001000011011001000011011101
11010000001100011100010010111011101
11010000010000011101011101011011101
11010000010100011110101000011011101
11010000011000011111110010111011101
11010000100000100000111101011011101
11010000100100100010000111011011101
11010000100111111101111000111011101
11010000100011111111000010111011101
11010000011000000000001101011011101
11010000010100000001010111111011101
11010000010000000010100010111011101
11010000001100000011101101011011101
11010000001000000100110111111011101
11010000000100000110000010111011101
11010000000100000111001101111011101
11010000000000001000011000011011101
11001111111100001001100011011011101
11001111111100001010101110011011101
11001111111100001011111001011011101
11001111111000001101000100011011101
11001111111000001110001111011011101
11001111111000001111011010011011101
11001111100000010000100101111011101
11001111100000010001110000111011101
11001111100000010010111100011011101
11001111100000010100000111011011101
11001111100000010101010010111011101
11001111100100010110011101111011101
11001111100100010111101000111011101
11001111101000011000110100011011101
11001111101100011001111111011011101
11001111110000011011001010011011101
11001111110100011100010101011011101
11001111111000011101100000011011101
11001111111100011110101010111011101
11010000000000011111110101111011101
11010000000100100001000000011011101
11010000001100100010001010111011101
11010000001111111101110101011011101
11010000000111111110111111111011101
11010000000000000000001010011011101
11001111111100000001010101011011101
11001111111000000010011111111011101
11001111110100000011101010111011101
11001111110000000100110101111011101
11001111101100000110000000111011101
11001111101000000111001011111011101
11001111100100001000010111011011101
11001111100100001001100010011011101
11001111100000001010101101011011101
11001111100000001011111000111011101
11001111100000001101000011111011101
11001111100000001110001111011011101
11001111100000001111011010011011101
11001111000100010000100101111011101
11001111000100010001110001011011101
11001111000100010010111100111011101
11001111001000010100001000011011101
11001111001000010101010011111011101
11001111001000010110011111011011101
11001111001100010111101010011011101
11001111010000011000110101111011101
11001111010000011010000001011011101
11001111010100011011001100011011101
11001111011000011100010111011011101
11001111011100011101100010111011101
11001111100000011110101101111011101
11001111100100011111111000111011101
11001111101100100001000011011011101
11001111110000100010001110011011101
11001111110011111101110001111011101
11001111101111111110111100111011101
11001111100100000000000111011011101
11001111100000000001010010011011101
11001111011100000010011101011011101
11001111011000000011101000111011101
11001111010100000100110011111011101
11001111010000000101111110111011101
11001111010000000111001010011011101
11001111001100001000010101111011101
11001111001000001001100000111011101
11001111001000001010101100011011101
11001111001000001011110111111011101
11001111000100001101000011011011101
11001111000100001110001110111011101
11001111000100001111011010011011101
11001110101000010000100101111011101
11001110101100010001110001111011101
11001110101100010010111101011011101
11001110101100010100001000111011101
11001110101100010101010100111011101
11001110110000010110100000011011101
11001110110000010111101011111011101
11001110110100011000110111011011101
11001110111000011010000010111011101
11001110111100011011001110011011101
11001111000000011100011001111011101
11001111000100011101100101011011101
11001111001000011110110000011011101
11001111001100011111111011111011101
11001111010000100001000110111011101
11001111010100100010010001111011101
11001111010111111101101110011011101
11001111010011111110111001011011101
11001111001100000000000100011011101
11001111001000000001001111111011101
11001111000100000010011010111011101
11001111000000000011100110011011101
11001110111100000100110001111011101
11001110111000000101111101011011101
11001110110100000111001000111011101
11001110110000001000010100011011101
11001110110000001001011111111011101
11001110101100001010101011011011101
11001110101100001011110111011011101
11001110101100001101000010111011101
11001110101100001110001110011011101
11001110101000001111011010011011101
11001110010000010000100101111011101
11001110010000010001110001111011101
11001110010000010010111101111011101
11001110010000010100001001111011101
11001110010100010101010101111011101
11001110010100010110100001011011101
11001110011000010111101101011011101
11001110011000011000111001011011101
11001110011100011010000100111011101
11001110100000011011010000111011101
11001110100100011100011100011011101
11001110101000011101100111111011101
11001110101100011110110011011011101
11001110110000011111111110111011101
11001110111000100001001001111011101
11001110111100100010010101011011101
11001110111111111101101010111011101
11001110111011111110110110011011101
11001110110000000000000001011011101
11001110101100000001001100111011101
11001110101000000010011000011011101
11001110100100000011100011111011101
11001110100000000100101111011011101
11001110011100000101111011011011101
11001110011000000111000110111011101
11001110011000001000010010111011101
11001110010100001001011110111011101
11001110010100001010101010011011101
11001110010000001011110110011011101
11001110010000001101000010011011101
11001110010000001110001110011011101
11001110010000001111011010011011101
11001101110100010000100110011011101
11001101110100010001110010011011101
11001101111000010010111110011011101
11001101111000010100001010111011101
11001101111000010101010110111011101
11001101111100010110100010111011101
11001101111100010111101110111011101
11001110000000011000111010111011101
11001110000100011010000110111011101
11001110001000011011010010111011101
11001110001000011100011110011011101
11001110001100011101101010011011101
11001110010100011110110101111011101
11001110011000100000000001111011101
11001110011100100001001101011011101
11001110100000100010011000111011101
11001110100011111101100111011011101
11001110011111111110110010111011101
11001110011011111111111110011011101
11001110010100000001001010011011101
11001110001100000010010101111011101
11001110001000000011100001111011101
11001110001000000100101101011011101
11001110000100000101111001011011101
11001110000000000111000101011011101
11001101111100001000010001011011101
11001101111100001001011101011011101
11001101111000001010101001011011101
11001101111000001011110101011011101
11001101111000001101000001111011101
11001101110100001110001101111011101
11001101110100001111011001111011101
11001101011100010000100110011011101
11001101011100010001110010111011101
11001101011100010010111110111011101
11001101011100010100001011011011101
11001101100000010101010111111011101
11001101100000010110100011111011101
11001101100100010111110000011011101
11001101100100011000111100011011101
11001101101000011010001000111011101
11001101101100011011010100111011101
11001101110000011100100000111011101
11001101110100011101101100111011101
11001101111000011110111000111011101
11001101111100100000000100111011101
11001110000100100001010000011011101
11001110001000100010011100011011101
11001110001011111101100011111011101
11001110000111111110101111111011101
11001101111111111111111011011011101
11001101111000000001000111011011101
11001101110100000010010011011011101
11001101110000000011011111011011101
11001101101100000100101011011011101
11001101101000000101110111011011101
11001101100100000111000011111011101
11001101100100001000001111111011101
11001101100000001001011100011011101
11001101100000001010101000011011101
11001101011100001011110100111011101
11001101011100001101000001011011101
11001101011100001110001101011011101
11001101011100001111011001111011101
