1000011110
1010011110
1011011110
1100011110
1110011110
1111011110
0000011110
0001011110
0011011110
0100011110
0101011110
0111011110
0111011110
0111011110
0111011110
0111011110
0111011110
0111011110
0111011110
0111011110
0111011110
0111011110
0111011110
0111011110
0111011110
0111011111
0111011111
0111011111
0111011111
0111011111
0111011111
0111011111
1000100010
1000100010
1000100010
1000100010
1000100010
1000100010
1000100010
1000100010
1000100010
1000100010
1000100010
1000100010
1000100010
1000100010
1000100010
1000100010
1000100010
1000100010
1000100010
1000100010
1000100010
1000100010
1000101010
1000101110
1000110010
1000111010
1000111110
1000000010
1000000110
1000001110
1000010010
1000010110
1000011110
1010011110
1011011110
1100011110
1110011110
1111011110
0000011110
0001011110
0011011110
0100011110
0101011110
0111011110
0111011110
0111011110
0111011110
0111011110
0111011110
0111011110
0111011110
0111011110
0111011110
0111011110
0111011110
0111011110
0111011110
0111011110
0111011110
0111011110
0111011111
0111011111
0111011111
0111011111
1000100010
1000100010
1000100010
1000100010
1000100010
1000100010
1000100010
1000100010
1000100010
1000100010
1000100010
1000100010
1000100010
1000100010
1000100010
1000100010
1000100010
1000100010
1000100010
1000100010
1000100010
1000100010
1000101010
1000101110
1000110010
1000111010
1000111110
1000000010
1000000110
1000001110
1000010010
1000010110
1000011110
1010011110
1011011110
1100011110
1110011110
1111011110
0000011110
0001011110
0011011110
0100011110
0101011110
0111011110
0111011110
0111011110
0111011110
0111011110
0111011110
0111011110
0111011110
0111011110
0111011110
0111011110
0111011110
0111011110
0111011110
0111011110
0111011110
0111011110
0111011110
0111011110
0111011111
0111011111
1000100010
1000100010
1000100010
1000100010
1000100010
1000100010
1000100010
1000100010
1000100010
1000100010
1000100010
1000100010
1000100010
1000100010
1000100010
1000100010
1000100010
1000100010
1000100010
1000100010
1000100010
1000100010
1000101010
1000101110
1000110010
1000111010
1000111110
1000000010
1000000110
1000001110
1000010010
1000010110
1000011110
1010011110
1011011110
1100011110
1110011110
1111011110
0000011110
0001011110
0011011110
0100011110
0101011110
0111011110
0111011110
0111011110
0111011110
0111011110
0111011110
0111011110
0111011110
0111011110
0111011110
0111011110
0111011110
0111011110
0111011110
0111011110
0111011110
0111011110
0111011110
0111011110
0111011110
0111011110
1000100010
1000100010
1000100010
1000100010
1000100010
1000100010
1000100010
1000100010
1000100010
1000100010
1000100010
1000100010
1000100010
1000100010
1000100010
1000100010
1000100010
1000100010
1000100010
1000100010
1000100010
1000100010
1000101010
1000101110
1000110010
1000111010
1000111110
1000000010
1000000110
1000001110
1000010010
1000010110
1000011110
1010011110
1011011110
1100011110
1110011110
1111011110
0000011110
0001011110
0011011110
0100011110
0101011110
0111011110
0111011110
0111011110
0111011110
0111011110
0111011110
0111011110
0111011110
0111011110
0111011110
0111011110
0111011110
0111011110
0111011110
0111011110
0111011110
0111011110
0111011110
0111011110
0111011110
0111011110
1000100010
1000100010
1000100010
1000100010
1000100010
1000100010
1000100010
1000100010
1000100010
1000100010
1000100010
1000100010
1000100010
1000100010
1000100010
1000100010
1000100010
1000100010
1000100010
1000100010
1000100010
1000100010
1000101010
1000101110
1000110010
1000111010
1000111110
1000000010
1000000110
1000001110
1000010010
1000010110
1000011110
1010011110
1011011110
1100011110
1110011110
1111011110
0000011110
0001011110
0011011110
0100011110
0101011110
0111011110
0111011110
0111011110
0111011110
0111011110
0111011110
0111011110
0111011110
0111011110
0111011110
0111011110
0111011110
0111011110
0111011110
0111011110
0111011110
0111011110
0111011110
0111011110
0111011110
0111011110
1000100010
1000100010
1000100010
1000100010
1000100010
1000100010
1000100010
1000100010
1000100010
1000100010
1000100010
1000100010
1000100010
1000100010
1000100010
1000100010
1000100010
1000100010
1000100010
1000100010
1000100010
1000100010
1000101010
1000101110
1000110010
1000111010
1000111110
1000000010
1000000110
1000001110
1000010010
1000010110
1000011110
1010011110
1011011110
1100011110
1110011110
1111011110
0000011110
0001011110
0011011110
0100011110
0101011110
0111011110
0111011110
0111011110
0111011110
0111011110
0111011110
0111011110
0111011110
0111011110
0111011110
0111011110
0111011110
0111011110
0111011110
0111011110
0111011110
0111011110
0111011110
0111011110
0111011110
0111011110
1000100010
1000100010
1000100010
1000100010
1000100010
1000100010
1000100010
1000100010
1000100010
1000100010
1000100010
1000100010
1000100010
1000100010
1000100010
1000100010
1000100010
1000100010
1000100010
1000100010
1000100010
1000100010
1000101010
1000101110
1000110010
1000111010
1000111110
1000000010
1000000110
1000001110
1000010010
1000010110
1000011110
1010011110
1011011110
1100011110
1110011110
1111011110
0000011110
0001011110
0011011110
0100011110
0101011110
0111011110
0111011110
0111011110
0111011110
0111011110
0111011110
0111011110
0111011110
0111011110
0111011110
0111011110
0111011110
0111011110
0111011110
0111011110
0111011110
0111011110
0111011110
0111011110
0111011110
0111011110
1000100010
1000100010
1000100010
1000100010
1000100010
1000100010
1000100010
1000100010
1000100010
1000100010
1000100010
1000100010
1000100010
1000100010
1000100010
1000100010
1000100010
1000100010
1000100010
1000100010
1000100010
1000100010
1000101010
1000101110
1000110010
1000111010
1000111110
1000000010
1000000110
1000001110
1000010010
1000010110
1000011111
1010011111
1011011111
1100011111
1110011111
1111011101
0000011101
0001011101
0011011101
0100011101
0101011101
0111011101
0111011101
0111011101
0111011101
0111011101
0111011101
0111011101
0111011101
0111011101
0111011101
0111011101
0111011101
0111011101
0111011101
0111011101
0111011101
0111011101
0111011101
0111011101
0111011101
0111011101
1000100010
1000100010
1000100010
1000100010
1000100010
1000100010
1000100010
1000100010
1000100010
1000100010
1000100010
1000100010
1000100010
1000100010
1000100010
1000100010
1000100010
1000100010
1000100010
1000100010
1000100010
1000100010
1000101010
1000101110
1000110010
1000111010
1000111111
1000000011
1000000111
1000001111
1000010011
1000010111
1000011111
1010011111
1011011111
1100011111
1110011111
1111011111
0000011111
0001011101
0011011101
0100011101
0101011101
0111011101
0111011101
0111011101
0111011101
0111011101
0111011101
0111011101
0111011101
0111011101
0111011101
0111011101
0111011101
0111011101
0111011101
0111011101
0111011101
0111011101
0111011101
0111011101
0111011101
0111011101
1000100010
1000100010
1000100010
1000100010
1000100010
1000100010
1000100010
1000100010
1000100010
1000100010
1000100010
1000100010
1000100010
1000100010
1000100010
1000100010
1000100010
1000100010
1000100010
1000100010
1000100010
1000100010
1000101010
1000101110
1000110010
1000111010
1000111110
1000000010
1000000111
1000001111
1000010011
1000010111
1000011111
1010011111
1011011111
1100011111
1110011111
1111011111
0000011111
0001011111
0011011111
0100011111
0101011101
0111011101
0111011101
0111011101
0111011101
0111011101
0111011101
0111011101
0111011101
0111011101
0111011101
0111011101
0111011101
0111011101
0111011101
0111011101
0111011101
0111011101
0111011101
0111011101
0111011101
0111011101
1000100010
1000100010
1000100010
1000100010
1000100010
1000100010
1000100010
1000100010
1000100010
1000100010
1000100010
1000100010
1000100010
1000100010
1000100010
1000100010
1000100010
1000100010
1000100010
1000100010
1000100010
1000100010
1000101010
1000101110
1000110010
1000111010
1000111110
1000000010
1000000110
1000001110
1000010010
1000010111
1000011110
1010011110
1011011110
1100011110
1110011110
1111011110
0000011110
0001011110
0011011110
0100011110
0101011110
0111011110
0111011111
0111011111
0111011111
0111011111
0111011111
0111011111
0111011111
0111011111
0111011111
0111011111
0111011111
0111011111
0111011111
0111011111
0111011111
0111011111
0111011111
0111011111
0111011111
0111011111
1000100010
1000100010
1000100010
1000100010
1000100010
1000100010
1000100010
1000100010
1000100010
1000100010
1000100010
1000100010
1000100010
1000100010
1000100010
1000100010
1000100010
1000100010
1000100010
1000100010
1000100010
1000100010
1000101010
1000101110
1000110010
1000111010
1000111110
1000000010
1000000110
1000001110
1000010010
1000010110
1000011110
1010011110
1011011110
1100011110
1110011110
1111011110
0000011110
0001011110
0011011110
0100011110
0101011110
0111011110
0111011110
0111011110
0111011110
0111011111
0111011111
0111011111
0111011111
0111011111
0111011111
0111011111
0111011111
0111011111
0111011111
0111011111
0111011111
0111011111
0111011111
0111011111
0111011111
0111011111
1000100010
1000100010
1000100010
1000100010
1000100010
1000100010
1000100010
1000100010
1000100010
1000100010
1000100010
1000100010
1000100010
1000100010
1000100010
1000100010
1000100010
1000100010
1000100010
1000100010
1000100010
1000100010
1000101010
1000101110
1000110010
1000111010
1000111110
1000000010
1000000110
1000001110
1000010010
1000010110
1000011110
1010011110
1011011110
1100011110
1110011110
1111011110
0000011110
0001011110
0011011110
0100011110
0101011110
0111011110
0111011110
0111011110
0111011110
0111011110
0111011110
0111011110
0111011111
0111011111
0111011111
0111011111
0111011111
0111011111
0111011111
0111011111
0111011111
0111011111
0111011111
0111011111
0111011111
0111011111
1000100010
1000100010
1000100010
1000100010
1000100010
1000100010
1000100010
1000100010
1000100010
1000100010
1000100010
1000100010
1000100010
1000100010
1000100010
1000100010
1000100010
1000100010
1000100010
1000100010
1000100010
1000100010
1000101010
1000101110
1000110010
1000111010
1000111110
1000000010
1000000110
1000001110
1000010010
1000010110
1000011110
1010011110
1011011110
1100011110
1110011110
1111011110
0000011110
0001011110
0011011110
0100011110
0101011110
0111011110
0111011110
0111011110
0111011110
0111011110
0111011110
0111011110
0111011110
0111011110
0111011111
0111011111
0111011111
0111011111
0111011111
0111011111
0111011111
0111011111
0111011111
0111011111
0111011111
0111011111
1000100010
1000100010
1000100010
1000100010
1000100010
1000100010
1000100010
1000100010
1000100010
1000100010
1000100010
1000100010
1000100010
1000100010
1000100010
1000100010
1000100010
1000100010
1000100010
1000100010
1000100010
1000100010
1000101010
1000101110
1000110010
1000111010
1000111110
1000000010
1000000110
1000001110
1000010010
1000010110
1000011110
1010011110
1011011110
1100011110
1110011110
1111011110
0000011110
0001011110
0011011110
0100011110
0101011110
0111011110
0111011110
0111011110
0111011110
0111011110
0111011110
0111011110
0111011110
0111011110
0111011110
0111011110
0111011110
0111011111
0111011111
0111011111
0111011111
0111011111
0111011111
0111011111
0111011111
0111011111
1000100010
1000100010
1000100010
1000100010
1000100010
1000100010
1000100010
1000100010
1000100010
1000100010
1000100010
1000100010
1000100010
1000100010
1000100010
1000100010
1000100010
1000100010
1000100010
1000100010
1000100010
1000100010
1000101010
1000101110
1000110010
1000111010
1000111110
1000000010
1000000110
1000001110
1000010010
1000010110
