10001010011000011000101110111111111
10001010011100011101011001011111111
10001010100000100010000011011111111
10001010101000100110101011111111111
10001010110100101011010011111111111
10001011000100101111111001011111111
10001011010100110100011101011111111
10001011101000111000111110111111111
10001011101011110011110100111111111
10001011010111111000010110011111111
10001011000111111100111001111111111
10001010110100000001011111111111111
10001010101000000110000111011111111
10001010100000001010110000011111111
10001010011100001111011001111111111
10001010011000010100000100011111111
10001010000000011000101111111111111
10001010000000011101011011111111111
10001010001000100010000111011111111
10001010010000100110110010011111111
10001010011100101011011011011111111
10001010101000110000000010111111111
10001010111100110100101000011111111
10001011010000111001001011011111111
10001011010011110011100111111111111
10001010111111111000001010111111111
10001010101011111100110000011111111
10001010011100000001010111111111111
10001010010000000110000001011111111
10001010001000001010101011111111111
10001010000000001111010111011111111
10001010000000010100000011011111111
10001001100100011000110000111111111
10001001101000011101011110111111111
10001001101100100010001011111111111
10001001110100100110111000011111111
10001010000000101011100011011111111
10001010010000110000001100011111111
10001010100000110100110011011111111
10001010110100111001011000011111111
10001010110111110011011011011111111
10001010100011110111111111111111111
10001010010011111100100110111111111
10001010000000000001010000011111111
10001001110100000101111010111111111
10001001101100001010100111011111111
10001001101000001111010100111111111
10001001100100010100000010111111111
10001001001000011000110001111111111
10001001001100011101100001011111111
10001001010100100010010000011111111
10001001011100100110111110011111111
10001001101000101011101011011111111
10001001111000110000010110011111111
10001010001000110100111110111111111
10001010011100111001100101011111111
10001010011111110011001110011111111
10001010001011110111110100011111111
10001001111011111100011101011111111
10001001101000000001001000011111111
10001001011100000101110100111111111
10001001010100001010100010111111111
10001001001100001111010001111111111
10001001001000010100000001111111111
10001000110000011000110010011111111
10001000110100011101100011111111111
10001000111000100010010100111111111
10001001000000100111000100111111111
10001001001100101011110011011111111
10001001011100110000011111111111111
10001001101100110101001010011111111
10001010000100111001110010011111111
10001010000111110011000001011111111
10001001101111110111101000111111111
10001001011111111100010011011111111
10001001001100000001000000011111111
10001001000000000101101110011111111
10001000111000001010011110011111111
10001000110100001111001111011111111
10001000110000010100000000111111111
10001000010100011000110011011111111
10001000011000011101100110111111111
10001000100000100010011001011111111
10001000101000100111001011011111111
10001000110100101011111011011111111
10001001000100110000101001111111111
10001001010100110101010101111111111
10001001101000111001111111011111111
10001001101011110010110011111111111
10001001010111110111011101011111111
10001001000111111100001001011111111
10001000110100000000110111111111111
10001000101000000101101000011111111
10001000100000001010011001111111111
10001000011000001111001100011111111
10001000010100010011111111111111111
10000111111100011000110100011111111
10001000000000011101101001111111111
10001000000100100010011110011111111
10001000001100100111010001111111111
10001000011000101100000011111111111
10001000101000110000110011111111111
10001000111100110101100001111111111
10001001010000111010001100111111111
10001001010011110010100110011111111
10001000111111110111010001111111111
10001000101011111011111111011111111
10001000011000000000101111111111111
10001000001100000101100001111111111
10001000000100001010010101011111111
10001000000000001111001001111111111
10000111111100010011111110111111111
10000111100000011000110101011111111
10000111100100011101101100011111111
10000111101100100010100010111111111
10000111110100100111011000011111111
10001000000000101100001011111111111
10001000010000110000111101111111111
10001000100000110101101101011111111
10001000110100111010011010011111111
10001000110111110010011000111111111
10001000100011110111000101111111111
10001000010011111011110101011111111
10001000000000000000100111011111111
10000111110100000101011011011111111
10000111101100001010010000011111111
10000111100100001111000110111111111
10000111100000010011111101111111111
10000111001000011000110110011111111
10000111001000011101101111011111111
10000111010000100010100111111111111
10000111011000100111011110111111111
10000111100100101100010100011111111
10000111110100110001001000011111111
10001000001000110101111001011111111
10001000011100111010101000011111111
10001000011111110010001011011111111
10001000001011110110111001111111111
10000111110111111011101011011111111
10000111100100000000011110111111111
10000111011000000101010100011111111
10000111010000001010001011111111111
10000111001000001111000100011111111
10000111001000010011111100111111111
10000110101100011000110111011111111
10000110110000011101110010011111111
10000110110100100010101100011111111
10000111000000100111100101011111111
10000111001100101100011100111111111
10000111011100110001010010011111111
10000111101100110110000101111111111
10001000000000111010110110011111111
10001000000011110001111101011111111
10000111101111110110101101111111111
10000111011111111011100000111111111
10000111001100000000010110011111111
10000111000000000101001101111111111
10000110110100001010000110111111111
10000110110000001111000001011111111
10000110101100010011111100011111111
10000110010100011000111000011111111
10000110010100011101110100111111111
10000110011100100010110001011111111
10000110100100100111101100011111111
10000110110000101100100101111111111
10000111000000110001011101011111111
10000111010100110110010001111111111
10000111101000111011000100011111111
10000111101011110001101111011111111
10000111010111110110100001011111111
10000111000011111011010110011111111
10000110110000000000001101111111111
10000110100100000101000111011111111
10000110011100001010000010011111111
10000110010100001110111110011111111
10000110010100010011111011011111111
10000101111000011000111001011111111
10000101111100011101110111111111111
10000110000000100010110110011111111
10000110001100100111110011011111111
10000110011000101100101110011111111
10000110101000110001100111111111111
10000110111000110110011110011111111
10000111010000111011010010011111111
10000111010011110001100000111111111
10000110111011110110010100111111111
10000110101011111011001011111111111
10000110011000000000000100111111111
10000110001100000101000000011111111
10000110000000001001111101011111111
10000101111100001110111011011111111
10000101111000010011111010011111111
10000101011100011000111010011111111
10000101100000011101111010111111111
10000101101000100010111011011111111
10000101110000100111111001111111111
10000101111100101100110111011111111
10000110001100110001110010011111111
10000110100000110110101011011111111
10000110110100111011100000111111111
10000110110111110001010010011111111
10000110100011110110001000011111111
10000110001111111011000000111111111
10000101111111111111111011111111111
10000101110000000100111001011111111
10000101101000001001111000011111111
10000101100000001110111000011111111
10000101011100010011111001011111111
10000101000100011000111011011111111
10000101001000011101111101111111111
10000101001100100011000000011111111
10000101011000101000000001011111111
10000101100100101101000000011111111
10000101110100110001111101011111111
10000110000100110110110111111111111
10000110011100111011101111011111111
10000110011111110001000011111111111
10000110000111110101111011011111111
10000101110111111010110101111111111
10000101100111111111110010111111111
10000101011000000100110010011111111
10000101001100001001110011011111111
10000101001000001110110101011111111
10000101000100010011111000011111111
10000100101000011000111100011111111
10000100101100011110000001011111111
10000100110100100011000101011111111
10000100111100101000001000011111111
10000101001000101101001001011111111
10000101011000110010001000011111111
10000101101100110111000100111111111
10000110000000111011111110011111111
10000110000011110000110101011111111
10000101101111110101101110011111111
10000101011011111010101010111111111
10000101001011111111101001111111111
10000100111100000100101011011111111
10000100110100001001101101111111111
10000100101100001110110010011111111
10000100101000010011110111011111111
10000100010000011000111101011111111
10000100010100011110000100011111111
10000100011000100011001010011111111
10000100100100101000001111011111111
10000100110000101101010010111111111
10000101000000110010010011111111111
10000101010000110111010001111111111
10000101101000111100001101011111111
10000101101011110000100110011111111
10000101010011110101100001011111111
10000101000011111010011111111111111
10000100110011111111100000111111111
10000100100100000100100011111111111
10000100011000001001101000111111111
10000100010100001110101111011111111
10000100010000010011110101111111111
10010000111100011000100010011111111
10010001000000011100110011011111111
10010001000100100001000011111111111
10010001001100100101010011011111111
10010001011000101001100010011111111
10010001100100101101101111111111111
10010001110100110001111011111111111
10010010001000110110000101111101111
10010010001011110110101101111101111
10010001110111111010110111111111111
10010001100111111111000011111111111
10010001011000000011010001011111111
10010001001100000111011111111111111
10010001000100001011101111111111111
10010001000000010000000000011111111
10010000111100010100010001011111111
10010000100000011000100010111111111
10010000100100011100110101011111111
10010000101000100001000111011111111
10010000110000100101011000111111111
10010000111100101001101000111111111
10010001001000101101110111111111111
10010001011000110010000100111111111
10010001101100110110010000011111111
10010001101111110110100010111111111
10010001011011111010101110011111111
10010001001011111110111011111111111
10010000111100000011001010111111111
10010000110000000111011010111111111
10010000101000001011101011111111111
10010000100100001111111101111111111
10010000100000010100010000011111111
10010000001000011000100011111111111
10010000001100011100110111111111111
10010000010000100001001010111111111
10010000011000100101011101111111111
10010000100100101001101111011111111
10010000110000101101111111111111111
10010001000000110010001110011111111
10010001010100110110011010111111111
10010001010111110110011000011111111
10010001000011111010100100111111111
10010000110011111110110011111111111
10010000100100000011000011111111111
10010000011000000111010101111111111
10010000010000001011101000011111111
10010000001100001111111011111111111
10010000001000010100001111111111111
10001111101100011000100100011111111
10001111110000011100111001111111111
10001111110100100001001110111111111
10001111111100100101100010111111111
10010000001000101001110101111111111
10010000010100101110000111111111111
10010000100100110010010111111111111
10010000111000110110100101111111111
10010000111011110110001101011111111
10010000100111111010011011011111111
10010000010111111110101011111111111
10010000001000000010111101011111111
10001111111100000111010000011111111
10001111110100001011100100111111111
10001111110000001111111001011111111
10001111101100010100001110111111111
10001111010100011000100101011111111
10001111010100011100111100011111111
10001111011100100001010010011111111
10001111100100100101101000011111111
10001111110000101001111100111111111
10001111111100101110001111111111111
10010000001100110010100001011111111
10010000100000110110110000111111111
10010000100011110110000010011111111
10010000001111111010010001111111111
10001111111111111110100011011111111
10001111110000000010110110111111111
10001111100100000111001011011111111
10001111011100001011100000111111111
10001111010100001111110111011111111
10001111010100010100001110011111111
10001110111000011000100101111111111
10001110111100011100111110011111111
10001111000000100001010110011111111
10001111001000100101101101011111111
10001111010100101010000011011111111
10001111100000101110011000011111111
10001111110100110010101011011111111
10010000000100110110111011111111111
10010000000111110101110111011111111
10001111110111111010001000011111111
10001111100011111110011011011111111
10001111010100000010101111111111111
10001111001000000111000101111111111
10001111000000001011011100111111111
10001110111100001111110100111111111
10001110111000010100001101011111111
10001110100000011000100110111111111
10001110100000011101000000111111111
10001110101000100001011010011111111
10001110110000100101110010111111111
10001110111100101010001010011111111
10001111001000101110100000011111111
10001111011000110010110100111111111
10001111101100110111000111011111111
10001111101111110101101011111111111
10001111011011111001111110011111111
10001111001011111110010010111111111
10001110111100000010101000111111111
10001110110000000111000000011111111
10001110101000001011011001011111111
10001110100000001111110010111111111
10001110100000010100001100111111111
10001110000100011000100111011111111
10001110001000011101000010111111111
10001110001100100001011110011111111
10001110010100100101111000011111111
10001110100000101010010001011111111
10001110101100101110101000111111111
10001111000000110010111110111111111
10001111010000110111010010111111111
10001111010011110101100000111111111
10001111000011111001110100011111111
10001110101111111110001010011111111
10001110100000000010100001111111111
10001110010100000110111010111111111
10001110001100001011010101011111111
10001110001000001111110000011111111
10001110000100010100001011111111111
10001101101100011000101000011111111
10001101101100011101000101011111111
10001101110100100001100001111111111
10001101111100100101111101111111111
10001110000100101010011000011111111
10001110010100101110110001011111111
10001110100100110011001000111111111
10001110111000110111011110011111111
10001110111011110101010101011111111
10001110100111111001101010011111111
10001110010111111110000001111111111
10001110000100000010011010111111111
10001101111100000110110101011111111
10001101110100001011010001011111111
10001101101100001111101101111111111
10001101101100010100001010111111111
10001101010000011000101001011111111
10001101010100011101000111111111111
10001101011000100001100101111111111
10001101100000100110000011011111111
10001101101100101010011111011111111
10001101111000101110111010011111111
10001110001100110011010010111111111
10001110011100110111101001111111111
10001110011111110101001001111111111
10001110001111111001100000011111111
10001101111011111101111001011111111
10001101101100000010010011111111111
10001101100000000110101111111111111
10001101011000001011001101011111111
10001101010100001111101011011111111
10001101010000010100001010011111111
10001100110100011000101001111111111
10001100111000011101001010011111111
10001101000000100001101001111111111
10001101001000100110001000111111111
10001101010000101010100110111111111
10001101100000101111000010111111111
10001101110000110011011101011111111
10001110000100110111110101011111111
10001110000111110100111101111111111
10001101110011111001010110011111111
10001101100011111101110000011111111
10001101010000000010001100111111111
10001101001000000110101010011111111
10001101000000001011001001011111111
10001100111000001111101001011111111
10001100110100010100001001011111111
10001100011100011000101010111111111
10001100100000011101001100111111111
10001100100100100001101110011111111
10001100101100100110001110111111111
10001100111000101010101101111111111
10001101000100101111001011111111111
10001101011000110011100111111111111
10001101101100111000000001011111111
10001101101111110100110001111111111
10001101011011111001001011111111111
10001101000111111101100111111111111
10001100111000000010000101011111111
10001100101100000110100100111111111
10001100100100001011000101011111111
10001100100000001111100110111111111
10001100011100010100001000111111111
10001100000000011000101011011111111
10001100000100011101001111011111111
10001100001000100001110010011111111
10001100010100100110010100011111111
10001100011100101010110101011111111
10001100101100101111010100111111111
10001100111100110011110010011111111
10001101010000111000001101011111111
10001101010011110100100101111111111
10001100111111111001000001011111111
10001100101111111101011110111111111
10001100011100000001111101111111111
10001100010100000110011110111111111
10001100001000001011000001011111111
10001100000100001111100100011111111
10001100000000010100000111111111111
10001011101000011000101100011111111
10001011101100011101010001111111111
10001011110000100001110110011111111
10001011111000100110011010011111111
10001100000100101010111100111111111
10001100010000101111011101111111111
10001100100100110011111100111111111
10001100111000111000011001011111111
10001100111011110100011001111111111
10001100100111111000110110111111111
10001100010011111101010101111111111
10001100000100000001110110111111111
10001011111000000110011001011111111
10001011110000001010111100111111111
10001011101100001111100001111111111
10001011101000010100000110111111111
10001011001100011000101101011111111
10001011010000011101010100011111111
10001011010100100001111010111111111
10001011100000100110100000011111111
10001011101000101011000100011111111
10001011111000101111100110111111111
10001100001000110100000111011111111
10001100011100111000100101111111111
10001100011111110100001101111111111
10001100001011111000101011111111111
10001011111011111101001100011111111
10001011101000000001101110111111111
10001011100000000110010011011111111
10001011010100001010111000111111111
10001011010000001111011111011111111
10001011001100010100000110011111111
10001010110100011000101110011111111
10001010110100011101010110111111111
10001010111100100001111110111111111
10001011000100100110100101111111111
10001011010000101011001011111111111
10001011011100101111110000011111111
10001011110000110100010010011111111
10001100000100111000110010011111111
10001100000111110100000001011111111
10001011110011111000100001011111111
10001011011111111101000011011111111
10001011010000000001100111011111111
10001011000100000110001101011111111
10001010111100001010110100011111111
10001010110100001111011100011111111
10001010110100010100000101011111111
