10001101101100010111100000111111111
10001101101100011001101111111111111
10001101101100011011111110011111111
10001101110000011110001100111111111
10001101110000100000011010111111111
10001101110100100010101000111111111
10001101111000100100110110111111111
10001101111100100111000100111111111
10001110000100101001010001111111111
10001110001000101011011110111111111
10001110010000101101101011011111111
10001110011000101111110111011111111
10001110100000110010000011011111111
10001110101000110100001110011111111
10001110110100110110011000111111111
10001110111100111000100011011111111
10001110111111110100010000011111111
10001110110111110110011010011111111
10001110101011111000100100111111111
10001110100011111010110000011111111
10001110011011111100111011111111111
10001110010011111111000111111111111
10001110001000000001010100011111111
10001110000100000011100001011111111
10001101111100000101101110111111111
10001101111000000111111100011111111
10001101110100001010001010011111111
10001101110000001100011000011111111
10001101110000001110100110111111111
10001101101100010000110101011111111
10001101101100010011000011111111111
10001101101100010101010010011111111
10001101010000010111100001011111111
10001101010000011001110000111111111
10001101010000011100000000011111111
10001101010100011110001111011111111
10001101011000100000011110011111111
10001101011100100010101101011111111
10001101100000100100111100011111111
10001101100100100111001010011111111
10001101101000101001011000111111111
10001101110000101011100110011111111
10001101111000101101110011111111111
10001101111100110000000000111111111
10001110001000110010001100111111111
10001110010000110100011000111111111
10001110011000110110100100011111111
10001110100100111000101110111111111
10001110100111110100000100011111111
10001110011011110110001111011111111
10001110010011111000011010011111111
10001110001011111010100110011111111
10001101111111111100110010111111111
10001101111011111110111111111111111
10001101110000000001001100111111111
10001101101000000011011010111111111
10001101100100000101101000111111111
10001101100000000111110111011111111
10001101011100001010000101111111111
10001101011000001100010100111111111
10001101010100001110100011111111111
10001101010000010000110011011111111
10001101010000010011000010011111111
10001101010000010101010001111111111
10001100110100010111100001111111111
10001100111000011001110001111111111
10001100111000011100000010011111111
10001100111000011110010010011111111
10001100111100100000100010011111111
10001101000000100010110001111111111
10001101000100100101000001011111111
10001101001000100111010000011111111
10001101010000101001011111011111111
10001101010100101011101101111111111
10001101011100101101111011111111111
10001101100100110000001001111111111
10001101101100110010010110111111111
10001101110100110100100011011111111
10001110000000110110101111111111111
10001110001000111000111011011111111
10001110001011110011111000011111111
10001110000011110110000011111111111
10001101110111111000001111111111111
10001101101111111010011100011111111
10001101100111111100101001111111111
10001101011111111110110111011111111
10001101010100000001000101011111111
10001101010000000011010011111111111
10001101001000000101100010111111111
10001101000100000111110001111111111
10001101000000001010000001011111111
10001100111100001100010001011111111
10001100111000001110100001011111111
10001100111000010000110001011111111
10001100111000010011000001011111111
10001100110100010101010001011111111
10001100011100010111100010011111111
10001100011100011001110011011111111
10001100011100011100000100011111111
10001100100000011110010101011111111
10001100100100100000100101111111111
10001100100100100010110110011111111
10001100101100100101000110111111111
10001100110000100111010110111111111
10001100110100101001100110011111111
10001100111100101011110101111111111
10001101000100101110000100011111111
10001101001000110000010010111111111
10001101010100110010100000111111111
10001101011100110100101110011111111
10001101100100110110111011011111111
10001101110000111001000111011111111
10001101110011110011101011111111111
10001101100111110101111000011111111
10001101011111111000000101011111111
10001101010111111010010010011111111
10001101001011111100100000011111111
10001101000111111110101110111111111
10001100111100000000111101111111111
10001100110100000011001100111111111
10001100110000000101011100111111111
10001100101100000111101100111111111
10001100100100001001111100111111111
10001100100100001100001101011111111
10001100100000001110011110011111111
10001100011100010000101111011111111
10001100011100010011000000011111111
10001100011100010101010001011111111
10001100000000010111100010111111111
10001100000000011001110100011111111
10001100000100011100000110011111111
10001100000100011110010111111111111
10001100001000100000101001011111111
10001100001100100010111010111111111
10001100010000100101001011111111111
10001100010100100111011100111111111
10001100011100101001101101011111111
10001100100000101011111101011111111
10001100101000101110001100111111111
10001100110000110000011100011111111
10001100111000110010101010111111111
10001101000000110100111001011111111
10001101001100110111000110111111111
10001101010100111001010011111111111
10001101010111110011011111111111111
10001101001111110101101100111111111
10001101000011110111111010011111111
10001100111011111010001000011111111
10001100110011111100010111011111111
10001100101011111110100110011111111
10001100100000000000110101111111111
10001100011100000011000110011111111
10001100010100000101010110111111111
10001100010000000111100111011111111
10001100001100001001111000011111111
10001100001000001100001001111111111
10001100000100001110011011011111111
10001100000100010000101100111111111
10001100000000010010111110111111111
10001100000000010101010000111111111
10001011101000010111100010111111111
10001011101000011001110101111111111
10001011101000011100001000011111111
10001011101100011110011010111111111
10001011110000100000101101011111111
10001011110000100010111111011111111
10001011110100100101010001011111111
10001011111100100111100010111111111
10001100000000101001110100011111111
10001100001000101100000101011111111
10001100010000101110010101111111111
10001100010100110000100101111111111
10001100100000110010110101011111111
10001100101000110101000100011111111
10001100110000110111010010011111111
10001100111100111001100000011111111
10001100111111110011010011011111111
10001100110011110101100000111111111
10001100101011110111101111011111111
10001100100011111001111110011111111
10001100010111111100001101111111111
10001100010011111110011101111111111
10001100001000000000101110011111111
10001100000000000010111111011111111
10001011111100000101010000011111111
10001011110100000111100001111111111
10001011110000001001110011111111111
10001011110000001100000101111111111
10001011101100001110011000011111111
10001011101000010000101010111111111
10001011101000010010111101111111111
10001011101000010101010000011111111
10001011001100010111100011011111111
10001011001100011001110110111111111
10001011010000011100001010011111111
10001011010000011110011101111111111
10001011010100100000110001011111111
10001011011000100011000100011111111
10001011011100100101010110111111111
10001011100000100111101001011111111
10001011101000101001111011011111111
10001011101100101100001101011111111
10001011110100101110011110011111111
10001011111100110000101111011111111
10001100000100110010111111011111111
10001100001100110101001111011111111
10001100011000110111011110011111111
10001100100100111001101100111111111
10001100100111110011000110011111111
10001100011011110101010100111111111
10001100001111110111100100011111111
10001100000111111001110011111111111
10001011111111111100000100011111111
10001011110111111110010100111111111
10001011101100000000100110011111111
10001011101000000010110111111111111
10001011100000000101001001111111111
10001011011100000111011100011111111
10001011011000001001101111011111111
10001011010100001100000010011111111
10001011010000001110010101011111111
10001011010000010000101000111111111
10001011001100010010111100011111111
10001011001100010101001111111111111
10001010110100010111100011111111111
10001010110100011001111000011111111
10001010110100011100001100111111111
10001010111000011110100000111111111
10001010111000100000110100111111111
10001010111100100011001000111111111
10001011000000100101011100011111111
10001011001000100111101111111111111
10001011001100101010000010011111111
10001011010100101100010101011111111
10001011011100101110100111011111111
10001011100000110000111000111111111
10001011101100110011001001111111111
10001011110100110101011010011111111
10001011111100110111101010011111111
10001100001000111001111001111111111
10001100001011110010111001111111111
10001011111111110101001000111111111
10001011110111110111011000111111111
10001011101111111001101001011111111
10001011100011111011111010011111111
10001011011111111110001100011111111
10001011010100000000011110011111111
10001011001100000010110000111111111
10001011001000000101000011111111111
10001011000000000111010110111111111
10001010111100001001101010111111111
10001010111000001011111110011111111
10001010111000001110010010011111111
10001010110100010000100110111111111
10001010110100010010111010111111111
10001010110100010101001111011111111
10010000111100010111011101111111111
10010000111100011001100110011111111
10010000111100011011101110111111111
10010001000000011101110111011111111
10010001000100011111111111111111111
10010001000100100010000111111111111
10010001001000100100001111111111111
10010001010000100110010111011111111
10010001010100101000011110111111111
10010001011000101010100101111111111
10010001100000101100101100011111111
10010001101000101110110010111111111
10010001110000110000111000111111111
10010001111000110010111110011111111
10010010000000110101000011011111111
10010010001100110111000111111101111
10010010001111110101101011011101111
10010010000011110111101111111111111
10010001111011111001110100111111111
10010001110011111011111010011111111
10010001101011111110000000011111111
10010001100000000000000110111111111
10010001011000000010001101111111111
10010001010100000100010100111111111
10010001010000000110011011111111111
10010001001000001000100011111111111
10010001000100001010101011111111111
10010001000100001100110011111111111
10010001000000001110111011111111111
10010000111100010001000100011111111
10010000111100010011001100111111111
10010000111100010101010101011111111
10010000100000010111011110011111111
10010000100100011001100111111111111
10010000100100011011110000111111111
10010000100100011101111001111111111
10010000101000100000000010111111111
10010000101100100010001011111111111
10010000110000100100010100011111111
10010000110100100110011100111111111
10010000111000101000100100111111111
10010001000000101010101100111111111
10010001001000101100110011111111111
10010001001100101110111011011111111
10010001010100110001000001111111111
10010001100000110011000111111111111
10010001101000110101001101111111111
10010001110000110111010010111111111
10010001110011110101100000011111111
10010001101011110111100101111111111
10010001100011111001101011011111111
10010001010111111011110001111111111
10010001001111111101111000011111111
10010001001011111111111111011111111
10010001000000000010000110111111111
10010000111000000100001110011111111
10010000110100000110010110111111111
10010000110000001000011110111111111
10010000101100001010100111111111111
10010000101000001100110000011111111
10010000100100001110111001011111111
10010000100100010001000010011111111
10010000100100010011001011111111111
10010000100000010101010100111111111
10010000001000010111011110111111111
10010000001000011001101000111111111
10010000001000011011110010111111111
10010000001100011101111100011111111
10010000010000100000000110011111111
10010000010000100010001111111111111
10010000010100100100011001011111111
10010000011100100110100010011111111
10010000100000101000101010111111111
10010000100100101010110011011111111
10010000101100101100111011111111111
10010000110100101111000011011111111
10010000111100110001001010111111111
10010001000100110011010001111111111
10010001001100110101010111111111111
10010001011000110111011101111111111
10010001011011110101010101011111111
10010001001111110111011011011111111
10010001000111111001100001111111111
10010000111111111011101000011111111
10010000110111111101101111111111111
10010000101111111111110111111111111
10010000100100000001111111111111111
10010000100000000100001000011111111
10010000011100000110010001011111111
10010000010100001000011010011111111
10010000010000001010100011011111111
10010000010000001100101101011111111
10010000001100001110110110111111111
10010000001000010001000000111111111
10010000001000010011001010111111111
10010000001000010101010100111111111
10001111101100010111011110111111111
10001111101100011001101001111111111
10001111110000011011110100011111111
10001111110000011101111111011111111
10001111110100100000001001111111111
10001111111000100010010011111111111
10001111111100100100011101111111111
10010000000000100110100111111111111
10010000000100101000110001011111111
10010000001100101010111010111111111
10010000010100101101000011011111111
10010000011000101111001011111111111
10010000100000110001010011111111111
10010000101100110011011011011111111
10010000110100110101100010111111111
10010000111100110111101001011111111
10010000111111110101001010011111111
10010000110111110111010000111111111
10010000101111111001010111111111111
10010000100011111011011111011111111
10010000011011111101100111011111111
10010000010111111111101111111111111
10010000001100000001111000111111111
10010000000100000100000001111111111
10010000000000000110001011011111111
10001111111100001000010101011111111
10001111111000001010011111011111111
10001111110100001100101001111111111
10001111110000001110110100011111111
10001111110000010000111110111111111
10001111101100010011001001011111111
10001111101100010101010100011111111
10001111010100010111011111011111111
10001111010100011001101010111111111
10001111010100011011110110011111111
10001111011000011110000001111111111
10001111011000100000001100111111111
10001111011100100010010111111111111
10001111100000100100100010111111111
10001111100100100110101101011111111
10001111101100101000110111111111111
10001111110000101011000001111111111
10001111111000101101001011011111111
10010000000000101111010100011111111
10010000001000110001011101011111111
10010000010000110011100101011111111
10010000011000110101101101011111111
10010000100100110111110100011111111
10010000100111110100111110111111111
10010000011011110111000110011111111
10010000010011111001001101111111111
10010000001011111011010110011111111
10010000000011111101011110111111111
10001111111011111111101000011111111
10001111110000000001110001111111111
10001111101100000011111011111111111
10001111100100000110000101111111111
10001111100000001000010000011111111
10001111011100001010011011011111111
10001111011000001100100110011111111
10001111011000001110110001111111111
10001111010100010000111100111111111
10001111010100010011001000011111111
10001111010100010101010011111111111
10001110111000010111011111111111111
10001110111000011001101100011111111
10001110111100011011111000011111111
10001110111100011110000100011111111
10001111000000100000010000011111111
10001111000100100010011100011111111
10001111001000100100100111111111111
10001111001100100110110011011111111
10001111010000101000111110011111111
10001111011000101011001000111111111
10001111100000101101010011011111111
10001111100100101111011101011111111
10001111101100110001100110011111111
10001111111000110011101111011111111
10010000000000110101110111111111111
10010000001100110111111111111111111
10010000001111110100110011011111111
10010000000011110110111011011111111
10001111111011111001000011111111111
10001111101111111011001100111111111
10001111100111111101010110011111111
10001111100011111111100000011111111
10001111011000000001101010011111111
10001111010000000011110101011111111
10001111001100000110000000011111111
10001111001000001000001011011111111
10001111000100001010010111011111111
10001111000000001100100010111111111
10001110111100001110101110111111111
10001110111100010000111010111111111
10001110111000010011000111011111111
10001110111000010101010011011111111
10001110100000010111100000011111111
10001110100000011001101101011111111
10001110100000011011111010011111111
10001110100100011110000111011111111
10001110100100100000010011111111111
10001110101000100010100000011111111
10001110101100100100101100111111111
10001110110000100110111000111111111
10001110111000101001000100111111111
10001110111100101011010000011111111
10001111000100101101011011011111111
10001111001100101111100101111111111
10001111010100110001101111111111111
10001111011100110011111001111111111
10001111101000110110000010111111111
10001111110000111000001011011111111
10001111110011110100100111111111111
10001111101011110110110000011111111
10001111011111111000111001111111111
10001111010111111011000011011111111
10001111001111111101001101011111111
10001111000111111111011000011111111
10001110111100000001100011011111111
10001110111000000011101110111111111
10001110110000000101111010011111111
10001110101100001000000110011111111
10001110101000001010010010111111111
10001110100100001100011111011111111
10001110100100001110101100011111111
10001110100000010000111001011111111
10001110100000010011000110011111111
10001110100000010101010011011111111
10001110000100010111100000111111111
10001110000100011001101110011111111
10001110001000011011111100011111111
10001110001000011110001001111111111
10001110001100100000010111011111111
10001110010000100010100100111111111
10001110010100100100110001111111111
10001110011000100110111110111111111
10001110011100101001001011011111111
10001110100100101011010111011111111
10001110101100101101100011011111111
10001110110000101111101110111111111
10001110111000110001111001011111111
10001111000100110100000011111111111
10001111001100110110001101111111111
10001111011000111000010111011111111
10001111011011110100011100011111111
10001111001111110110100101011111111
10001111000111111000101111011111111
10001110111011111010111001111111111
10001110110011111101000100111111111
10001110101111111111010000011111111
10001110100100000001011011111111111
10001110011100000011101000011111111
10001110011000000101110100111111111
10001110010100001000000001011111111
10001110010000001010001110111111111
10001110001100001100011011111111111
10001110001000001110101001011111111
10001110001000010000110111011111111
10001110000100010011000100111111111
10001110000100010101010010111111111
