10000111001000010111100111111111111
10000111001000011010000100011111111
10000111001000011100100000111111111
10000111001100011110111101011111111
10000111010000100001011001111111111
10000111010000100011110101011111111
10000111011000100110010001011111111
10000111011100101000101100011111111
10000111100000101011000111011111111
10000111101000101101100001111111111
10000111110000101111111011011111111
10000111111000110010010100111111111
10001000000000110100101101011111111
10001000001100110111000101011111111
10001000010100111001011100111111111
10001000100000111011110011011111111
10001000100011110000111111111111111
10001000010111110011010110011111111
10001000001111110101101101111111111
10001000000011111000000101111111111
10000111111011111010011110111111111
10000111110011111100110111111111111
10000111101011111111010001111111111
10000111100000000001101100011111111
10000111011100000100000110111111111
10000111011000000110100010011111111
10000111010000001000111101111111111
10000111010000001011011001111111111
10000111001100001101110101111111111
10000111001000010000010010011111111
10000111001000010010101110111111111
10000111001000010101001011011111111
10000110101100010111101000011111111
10000110101100011010000101111111111
10000110110000011100100011011111111
10000110110000011111000000111111111
10000110110100100001011101111111111
10000110111000100011111010111111111
10000110111100100110010111011111111
10000111000000101000110011011111111
10000111001000101011001111011111111
10000111010000101101101010111111111
10000111011000110000000101011111111
10000111100000110010011111111111111
10000111101000110100111001011111111
10000111110000110111010010011111111
10000111111100111001101010011111111
10001000001000111100000001111111111
10001000001011110000110001111111111
10000111111111110011001000111111111
10000111110011110101100001011111111
10000111101011110111111010011111111
10000111100011111010010011111111111
10000111011011111100101101111111111
10000111010011111111001000111111111
10000111001000000001100011111111111
10000111000000000011111111111111111
10000110111100000110011011111111111
10000110111000001000111000011111111
10000110110100001011010101011111111
10000110110000001101110010011111111
10000110110000010000001111111111111
10000110101100010010101101011111111
10000110101100010101001010111111111
10000110010000010111101000111111111
10000110010100011010000111011111111
10000110010100011100100101111111111
10000110011000011111000100011111111
10000110011000100001100010011111111
10000110011100100100000000011111111
10000110100100100110011101111111111
10000110101000101000111010111111111
10000110101100101011010111011111111
10000110110100101101110011111111111
10000110111100110000001111011111111
10000111000100110010101010011111111
10000111001100110101000100111111111
10000111011000110111011110111111111
10000111100100111001110111111111111
10000111101100111100010000011111111
10000111101111110000100011011111111
10000111100111110010111011011111111
10000111011011110101010100011111111
10000111001111110111101110011111111
10000111000111111010001000111111111
10000110111111111100100011111111111
10000110110111111110111111111111111
10000110101100000001011011111111111
10000110101000000011111000011111111
10000110100100000110010101111111111
10000110011100001000110011011111111
10000110011000001011010000111111111
10000110011000001101101111011111111
10000110010100010000001101011111111
10000110010100010010101011111111111
10000110010000010101001010011111111
10000101111000010111101001011111111
10000101111000011010001000111111111
10000101111100011100101000011111111
10000101111100011111000111111111111
10000110000000100001100110111111111
10000110000100100100000101011111111
10000110001000100110100011111111111
10000110001100101001000010011111111
10000110010100101011011111111111111
10000110011100101101111100111111111
10000110100100110000011001111111111
10000110101100110010110101111111111
10000110110100110101010000111111111
10000110111100110111101011111111111
10000111001000111010000101111111111
10000111010100111100011110111111111
10000111010111110000010100011111111
10000111001011110010101101111111111
10000110111111110101000111111111111
10000110110111110111100010011111111
10000110101111111001111101111111111
10000110100111111100011001111111111
10000110011111111110110110011111111
10000110010100000001010011011111111
10000110001100000011110001011111111
10000110001000000110001111011111111
10000110000100001000101101111111111
10000110000000001011001100111111111
10000101111100001101101011111111111
10000101111100010000001010111111111
10000101111000010010101010011111111
10000101111000010101001001111111111
10000101011100010111101001111111111
10000101100000011010001010011111111
10000101100000011100101010111111111
10000101100100011111001011011111111
10000101100100100001101011011111111
10000101101000100100001010111111111
10000101101100100110101010011111111
10000101110100101001001001011111111
10000101111000101011101000011111111
10000110000000101110000110011111111
10000110001000110000100011111111111
10000110010000110011000000111111111
10000110011100110101011101011111111
10000110100100110111111000111111111
10000110110000111010010011111111111
10000110111100111100101101111111111
10000110111111110000000101111111111
10000110110011110010011111111111111
10000110100111110100111010011111111
10000110011111110111010110011111111
10000110010011111001110010011111111
10000110001011111100001111011111111
10000110000011111110101100111111111
10000101111000000001001011011111111
10000101110100000011101001111111111
10000101101100000110001000111111111
10000101101000001000101000011111111
10000101100100001011001000011111111
10000101100100001101101000011111111
10000101100000010000001000011111111
10000101100000010010101000111111111
10000101011100010101001001011111111
10000101000100010111101010011111111
10000101000100011010001011111111111
10000101000100011100101101011111111
10000101001000011111001110111111111
10000101001100100001101111111111111
10000101010000100100010000011111111
10000101010100100110110000111111111
10000101011000101001010000111111111
10000101100000101011110000111111111
10000101101000101110001111111111111
10000101110000110000101110011111111
10000101111000110011001100011111111
10000110000000110101101001011111111
10000110001100111000000101111111111
10000110010100111010100001111111111
10000110100000111100111100111111111
10000110100011101111110110111111111
10000110010111110010010001011111111
10000110001111110100101101011111111
10000110000011110111001001111111111
10000101111011111001100111011111111
10000101110011111100000100111111111
10000101101011111110100011011111111
10000101100000000001000010111111111
10000101011000000011100010011111111
10000101010100000110000010011111111
10000101010000001000100010111111111
10000101001100001011000011111111111
10000101001000001101100100111111111
10000101000100010000000101111111111
10000101000100010010100111011111111
10000101000100010101001000111111111
10000100101000010111101010111111111
10000100101000011010001101011111111
10000100101100011100101111111111111
10000100101100011111010010011111111
10000100110000100001110100011111111
10000100110100100100010110011111111
10000100111000100110110111111111111
10000101000000101001011000111111111
10000101000100101011111001011111111
10000101001100101110011001011111111
10000101010100110000111000111111111
10000101011100110011010111111111111
10000101101000110101110101111111111
10000101110000111000010011011111111
10000101111100111010110000011111111
10000110001000111101001011111111111
10000110001011101111100111011111111
10000101111111110010000011011111111
10000101110011110100011111111111111
10000101101011110110111101011111111
10000101011111111001011011111111111
10000101010111111011111010011111111
10000101001111111110011001111111111
10000101000100000000111001111111111
10000101000000000011011010111111111
10000100111000000101111011111111111
10000100110100001000011101011111111
10000100110000001010111110111111111
10000100101100001101100001011111111
10000100101100010000000011011111111
10000100101000010010100101111111111
10000100101000010101001000011111111
10000100010000010111101011011111111
10000100010000011010001110111111111
10000100010000011100110010011111111
10000100010100011111010101111111111
10000100011000100001111000111111111
10000100011100100100011011111111111
10000100100000100110111110011111111
10000100100100101001100000011111111
10000100101100101100000001111111111
10000100110100101110100010111111111
10000100111100110001000011011111111
10000101000100110011100011011111111
10000101001100110110000010111111111
10000101011000111000100000111111111
10000101100000111010111110111111111
10000101101100111101011011011111111
10000101101111101111010111111111111
10000101100011110001110100111111111
10000101011011110100010010011111111
10000101001111110110110000111111111
10000101000111111001001111111111111
10000100111111111011101111111111111
10000100110111111110010000011111111
10000100101100000000110001011111111
10000100100100000011010010111111111
10000100100000000101110100111111111
10000100011100001000010111011111111
10000100011000001010111010011111111
10000100010100001101011101011111111
10000100010000010000000000111111111
10000100010000010010100100011111111
10000100010000010101000111111111111
10001010011000010111100100011111111
10001010011000011001111001111111111
10001010011100011100001110111111111
10001010011100011110100011111111111
10001010100000100000111000111111111
10001010100100100011001101011111111
10001010101000100101100001111111111
10001010101100100111110110011111111
10001010110100101010001001111111111
10001010111000101100011101011111111
10001011000000101110110000011111111
10001011001000110001000010111111111
10001011010000110011010100011111111
10001011011000110101100101111111111
10001011100100110111110110011111111
10001011110000111010000110011111111
10001011110011110010101100111111111
10001011100111110100111100111111111
10001011011011110111001101011111111
10001011010011111001011110111111111
10001011001011111011110000111111111
10001011000011111110000011011111111
10001010111000000000010110011111111
10001010110100000010101001011111111
10001010101100000100111101011111111
10001010101000000111010001011111111
10001010100100001001100101111111111
10001010100000001011111010011111111
10001010011100001110001111011111111
10001010011100010000100100011111111
10001010011000010010111001111111111
10001010011000010101001110111111111
10001001111100010111100100111111111
10001010000000011001111010111111111
10001010000000011100010000111111111
10001010000100011110100110111111111
10001010000100100000111100111111111
10001010001000100011010010011111111
10001010001100100101100111111111111
10001010010100100111111100111111111
10001010011000101010010001011111111
10001010100000101100100101011111111
10001010101000101110111001011111111
10001010110000110001001100011111111
10001010111000110011011111011111111
10001011000000110101110001011111111
10001011001100111000000010111111111
10001011010100111010010011111111111
10001011010111110010011111111111111
10001011001111110100110000011111111
10001011000011110111000001111111111
10001010111011111001010100011111111
10001010110011111011100110111111111
10001010101011111101111010011111111
10001010100000000000001101111111111
10001010011000000010100010011111111
10001010010100000100110110111111111
10001010001100000111001011111111111
10001010001000001001100000111111111
10001010000100001011110110111111111
10001010000100001110001100011111111
10001010000000010000100010011111111
10001010000000010010111000011111111
10001001111100010101001110111111111
10001001100100010111100101011111111
10001001100100011001111100011111111
10001001100100011100010011011111111
10001001101000011110101001111111111
10001001101100100001000000111111111
10001001110000100011010111011111111
10001001110100100101101101011111111
10001001111000101000000011011111111
10001010000000101010011000111111111
10001010000100101100101101111111111
10001010001100101111000010011111111
10001010010100110001010110011111111
10001010011100110011101001111111111
10001010101000110101111100111111111
10001010110000111000001111011111111
10001010111100111010100000111111111
10001010111111110010010010011111111
10001010110011110100100100011111111
10001010101011110110110110011111111
10001010011111111001001001011111111
10001010010111111011011100111111111
10001010001111111101110000111111111
10001010000100000000000101111111111
10001010000000000010011010111111111
10001001111000000100110000011111111
10001001110100000111000101111111111
10001001110000001001011100011111111
10001001101100001011110010111111111
10001001101000001110001001011111111
10001001100100010000100000011111111
10001001100100010010110111011111111
10001001100100010101001110011111111
10001001001000010111100101111111111
10001001001100011001111101111111111
10001001001100011100010101011111111
10001001001100011110101101011111111
10001001010000100001000100111111111
10001001010100100011011011111111111
10001001011000100101110011011111111
10001001100000101000001001111111111
10001001100100101010100000011111111
10001001101100101100110110011111111
10001001110100101111001011011111111
10001001111100110001100000011111111
10001010000100110011110100111111111
10001010001100110110001000111111111
10001010011000111000011011111111111
10001010100000111010101110011111111
10001010100011110010000101011111111
10001010011011110100010111011111111
10001010001111110110101010111111111
10001010000111111000111110011111111
10001001111111111011010010111111111
10001001110111111101100111111111111
10001001101111111111111101011111111
10001001100100000010010011011111111
10001001100000000100101001011111111
10001001011000000111000000011111111
10001001010100001001010111011111111
10001001010000001011101110111111111
10001001001100001110000110011111111
10001001001100010000011101111111111
10001001001100010010110101111111111
10001001001000010101001101111111111
10001000110000010111100110011111111
10001000110000011001111110111111111
10001000110000011100010111111111111
10001000110100011110110000011111111
10001000111000100001001000111111111
10001000111100100011100000111111111
10001001000000100101111000111111111
10001001000100101000010000111111111
10001001001100101010100111111111111
10001001010000101100111110111111111
10001001011000101111010100111111111
10001001100000110001101010111111111
10001001101000110011111111111111111
10001001110100110110010100011111111
10001001111100111000101000011111111
10001010001000111010111011111111111
10001010001011110001110111111111111
10001001111111110100001010111111111
10001001110111110110011110111111111
10001001101011111000110011011111111
10001001100011111011001000111111111
10001001011011111101011110011111111
10001001010011111111110100111111111
10001001001100000010001011011111111
10001001000100000100100010111111111
10001001000000000110111010011111111
10001000111100001001010010011111111
10001000111000001011101010011111111
10001000110100001110000010111111111
10001000110000010000011011111111111
10001000110000010010110100011111111
10001000110000010101001101011111111
10001000010100010111100110011111111
10001000010100011010000000011111111
10001000011000011100011001111111111
10001000011000011110110011011111111
10001000011100100001001100111111111
10001000100000100011100101111111111
10001000100100100101111110111111111
10001000101100101000010111011111111
10001000110000101010101111011111111
10001000111000101101000111011111111
10001001000000101111011110011111111
10001001001000110001110100111111111
10001001010000110100001011011111111
10001001011000110110100000011111111
10001001100100111000110101011111111
10001001110000111011001001011111111
10001001110011110001101001111111111
10001001100111110011111101111111111
10001001011011110110010010111111111
10001001010011111000101000011111111
10001001001011111010111110011111111
10001001000011111101010100111111111
10001000111011111111101100011111111
10001000110000000010000011111111111
10001000101100000100011011111111111
10001000100100000110110100011111111
10001000100000001001001101011111111
10001000011100001011100110011111111
10001000011000001101111111111111111
10001000011000010000011001011111111
10001000010100010010110010111111111
10001000010100010101001100111111111
10000111111100010111100110111111111
10000111111100011010000001111111111
10000111111100011100011100011111111
10001000000000011110110110111111111
10001000000100100001010001011111111
10001000001000100011101011011111111
10001000001100100110000100111111111
10001000010000101000011110011111111
10001000010100101010110111011111111
10001000011100101101001111111111111
10001000100100101111100111111111111
10001000101100110001111111011111111
10001000110100110100010110011111111
10001001000000110110101100111111111
10001001001000111001000010011111111
10001001010100111011010111011111111
10001001010111110001011100011111111
10001001001011110011110000111111111
10001001000011110110000110111111111
10001000110111111000011100111111111
10001000101111111010110011111111111
10001000100111111101001011011111111
10001000011111111111100011011111111
10001000010100000001111011111111111
10001000010000000100010100111111111
10001000001100000110101110011111111
10001000001000001001001000011111111
10001000000100001011100010011111111
10001000000000001101111100011111111
10000111111100010000010110111111111
10000111111100010010110001111111111
10000111111100010101001100011111111
10000111100000010111100111011111111
10000111100000011010000011011111111
10000111100100011100011110111111111
10000111100100011110111010011111111
10000111101000100001010101011111111
10000111101100100011110000011111111
10000111110000100110001010111111111
10000111110100101000100101011111111
10000111111100101010111111011111111
10001000000100101101011000111111111
10001000001100101111110001111111111
10001000010100110010001001111111111
10001000011100110100100001111111111
10001000100100110110111000111111111
10001000110000111001001111011111111
10001000111100111011100101011111111
10001000111111110001001110011111111
10001000110011110011100011111111111
10001000100111110101111010011111111
10001000011111111000010001011111111
10001000010111111010101001011111111
10001000001111111101000001111111111
10001000000111111111011010111111111
10000111111100000001110100011111111
10000111110100000100001101111111111
10000111110000000110101000011111111
10000111101100001001000010111111111
10000111101000001011011101111111111
10000111100100001101111001011111111
10000111100100010000010100111111111
10000111100000010010110000011111111
10000111100000010101001011111111111
