1000011111
1000011111
1000011111
1000011111
1000011111
1100011111
0011011101
0111011101
0111011101
0111011101
0111011101
0111011101
0111011101
0111011101
0111011101
0111011101
0111011101
0111011101
0111011101
0111011101
0111011101
0111011101
0111011101
0111011101
0111011101
0111011101
0111011101
0111011101
0111011101
0111011101
0111011101
0111011101
1000100010
1000100010
1000100010
1000100010
1000100010
1000100010
1000100010
1000100010
1000100010
1000100010
1000100010
1000100010
1000100010
1000100010
1000100010
1000100010
1000100010
1000100010
1000100010
1000100010
1000100010
1000100010
1000100010
1000100010
1000100010
1000100010
1000110010
1000001111
1000011111
1000011111
1000011111
1000011111
1000011111
1000011111
1000011111
1000011111
1000011111
1100011111
0011011101
0111011101
0111011101
0111011101
0111011101
0111011101
0111011101
0111011101
0111011101
0111011101
0111011101
0111011101
0111011101
0111011101
0111011101
0111011101
0111011101
0111011101
0111011101
0111011101
0111011101
0111011101
0111011101
0111011101
0111011101
0111011101
1000100010
1000100010
1000100010
1000100010
1000100010
1000100010
1000100010
1000100010
1000100010
1000100010
1000100010
1000100010
1000100010
1000100010
1000100010
1000100010
1000100010
1000100010
1000100010
1000100010
1000100010
1000100010
1000100010
1000100010
1000100010
1000100010
1000110010
1000001111
1000011111
1000011111
1000011111
1000011111
1000011111
1000011111
1000011111
1000011111
1000011111
1100011111
0011011111
0111011101
0111011101
0111011101
0111011101
0111011101
0111011101
0111011101
0111011101
0111011101
0111011101
0111011101
0111011101
0111011101
0111011101
0111011101
0111011101
0111011101
0111011101
0111011101
0111011101
0111011101
0111011101
0111011101
0111011101
0111011101
1000100010
1000100010
1000100010
1000100010
1000100010
1000100010
1000100010
1000100010
1000100010
1000100010
1000100010
1000100010
1000100010
1000100010
1000100010
1000100010
1000100010
1000100010
1000100010
1000100010
1000100010
1000100010
1000100010
1000100010
1000100010
1000100010
1000110010
1000001110
1000011111
1000011111
1000011111
1000011111
1000011111
1000011111
1000011111
1000011111
1000011111
1100011111
0011011111
0111011101
0111011101
0111011101
0111011101
0111011101
0111011101
0111011101
0111011101
0111011101
0111011101
0111011101
0111011101
0111011101
0111011101
0111011101
0111011101
0111011101
0111011101
0111011101
0111011101
0111011101
0111011101
0111011101
0111011101
0111011101
1000100010
1000100010
1000100010
1000100010
1000100010
1000100010
1000100010
1000100010
1000100010
1000100010
1000100010
1000100010
1000100010
1000100010
1000100010
1000100010
1000100010
1000100010
1000100010
1000100010
1000100010
1000100010
1000100010
1000100010
1000100010
1000100010
1000110010
1000001110
1000011111
1000011111
1000011111
1000011111
1000011110
1000011110
1000011110
1000011110
1000011110
1101011110
0010011110
0111011110
0111011111
0111011111
0111011111
0111011111
0111011111
0111011111
0111011111
0111011111
0111011111
0111011111
0111011111
0111011111
0111011111
0111011111
0111011111
0111011111
0111011111
0111011111
0111011111
0111011111
0111011111
0111011111
0111011111
0111011111
1000100010
1000100010
1000100010
1000100010
1000100010
1000100010
1000100010
1000100010
1000100010
1000100010
1000100010
1000100010
1000100010
1000100010
1000100010
1000100010
1000100010
1000100010
1000100010
1000100010
1000100010
1000100010
1000100010
1000100010
1000100010
1000100010
1000110110
1000001010
1000011110
1000011110
1000011110
1000011110
1000011110
1000011110
1000011110
1000011110
1000011110
1101011110
0010011110
0111011110
0111011111
0111011111
0111011111
0111011111
0111011111
0111011111
0111011111
0111011111
0111011111
0111011111
0111011111
0111011111
0111011111
0111011111
0111011111
0111011111
0111011111
0111011111
0111011111
0111011111
0111011111
0111011111
0111011111
0111011111
1000100010
1000100010
1000100010
1000100010
1000100010
1000100010
1000100010
1000100010
1000100010
1000100010
1000100010
1000100010
1000100010
1000100010
1000100010
1000100010
1000100010
1000100010
1000100010
1000100010
1000100010
1000100010
1000100010
1000100010
1000100010
1000100010
1000110110
1000001010
1000011110
1000011110
1000011110
1000011110
1000011110
1000011110
1000011110
1000011110
1000011110
1101011110
0010011110
0111011110
0111011111
0111011111
0111011111
0111011111
0111011111
0111011111
0111011111
0111011111
0111011111
0111011111
0111011111
0111011111
0111011111
0111011111
0111011111
0111011111
0111011111
0111011111
0111011111
0111011111
0111011111
0111011111
0111011111
0111011111
1000100010
1000100010
1000100010
1000100010
1000100010
1000100010
1000100010
1000100010
1000100010
1000100010
1000100010
1000100010
1000100010
1000100010
1000100010
1000100010
1000100010
1000100010
1000100010
1000100010
1000100010
1000100010
1000100010
1000100010
1000100010
1000100010
1000110110
1000001010
1000011110
1000011110
1000011110
1000011110
1000011110
1000011110
1000011110
1000011110
1000011110
1101011110
0010011110
0111011110
0111011110
0111011111
0111011111
0111011111
0111011111
0111011111
0111011111
0111011111
0111011111
0111011111
0111011111
0111011111
0111011111
0111011111
0111011111
0111011111
0111011111
0111011111
0111011111
0111011111
0111011111
0111011111
0111011111
0111011111
1000100010
1000100010
1000100010
1000100010
1000100010
1000100010
1000100010
1000100010
1000100010
1000100010
1000100010
1000100010
1000100010
1000100010
1000100010
1000100010
1000100010
1000100010
1000100010
1000100010
1000100010
1000100010
1000100010
1000100010
1000100010
1000100010
1000110110
1000001010
1000011110
1000011110
1000011110
1000011110
1000011101
1000011101
1000011101
1000011101
1000011101
1101011101
0010011101
0111011101
0111011101
0111011101
0111011101
0111011101
0111011101
0111011101
0111011101
0111011101
0111011101
0111011101
0111011101
0111011101
0111011101
0111011101
0111011101
0111011101
0111011101
0111011101
0111011101
0111011101
0111011101
0111011101
0111011101
0111011101
1000100011
1000100011
1000100011
1000100011
1000100011
1000100011
1000100011
1000100011
1000100011
1000100011
1000100011
1000100011
1000100011
1000100011
1000100011
1000100011
1000100011
1000100011
1000100011
1000100011
1000100011
1000100011
1000100011
1000100011
1000100001
1000100001
1000110101
1000001001
1000011101
1000011101
1000011101
1000011101
1000011101
1000011101
1000011101
1000011101
1000011101
1101011101
0010011101
0111011101
0111011101
0111011101
0111011101
0111011101
0111011101
0111011101
0111011101
0111011101
0111011101
0111011101
0111011101
0111011101
0111011101
0111011101
0111011101
0111011101
0111011101
0111011101
0111011101
0111011101
0111011101
0111011101
0111011101
0111011101
1000100011
1000100011
1000100011
1000100011
1000100011
1000100011
1000100011
1000100011
1000100011
1000100011
1000100011
1000100011
1000100011
1000100011
1000100011
1000100011
1000100011
1000100011
1000100011
1000100011
1000100011
1000100011
1000100011
1000100011
1000100001
1000100001
1000110101
1000001001
1000011101
1000011101
1000011101
1000011101
1000011101
1000011101
1000011101
1000011101
1000011101
1101011101
0010011101
0111011101
0111011101
0111011101
0111011101
0111011101
0111011101
0111011101
0111011101
0111011101
0111011101
0111011101
0111011101
0111011101
0111011101
0111011101
0111011101
0111011101
0111011101
0111011101
0111011101
0111011101
0111011101
0111011101
0111011101
0111011101
1000100011
1000100011
1000100011
1000100011
1000100011
1000100011
1000100011
1000100011
1000100011
1000100011
1000100011
1000100011
1000100011
1000100011
1000100011
1000100011
1000100011
1000100011
1000100011
1000100011
1000100011
1000100011
1000100011
1000100011
1000100011
1000100001
1000110101
1000001001
1000011101
1000011101
1000011101
1000011101
1000011101
1000011101
1000011101
1000011101
1000011101
1101011101
0010011101
0111011101
0111011101
0111011101
0111011101
0111011101
0111011101
0111011101
0111011101
0111011101
0111011101
0111011101
0111011101
0111011101
0111011101
0111011101
0111011101
0111011101
0111011101
0111011101
0111011101
0111011101
0111011101
0111011101
0111011101
0111011101
1000100011
1000100011
1000100011
1000100011
1000100011
1000100011
1000100011
1000100011
1000100011
1000100011
1000100011
1000100011
1000100011
1000100011
1000100011
1000100011
1000100011
1000100011
1000100011
1000100011
1000100011
1000100011
1000100011
1000100011
1000100011
1000100001
1000110101
1000001001
1000011101
1000011101
1000011101
1000011101
1000011101
1000011101
1000011101
1000011101
1000011101
1100011101
0011011101
0111011101
0111011101
0111011101
0111011101
0111011101
0111011101
0111011101
0111011101
0111011101
0111011101
0111011101
0111011101
0111011101
0111011101
0111011101
0111011101
0111011101
0111011101
0111011101
0111011101
0111011101
0111011101
0111011101
0111011101
0111011101
1000100011
1000100011
1000100011
1000100011
1000100011
1000100011
1000100011
1000100011
1000100011
1000100011
1000100011
1000100011
1000100011
1000100011
1000100011
1000100011
1000100011
1000100011
1000100011
1000100011
1000100011
1000100011
1000100011
1000100011
1000100011
1000100001
1000110001
1000001101
1000011101
1000011101
1000011101
1000011101
1000011111
1000011111
1000011111
1000011111
1000011111
1100011101
0011011101
0111011101
0111011101
0111011101
0111011101
0111011101
0111011101
0111011101
0111011101
0111011101
0111011101
0111011101
0111011101
0111011101
0111011101
0111011101
0111011101
0111011101
0111011101
0111011101
0111011101
0111011101
0111011101
0111011101
0111011101
0111011101
1000100010
1000100010
1000100010
1000100010
1000100010
1000100010
1000100010
1000100010
1000100010
1000100010
1000100010
1000100010
1000100010
1000100010
1000100010
1000100010
1000100010
1000100010
1000100010
1000100010
1000100010
1000100010
1000100010
1000100010
1000100010
1000100010
1000110011
1000001111
1000011111
1000011111
1000011111
1000011111
1000011111
1000011111
1000011111
1000011111
1000011111
1100011101
0011011101
0111011101
0111011101
0111011101
0111011101
0111011101
0111011101
0111011101
0111011101
0111011101
0111011101
0111011101
0111011101
0111011101
0111011101
0111011101
0111011101
0111011101
0111011101
0111011101
0111011101
0111011101
0111011101
0111011101
0111011101
0111011101
1000100010
1000100010
1000100010
1000100010
1000100010
1000100010
1000100010
1000100010
1000100010
1000100010
1000100010
1000100010
1000100010
1000100010
1000100010
1000100010
1000100010
1000100010
1000100010
1000100010
1000100010
1000100010
1000100010
1000100010
1000100010
1000100010
1000110011
1000001111
1000011111
1000011111
1000011111
1000011111
1000011111
1000011111
1000011111
1000011111
1000011111
1100011111
0011011101
0111011101
0111011101
0111011101
0111011101
0111011101
0111011101
0111011101
0111011101
0111011101
0111011101
0111011101
0111011101
0111011101
0111011101
0111011101
0111011101
0111011101
0111011101
0111011101
0111011101
0111011101
0111011101
0111011101
0111011101
0111011101
1000100010
1000100010
1000100010
1000100010
1000100010
1000100010
1000100010
1000100010
1000100010
1000100010
1000100010
1000100010
1000100010
1000100010
1000100010
1000100010
1000100010
1000100010
1000100010
1000100010
1000100010
1000100010
1000100010
1000100010
1000100010
1000100010
1000110010
1000001111
1000011111
1000011111
1000011111
1000011111
