10111001101100111111011001011011110
10111001101101000010001011111011110
10111001110001000100111101111011110
10111001111001000111101111111011110
10111001111101001010100001111011110
10111010000101001101010011011011110
10111010010001010000000100011011110
10111010011101010010110100111011110
10111010011100101001001011011011110
10111010010000101011111011111011110
10111010000100101110101100111011110
10111001111100110001011110011011110
10111001111000110100010000011011110
10111001110000110111000010011011110
10111001101100111001110100011011110
10111001101100111100100110111011110
10111001010000111111011001111011110
10111001010101000010001100111011110
10111001011001000100111111011011110
10111001011101000111110010011011110
10111001100101001010100100111011110
10111001101101001101010110111011110
10111001110101010000001000011011110
10111010000101010010111001011011110
10111010000100101001000110111011110
10111001110100101011110111111011110
10111001101100101110101001011011110
10111001100100110001011011011011110
10111001011100110100001101111011110
10111001011000110111000000111011110
10111001010100111001110011011011110
10111001010000111100100110011011110
10111000111000111111011001111011110
10111000111001000010001101111011110
10111000111101000101000001011011110
10111001000001000111110100011011110
10111001001001001010100111011011110
10111001010001001101011010011011110
10111001011101010000001100011011110
10111001101001010010111101111011110
10111001101000101001000010011011110
10111001011100101011110011111011110
10111001010000101110100101111011110
10111001001000110001011000111011110
10111001000000110100001011111011110
10111000111100110110111110111011110
10111000111000111001110010011011110
10111000111000111100100110011011110
10111000011100111111011010011011110
10111000100001000010001110011011110
10111000100101000101000010111011110
10111000101001000111110110111011110
10111000110001001010101010011011110
10111000111001001101011101011011110
10111001000001010000010000011011110
10111001010001010011000010111011110
10111001010000101000111101011011110
10111001000000101011101111111011110
10111000111000101110100010111011110
10111000110000110001010101111011110
10111000101000110100001001011011110
10111000100100110110111101011011110
10111000100000111001110001111011110
10111000011100111100100101111011110
10111000000100111111011010011011110
10111000000101000010001111011011110
10111000001001000101000100011011110
10111000001101000111111000111011110
10111000010101001010101101011011110
10111000011101001101100000111011110
10111000101001010000010100011011110
10111000110101010011000111011011110
10111000110100101000111000111011110
10111000101000101011101011111011110
10111000011100101110011111011011110
10111000010100110001010010111011110
10111000001100110100000111011011110
10111000001000110110111011111011110
10111000000100111001110000111011110
10111000000100111100100101111011110
10110111101000111111011010111011110
10110111101101000010010000011011110
10110111101101000101000101111011110
10110111110101000111111011011011110
10110111111101001010101111111011110
10111000000101001101100100011011110
10111000001101010000011000111011110
10111000011001010011001100011011110
10111000011000101000110011111011110
10111000001100101011100111011011110
10111000000100101110011011111011110
10110111111100110001010000011011110
10110111110100110100000100111011110
10110111101100110110111010011011110
10110111101100111001101111111011110
10110111101000111100100101011011110
10110111010000111111011011011011110
10110111010001000010010001011011110
10110111010101000101000111011011110
10110111011001000111111101011011110
10110111100001001010110010111011110
10110111101001001101100111111011110
10110111110101010000011100111011110
10111000000001010011010000111011110
10111000000000101000101111011011110
10110111110100101011100011011011110
10110111101000101110011000011011110
10110111100000110001001101011011110
10110111011000110100000010111011110
10110111010100110110111000111011110
10110111010000111001101110111011110
10110111010000111100100100111011110
10110110110100111111011011011011110
10110110110101000010010010011011110
10110110111001000101001001011011110
10110111000001000111111111111011110
10110111000101001010110101111011110
10110111010001001101101011111011110
10110111011001010000100000111011110
10110111100101010011010101111011110
10110111100100101000101010011011110
10110111011000101011011111011011110
10110111010000101110010100011011110
10110111000100110001001010011011110
10110111000000110100000000011011110
10110110111000110110110110111011110
10110110110100111001101101111011110
10110110110100111100100100111011110
10110110011000111111011011111011110
10110110011101000010010011011011110
10110110100001000101001010111011110
10110110100101001000000001111011110
10110110101101001010111000111011110
10110110110101001101101111011011110
10110111000001010000100101011011110
10110111001101010011011010011011110
10110111001100101000100101111011110
10110111000000101011011010111011110
10110110110100101110010000111011110
10110110101100110001000111011011110
10110110100100110011111110011011110
10110110100000110110110101011011110
10110110011100111001101100111011110
10110110011000111100100100011011110
10110110000000111111011100011011110
10110110000001000010010100011011110
10110110000101000101001100011011110
10110110001101001000000100011011110
10110110010001001010111011111011110
10110110011101001101110010111011110
10110110100101010000101001011011110
10110110110001010011011111011011110
10110110110000101000100000111011110
10110110100100101011010110111011110
10110110011100101110001101011011110
10110110010000110001000100011011110
10110110001100110011111011111011110
10110110000100110110110011111011110
10110110000000111001101011111011110
10110110000000111100100011111011110
10110101100100111111011100011011110
10110101101001000010010101011011110
10110101101101000101001101111011110
10110101110001001000000110011011110
10110101111001001010111110111011110
10110110000001001101110110011011110
10110110001101010000101101111011110
10110110011001010011100100011011110
10110110011000101000011011111011110
10110110001100101011010010011011110
10110110000000101110001001111011110
10110101111000110001000001011011110
10110101110000110011111001111011110
10110101101100110110110010011011110
10110101101000111001101010111011110
10110101100100111100100011111011110
10110101001100111111011100111011110
10110101001101000010010110011011110
10110101010001000101001111111011110
10110101011001001000001000111011110
10110101011101001011000001111011110
10110101101001001101111010011011110
10110101110001010000110001111011110
10110101111101010011101001011011110
10110101111100101000010110111011110
10110101110000101011001110011011110
10110101101000101110000101111011110
10110101011100110000111110011011110
10110101011000110011110111011011110
10110101010000110110110000011011110
10110101001100111001101001111011110
10110101001100111100100011011011110
10110100110000111111011101011011110
10110100110101000010010111011011110
10110100111001000101010001011011110
10110100111101001000001011011011110
10110101000101001011000100111011110
10110101001101001101111101111011110
10110101011001010000110110011011110
10110101100101010011101110011011110
10110101100100101000010001111011110
10110101011000101011001001111011110
10110101001100101110000010011011110
10110101000100110000111011011011110
10110100111100110011110100111011110
10110100111000110110101110111011110
10110100110100111001101000111011110
10110100110000111100100010111011110
10110100011000111111011101011011110
10110100011001000010011000011011110
10110100011101000101010011011011110
10110100100001001000001101111011110
10110100101001001011000111111011110
10110100110101001110000001011011110
10110100111101010000111010111011110
10110101001001010011110011011011110
10110101001000101000001100111011110
10110100111100101011000101011011110
10110100110100101101111110111011110
10110100101000110000111000011011110
10110100100000110011110010011011110
10110100011100110110101100111011110
10110100011000111001100111111011110
10110100011000111100100010111011110
10110011111100111111011101111011110
10110100000001000010011001011011110
10110100000101000101010100111011110
10110100001001001000001111111011110
10110100010001001011001010111011110
10110100011001001110000101011011110
10110100100101010000111111011011110
10110100110001010011111000011011110
10110100110000101000000111111011110
10110100100100101011000000111011110
10110100011000101101111010111011110
10110100010000110000110101011011110
10110100001000110011110000011011110
10110100000100110110101011011011110
10110100000000111001100110111011110
10110011111100111100100010011011110
10110011100100111111011110011011110
10110011100101000010011010011011110
10110011101001000101010110011011110
10110011101101001000010010011011110
10110011110101001011001101111011110
10110011111101001110001000111011110
10110100001001010001000011011011110
10110100010101010011111101011011110
10110100010100101000000010111011110
10110100001000101010111100111011110
10110011111100101101110111011011110
10110011110100110000110010011011110
10110011101100110011101101111011110
10110011101000110110101001111011110
10110011100100111001100101111011110
10110011100100111100100001111011110
11000000010000111111010100111011101
11000000010001000001111101011011101
11000000010101000100100110011011101
11000000011001000111001111011011101
11000000100001001001110111111011101
11000000101001001100011111111011101
11000000110001001111000111011011101
11000000111101010001101110111011101
11000000111100101010010001011011101
11000000110000101100111000111011101
11000000101000101111100000011011101
11000000100000110010001000011011101
11000000011000110100110000111011101
11000000010100110111011001111011101
11000000010000111010000010111011101
11000000010000111100101011011011101
10111111110100111111010100111011101
10111111111001000001111110011011101
10111111111001000100100111111011101
11000000000001000111010001011011101
11000000000101001001111010011011101
11000000001101001100100010111011101
11000000011001001111001011011011101
11000000100101010001110010111011101
11000000100100101010001101011011101
11000000011000101100110100111011101
11000000001100101111011101011011101
11000000000100110010000101111011101
11000000000000110100101110111011101
10111111111000110111011000011011101
10111111111000111010000001111011101
10111111110100111100101011011011101
10111111011100111111010101011011101
10111111011101000001111111011011101
10111111100001000100101001011011101
10111111100101000111010010111011101
10111111101101001001111100111011101
10111111110101001100100101111011101
10111111111101001111001110111011101
11000000001001010001110111011011101
11000000001000101010001000111011101
10111111111100101100110001011011101
10111111110100101111011010011011101
10111111101100110010000011011011101
10111111100100110100101101011011101
10111111100000110111010110111011101
10111111011100111010000000111011101
10111111011100111100101010111011101
10111111000000111111010101011011101
10111111000101000010000000011011101
10111111000101000100101010111011101
10111111001101000111010100111011101
10111111010001001001111111011011101
10111111011001001100101000111011101
10111111100101001111010010011011101
10111111110001010001111011011011101
10111111110000101010000100111011101
10111111100100101100101101111011101
10111111011000101111010111011011101
10111111010000110010000000111011101
10111111001100110100101011011011101
10111111000100110111010101011011101
10111111000100111001111111111011101
10111111000000111100101010111011101
10111110101000111111010101111011101
10111110101001000010000000111011101
10111110101101000100101100011011101
10111110110001000111010110111011101
10111110111001001010000001111011101
10111111000001001100101100011011101
10111111001001001111010110011011101
10111111010101010001111111111011101
10111111010100101010000000011011101
10111111001000101100101001111011101
10111111000000101111010011111011101
10111110111000110001111110011011101
10111110110000110100101001011011101
10111110101100110111010011111011101
10111110101000111001111111011011101
10111110101000111100101010011011101
10111110001100111111010101111011101
10111110001101000010000001111011101
10111110010001000100101101011011101
10111110011001000111011000111011101
10111110011101001010000100011011101
10111110100101001100101111011011101
10111110110001001111011001111011101
10111110111101010010000011111011101
10111110111100101001111100011011101
10111110110000101100100110011011101
10111110100100101111010000111011101
10111110011100110001111011111011101
10111110011000110100100111011011101
10111110010000110111010010111011101
10111110001100111001111110011011101
10111110001100111100101010011011101
10111101110000111111010110011011101
10111101110101000010000010111011101
10111101111001000100101110111011101
10111101111101000111011010111011101
10111110000101001010000110111011101
10111110001101001100110010011011101
10111110010101001111011101011011101
10111110100001010010001000011011101
10111110100000101001110111111011101
10111110010100101100100010111011101
10111110001100101111001101111011101
10111110000100110001111001011011101
10111101111100110100100101011011101
10111101111000110111010001011011101
10111101110100111001111101011011101
10111101110000111100101001111011101
10111101011000111111010110111011101
10111101011001000010000011011011101
10111101011101000100110000011011101
10111101100001000111011101011011101
10111101101001001010001001011011101
10111101110001001100110101111011101
10111101111101001111100001011011101
10111110001001010010001100011011101
10111110001000101001110011111011101
10111101111100101100011110111011101
10111101110000101111001010011011101
10111101101000110001110110111011101
10111101100000110100100010111011101
10111101011100110111001111111011101
10111101011000111001111100111011101
10111101011000111100101001011011101
10111100111100111111010110111011101
10111101000001000010000100011011101
10111101000101000100110001111011101
10111101001001000111011111011011101
10111101010001001010001100011011101
10111101011001001100111000111011101
10111101100001001111100100111011101
10111101101101010010010000111011101
10111101101100101001101111011011101
10111101100000101100011011011011101
10111101011000101111000111011011101
10111101010000110001110011111011101
10111101001000110100100000111011101
10111101000100110111001110011011101
10111101000000111001111011111011101
10111100111100111100101001011011101
10111100100100111111010111011011101
10111100100101000010000101011011101
10111100101001000100110011011011101
10111100101101000111100001011011101
10111100110101001010001110111011101
10111100111101001100111011111011101
10111101001001001111101000111011101
10111101010101010010010101011011101
10111101010100101001101010111011101
10111101001000101100010111011011101
10111100111100101111000100011011101
10111100110100110001110001011011101
10111100101100110100011110111011101
10111100101000110111001100111011101
10111100100100111001111010111011101
10111100100100111100101000111011101
10111100001000111111010111011011101
10111100001101000010000110011011101
10111100010001000100110100111011101
10111100010101000111100011011011101
10111100011101001010010001011011101
10111100100101001100111111011011101
10111100101101001111101100111011101
10111100111001010010011001111011101
10111100111000101001100110011011101
10111100101100101100010011011011101
10111100100100101111000000111011101
10111100011100110001101110111011101
10111100010100110100011100111011101
10111100010000110111001011011011101
10111100001100111001111001111011101
10111100001000111100101000111011101
10111011110000111111010111111011101
10111011110001000010000111011011101
10111011110101000100110110011011101
10111011111001000111100101011011101
10111100000001001010010100011011101
10111100001001001101000010011011101
10111100010101001111110000011011101
10111100100001010010011101111011101
10111100100000101001100010011011101
10111100010100101100001111111011101
10111100001000101110111101111011101
10111100000000110001101011111011101
10111011111000110100011010111011101
10111011110100110111001001111011101
10111011110000111001111000111011101
10111011110000111100101000011011101
10111011010100111111010111111011101
10111011011001000010000111111011101
10111011011001000100110111111011101
10111011100001000111100111011011101
10111011100101001010010110111011101
10111011110001001101000101111011101
10111011111001001111110100011011101
10111100000101010010100010011011101
10111100000100101001011101111011101
10111011111000101100001011111011101
10111011110000101110111010011011101
10111011100100110001101001011011101
10111011100000110100011000111011101
10111011011000110111001000011011101
10111011011000111001111000011011101
10111011010100111100101000011011101
10111010111100111111011000011011110
10111010111101000010001000111011110
10111011000001000100111001011011101
10111011000101000111101001111011101
10111011001101001010011001011011101
10111011010101001101001001011011101
10111011100001001111111000011011101
10111011101101010010100110111011101
10111011101100101001011001011011101
10111011100000101100000111111011101
10111011010100101110110110111011101
10111011001100110001100110111011101
10111011000100110100010110011011101
10111011000000110111000110111011101
10111010111100111001110111011011110
10111010111100111100100111111011110
10111010100000111111011000111011110
10111010100001000010001001111011110
10111010100101000100111010111011110
10111010101101000111101011111011110
10111010110001001010011100011011110
10111010111001001101001100011011110
10111011000101001111111100011011101
10111011010001010010101011011011101
10111011010000101001010100111011101
10111011000100101100000011111011101
10111010111000101110110011111011110
10111010110000110001100011111011110
10111010101100110100010100011011110
10111010100100110111000101011011110
10111010100000111001110110011011110
10111010100000111100100111011011110
10111010000100111111011000111011110
10111010001001000010001010111011110
10111010001101000100111100011011110
10111010010001000111101101111011110
10111010011001001010011110111011110
10111010100001001101001111111011110
10111010101101010000000000011011110
10111010111001010010110000011011110
10111010111000101001001111111011110
10111010101100101011111111111011110
10111010100000101110110000011011110
10111010011000110001100001011011110
10111010010000110100010010011011110
10111010001100110111000011111011110
10111010001000111001110101011011110
10111010000100111100100111011011110
