10111100111100111110101011011011101
10111100111101000000000010011011101
10111101000001000001011000111011101
10111101000001000010101111111011101
10111101000001000100000110011011101
10111101000101000101011101011011101
10111101001001000110110011111011101
10111101001001001000001010011011101
10111101001101001001100000111011101
10111101010001001010110111011011101
10111101010101001100001101111011101
10111101011001001101100011111011101
10111101100001001110111001111011101
10111101100101010000001111111011101
10111101101001010001100101111011101
10111101110001010010111011111011101
10111101110000101001000100011011101
10111101101000101010011010011011101
10111101100100101011110000011011101
10111101100000101101000110011011101
10111101011000101110011100011011101
10111101010100101111110010011011101
10111101010000110001001000111011101
10111101001100110010011111011011101
10111101001000110011110101111011101
10111101001000110101001100011011101
10111101000100110110100010111011101
10111101000000110111111001111011101
10111101000000111001010000011011101
10111101000000111010100111011011101
10111100111100111011111101111011101
10111100111100111101010100111011101
10111100100100111110101011111011101
10111100100101000000000010111011101
10111100100101000001011001111011101
10111100100101000010110000111011101
10111100101001000100000111111011101
10111100101001000101011110111011101
10111100101101000110110101111011101
10111100110001001000001100111011101
10111100110101001001100011011011101
10111100111001001010111010011011101
10111100111101001100010000111011101
10111101000001001101100111011011101
10111101000101001110111101111011101
10111101001001010000010011111011101
10111101010001010001101010011011101
10111101010101010011000000011011101
10111101010100101000111111111011101
10111101010000101010010101111011101
10111101001000101011101100011011101
10111101000100101101000010011011101
10111101000000101110011000111011101
10111100111100101111101111011011101
10111100111000110001000101111011101
10111100110100110010011100111011101
10111100110000110011110011011011101
10111100101100110101001010011011101
10111100101000110110100001011011101
10111100101000110111111000011011101
10111100100100111001001111011011101
10111100100100111010100110011011101
10111100100100111011111101011011101
10111100100100111101010100011011101
10111100001000111110101011111011101
10111100001001000000000011011011101
10111100001101000001011010011011101
10111100001101000010110001111011101
10111100001101000100001001011011101
10111100010001000101100000011011101
10111100010001000110110111111011101
10111100010101001000001110111011101
10111100011001001001100101111011101
10111100011101001010111100111011101
10111100100001001100010011111011101
10111100100101001101101010111011101
10111100101001001111000001011011101
10111100110001010000010111111011101
10111100110101010001101110011011101
10111100111101010011000100111011101
10111100111100101000111011011011101
10111100110100101010010001111011101
10111100110000101011101000011011101
10111100101000101100111110111011101
10111100100100101110010101011011101
10111100100000101111101100011011101
10111100011100110001000011011011101
10111100011000110010011010011011101
10111100010100110011110001011011101
10111100010000110101001000011011101
10111100010000110110011111111011101
10111100001100110111110110111011101
10111100001100111001001110011011101
10111100001100111010100101111011101
10111100001000111011111100111011101
10111100001000111101010100011011101
10111011110000111110101011111011101
10111011110001000000000011111011101
10111011110001000001011011011011101
10111011110001000010110010111011101
10111011110101000100001010011011101
10111011110101000101100010011011101
10111011111001000110111001111011101
10111011111101001000010001011011101
10111011111101001001101000011011101
10111100000001001010111111111011101
10111100001001001100010110111011101
10111100001101001101101110011011101
10111100010001001111000101011011101
10111100010101010000011011111011101
10111100011101010001110010111011101
10111100100001010011001001011011101
10111100100000101000110110111011101
10111100011100101010001101011011101
10111100010100101011100100011011101
10111100010000101100111010111011101
10111100001100101110010001111011101
10111100001000101111101001011011101
10111100000000110001000000011011101
10111011111100110010010111111011101
10111011111100110011101110111011101
10111011111000110101000110011011101
10111011110100110110011101111011101
10111011110100110111110101111011101
10111011110000111001001101011011101
10111011110000111010100100111011101
10111011110000111011111100011011101
10111011110000111101010100011011101
10111011010100111110101011111011101
10111011010101000000000011111011101
10111011010101000001011011111011101
10111011011001000010110011111011101
10111011011001000100001011111011101
10111011011101000101100011111011101
10111011011101000110111011111011101
10111011100001001000010011011011101
10111011100101001001101010111011101
10111011101001001011000010111011101
10111011101101001100011010011011101
10111011110001001101110001011011101
10111011110101001111001000111011101
10111011111101010000011111111011101
10111100000001010001110110111011101
10111100001001010011001101111011101
10111100001000101000110010011011101
10111100000000101010001001011011101
10111011111100101011100000011011101
10111011110100101100110111011011101
10111011110000101110001110111011101
10111011101100101111100101111011101
10111011101000110000111101011011101
10111011100100110010010101011011101
10111011100000110011101100111011101
10111011011100110101000100011011101
10111011011100110110011100011011101
10111011011000110111110100011011101
10111011011000111001001100011011101
10111011010100111010100100011011101
10111011010100111011111100011011101
10111011010100111101010100011011101
10111010111100111110101100011011110
10111010111101000000000100011011110
10111010111101000001011100111011110
10111010111101000010110100111011110
10111011000001000100001101011011101
10111011000001000101100101011011101
10111011000101000110111101011011101
10111011001001001000010101111011101
10111011001001001001101101111011101
10111011001101001011000101011011101
10111011010001001100011101011011101
10111011011001001101110100111011101
10111011011101001111001100111011101
10111011100001010000100011111011101
10111011101001010001111011011011101
10111011101101010011010010011011101
10111011101100101000101101111011101
10111011101000101010000100111011101
10111011100000101011011100011011101
10111011011100101100110011011011101
10111011011000101110001011011011101
10111011010000101111100010111011101
10111011001100110000111010111011101
10111011001000110010010010011011101
10111011001000110011101010011011101
10111011000100110101000010111011101
10111011000000110110011010111011101
10111011000000110111110010111011101
10111010111100111001001011011011110
10111010111100111010100011011011110
10111010111100111011111011111011110
10111010111100111101010011111011110
10111010100000111110101100011011110
10111010100001000000000100111011110
10111010100001000001011101011011110
10111010100101000010110110011011110
10111010100101000100001110111011110
10111010101001000101100111011011110
10111010101001000110111111011011110
10111010101101001000010111111011110
10111010110001001001110000011011110
10111010110101001011001000011011110
10111010111001001100100000011011110
10111010111101001101111000011011110
10111011000001001111010000011011101
10111011001001010000101000011011101
10111011001101010001111111111011101
10111011010101010011010111011011101
10111011010100101000101000111011101
10111011001100101010000000011011101
10111011001000101011010111111011101
10111011000000101100101111111011101
10111010111100101110000111111011110
10111010111000101111011111111011110
10111010110100110000110111111011110
10111010110000110010001111111011110
10111010101100110011101000011011110
10111010101000110101000000111011110
10111010101000110110011000111011110
10111010100100110111110001011011110
10111010100100111001001001111011110
10111010100000111010100010111011110
10111010100000111011111011011011110
10111010100000111101010011111011110
10111010000100111110101100011011110
10111010001001000000000101011011110
10111010001001000001011110011011110
10111010001001000010110111011011110
10111010001101000100001111111011110
10111010001101000101101000111011110
10111010010001000111000001011011110
10111010010001001000011010011011110
10111010010101001001110010111011110
10111010011001001011001011011011110
10111010011101001100100011111011110
10111010100101001101111011111011110
10111010101001001111010100011011110
10111010101101010000101100011011110
10111010110101010010000100011011110
10111010111001010011011011111011110
10111010111000101000100100011011110
10111010110100101001111011111011110
10111010101100101011010011111011110
10111010101000101100101011111011110
10111010100100101110000100011011110
10111010011100101111011100011011110
10111010011000110000110100111011110
10111010010100110010001101011011110
10111010010000110011100101111011110
10111010010000110100111110111011110
10111010001100110110010111011011110
10111010001100110111110000011011110
10111010001000111001001000111011110
10111010001000111010100001111011110
10111010001000111011111010111011110
10111010000100111101010011111011110
11000000010000111110101010011011101
11000000010000111111111110111011101
11000000010001000001010011011011101
11000000010001000010100111111011101
11000000010101000011111100011011101
11000000010101000101010000111011101
11000000011001000110100100111011101
11000000011101000111111001011011101
11000000011101001001001101011011101
11000000100001001010100001111011101
11000000100101001011110101111011101
11000000101101001101001001111011101
11000000110001001110011101111011101
11000000110101001111110001011011101
11000000111101010001000100111011101
11000001000001010010011000111011101
11000001000000101001100111011011101
11000000111100101010111011011011101
11000000110100101100001110111011101
11000000110000101101100010011011101
11000000101100101110110110011011101
11000000100100110000001010011011101
11000000100000110001011110011011101
11000000011100110010110010111011101
11000000011100110100000110111011101
11000000011000110101011011011011101
11000000010100110110101111011011101
11000000010100111000000011111011101
11000000010000111001011000011011101
11000000010000111010101100111011101
11000000010000111100000001011011101
11000000010000111101010101111011101
10111111110100111110101010011011101
10111111110100111111111111011011101
10111111111001000001010011111011101
10111111111001000010101000111011101
10111111111001000011111101011011101
10111111111101000101010010011011101
10111111111101000110100110111011101
11000000000001000111111011011011101
11000000000101001001001111111011101
11000000001001001010100100011011101
11000000001101001011111000111011101
11000000010001001101001100111011101
11000000010101001110100001011011101
11000000011101001111110101011011101
11000000100001010001001000111011101
11000000101001010010011100111011101
11000000101000101001100011011011101
11000000100000101010110111011011101
11000000011100101100001010111011101
11000000010100101101011110111011101
11000000010000101110110011011011101
11000000001100110000000111011011101
11000000001000110001011011111011101
11000000000100110010110000011011101
11000000000000110100000100111011101
10111111111100110101011001011011101
10111111111100110110101101111011101
10111111111000111000000010111011101
10111111111000111001010111011011101
10111111111000111010101100011011101
10111111110100111100000000111011101
10111111110100111101010101111011101
10111111011100111110101010111011101
10111111011100111111111111111011101
10111111011101000001010100111011101
10111111011101000010101001111011101
10111111100001000011111110111011101
10111111100001000101010011111011101
10111111100101000110101000111011101
10111111101001000111111101011011101
10111111101001001001010010011011101
10111111101101001010100110111011101
10111111110001001011111011111011101
10111111110101001101010000011011101
10111111111101001110100100111011101
11000000000001001111111000111011101
11000000001001010001001101011011101
11000000001101010010100001011011101
11000000001100101001011110111011101
11000000001000101010110010111011101
11000000000000101100000111011011101
10111111111100101101011011011011101
10111111110100101110101111111011101
10111111110000110000000100011011101
10111111101100110001011001011011101
10111111101000110010101101111011101
10111111101000110100000010111011101
10111111100100110101010111011011101
10111111100000110110101100011011101
10111111100000111000000001011011101
10111111011100111001010110011011101
10111111011100111010101011011011101
10111111011100111100000000011011101
10111111011100111101010101011011101
10111111000000111110101010111011101
10111111000001000000000000011011101
10111111000001000001010101011011101
10111111000101000010101010111011101
10111111000101000011111111111011101
10111111001001000101010101011011101
10111111001001000110101010011011101
10111111001101000111111111111011101
10111111010001001001010100111011101
10111111010101001010101001111011101
10111111011001001011111110011011101
10111111011101001101010011011011101
10111111100001001110101000011011101
10111111101001001111111100111011101
10111111101101010001010001011011101
10111111110101010010100101011011101
10111111110100101001011010111011101
10111111101100101010101110111011101
10111111101000101100000011011011101
10111111100000101101010111111011101
10111111011100101110101100111011101
10111111011000110000000001111011101
10111111010100110001010110011011101
10111111010000110010101011011011101
10111111001100110100000000011011101
10111111001000110101010101111011101
10111111001000110110101010111011101
10111111000100111000000000011011101
10111111000100111001010101011011101
10111111000000111010101010111011101
10111111000000111011111111111011101
10111111000000111101010101011011101
10111110101000111110101010111011101
10111110101001000000000000011011101
10111110101001000001010110011011101
10111110101001000010101011111011101
10111110101101000100000001011011101
10111110101101000101010110111011101
10111110110001000110101100011011101
10111110110001001000000001111011101
10111110110101001001010111011011101
10111110111001001010101100011011101
10111110111101001100000001011011101
10111111000001001101010110111011101
10111111001001001110101011111011101
10111111001101010000000000011011101
10111111010001010001010101011011101
10111111011001010010101001111011101
10111111011000101001010110011011101
10111111010000101010101010111011101
10111111001100101011111111111011101
10111111001000101101010100011011101
10111111000000101110101001011011101
10111110111100101111111110111011101
10111110111000110001010011111011101
10111110110100110010101000111011101
10111110110000110011111110011011101
10111110110000110101010011111011101
10111110101100110110101001011011101
10111110101100110111111110111011101
10111110101000111001010100011011101
10111110101000111010101001111011101
10111110101000111011111111111011101
10111110101000111101010101011011101
10111110001100111110101010111011101
10111110001101000000000000111011101
10111110001101000001010110111011101
10111110010001000010101100111011101
10111110010001000100000010111011101
10111110010101000101011000011011101
10111110010101000110101110011011101
10111110011001001000000011111011101
10111110011101001001011001011011101
10111110100001001010101111011011101
10111110100101001100000100011011101
10111110101001001101011001111011101
10111110101101001110101111011011101
10111110110001010000000100011011101
10111110111001010001011001011011101
10111111000001010010101110011011101
10111111000000101001010001111011101
10111110111000101010100110111011101
10111110110000101011111011111011101
10111110101100101101010000111011101
10111110101000101110100110011011101
10111110100100101111111011111011101
10111110100000110001010000111011101
10111110011100110010100110111011101
10111110011000110011111100011011101
10111110010100110101010001111011101
10111110010100110110100111111011101
10111110010000110111111101011011101
10111110010000111001010011011011101
10111110001100111010101001011011101
10111110001100111011111111011011101
10111110001100111101010101011011101
10111101110000111110101011011011101
10111101110101000000000001011011101
10111101110101000001010111111011101
10111101110101000010101101111011101
10111101110101000100000011111011101
10111101111001000101011001111011101
10111101111101000110101111111011101
10111101111101001000000101111011101
10111110000001001001011011111011101
10111110000101001010110001111011101
10111110001001001100000111111011101
10111110001101001101011101011011101
10111110010101001110110010111011101
10111110011001010000001000011011101
10111110011101010001011101011011101
10111110100101010010110010111011101
10111110100100101001001101011011101
10111110011100101010100010111011101
10111110011000101011110111111011101
10111110010100101101001101011011101
10111110001100101110100010111011101
10111110001000101111111000011011101
10111110000100110001001110011011101
10111110000000110010100100011011101
10111101111100110011111010011011101
10111101111100110101010000011011101
10111101111000110110100110011011101
10111101110100110111111100011011101
10111101110100111001010010011011101
10111101110100111010101000011011101
10111101110100111011111110111011101
10111101110000111101010100111011101
10111101011000111110101011011011101
10111101011001000000000001111011101
10111101011001000001011000011011101
10111101011101000010101110111011101
10111101011101000100000101011011101
10111101011101000101011011111011101
10111101100001000110110001111011101
10111101100101001000001000011011101
10111101101001001001011110011011101
10111101101101001010110100111011101
10111101110001001100001010111011101
10111101110101001101100000011011101
10111101111001001110110110011011101
10111101111101010000001100011011101
10111110000101010001100001111011101
10111110001001010010110111011011101
10111110001000101001001000111011101
10111110000100101010011110011011101
10111101111100101011110011111011101
10111101111000101101001001111011101
10111101110100101110011111111011101
10111101110000101111110101011011101
10111101101100110001001011011011101
10111101101000110010100001111011101
10111101100100110011110111111011101
10111101100000110101001110011011101
10111101011100110110100100011011101
10111101011100110111111010111011101
10111101011100111001010001011011101
10111101011000111010100111111011101
10111101011000111011111110011011101
10111101011000111101010100111011101
