10110110011000111110101101111011110
10110110011101000000001001111011110
10110110011101000001100101011011110
10110110011101000011000001011011110
10110110100001000100011100111011110
10110110100001000101111000011011110
10110110100101000111010100011011110
10110110101001001000101111111011110
10110110101001001010001011011011110
10110110101101001011100110011011110
10110110110101001101000001111011110
10110110111001001110011100111011110
10110110111101001111110111111011110
10110111000101010001010010011011110
10110111001001010010101101011011110
10110111010001010100000111111011110
10110111010000100111111000011011110
10110111001000101001010010111011110
10110111000100101010101101111011110
10110110111100101100001000011011110
10110110111000101101100011011011110
10110110110100101110111110011011110
10110110101100110000011001111011110
10110110101000110001110100111011110
10110110101000110011010000011011110
10110110100100110100101011111011110
10110110100000110110000111111011110
10110110100000110111100011011011110
10110110011100111000111110111011110
10110110011100111010011010111011110
10110110011100111011110110011011110
10110110011000111101010010011011110
10110110000000111110101110011011110
10110110000001000000001010011011110
10110110000001000001100110011011110
10110110000101000011000010011011110
10110110000101000100011110011011110
10110110001001000101111010011011110
10110110001001000111010110011011110
10110110001101001000110010011011110
10110110010001001010001101111011110
10110110010101001011101001011011110
10110110011001001101000101011011110
10110110011101001110100000011011110
10110110100101001111111011111011110
10110110101001010001010110111011110
10110110110001010010110001111011110
10110110110101010100001100111011110
10110110110100100111110011011011110
10110110110000101001001110011011110
10110110101000101010101001011011110
10110110100100101100000100011011110
10110110011100101101011111111011110
10110110011000101110111010111011110
10110110010100110000010110111011110
10110110010000110001110010011011110
10110110001100110011001101111011110
10110110001000110100101001111011110
10110110001000110110000101111011110
10110110000100110111100001111011110
10110110000100111000111101111011110
10110110000000111010011001111011110
10110110000000111011110101111011110
10110110000000111101010001111011110
10110101100100111110101110011011110
10110101100101000000001010111011110
10110101101001000001100111011011110
10110101101001000011000011011011110
10110101101001000100011111111011110
10110101101101000101111100011011110
10110101110001000111011000011011110
10110101110001001000110100111011110
10110101110101001010010000111011110
10110101111001001011101100111011110
10110101111101001101001000011011110
10110110000101001110100100011011110
10110110001001001111111111111011110
10110110010001010001011011011011110
10110110010101010010110110111011110
10110110011101010100010001111011110
10110110011100100111101110011011110
10110110010100101001001001011011110
10110110010000101010100100111011110
10110110001000101100000000011011110
10110110000100101101011011111011110
10110101111100101110110111111011110
10110101111000110000010011011011110
10110101110100110001101111011011110
10110101110000110011001011011011110
10110101110000110100100111111011110
10110101101100110110000011111011110
10110101101000110111100000011011110
10110101101000111000111100111011110
10110101101000111010011000111011110
10110101100100111011110101011011110
10110101100100111101010001111011110
10110101001100111110101110011011110
10110101001101000000001011011011110
10110101001101000001100111111011110
10110101001101000011000100111011110
10110101010001000100100001011011110
10110101010001000101111101111011110
10110101010101000111011010111011110
10110101011001001000110111011011110
10110101011101001010010011011011110
10110101100001001011101111111011110
10110101100101001101001011111011110
10110101101001001110101000011011110
10110101110001010000000100011011110
10110101110101010001011111111011110
10110101111101010010111011011011110
10110110000001010100010110111011110
10110110000000100111101001011011110
10110101111100101001000100111011110
10110101110100101010100000011011110
10110101110000101011111011111011110
10110101101000101101010111111011110
10110101100100101110110100011011110
10110101100000110000010000011011110
10110101011100110001101100111011110
10110101011000110011001000111011110
10110101010100110100100101011011110
10110101010000110110000010011011110
10110101010000110111011110111011110
10110101001100111000111011011011110
10110101001100111010011000011011110
10110101001100111011110100111011110
10110101001100111101010001111011110
10110100110000111110101110111011110
10110100110001000000001011111011110
10110100110101000001101000111011110
10110100110101000011000101111011110
10110100110101000100100010111011110
10110100111001000101111111111011110
10110100111101000111011100111011110
10110100111101001000111001111011110
10110101000001001010010110011011110
10110101000101001011110010111011110
10110101001001001101001111011011110
10110101010001001110101011111011110
10110101010101010000001000011011110
10110101011001010001100100011011110
10110101100001010011000000011011110
10110101101001010100011100011011110
10110101101000100111100011111011110
10110101100000101000111111111011110
10110101011000101010011011111011110
10110101010100101011110111111011110
10110101010000101101010100011011110
10110101001000101110110000111011110
10110101000100110000001101011011110
10110101000000110001101001111011110
10110100111100110011000110011011110
10110100111100110100100011011011110
10110100111000110110000000011011110
10110100110100110111011101011011110
10110100110100111000111010011011110
10110100110100111010010111011011110
10110100110000111011110100011011110
10110100110000111101010001011011110
10110100011000111110101110111011110
10110100011001000000001100011011110
10110100011001000001101001111011110
10110100011001000011000111011011110
10110100011101000100100100011011110
10110100011101000110000001111011110
10110100100001000111011110111011110
10110100100101001000111100011011110
10110100101001001010011001011011110
10110100101101001011110110011011110
10110100110001001101010011011011110
10110100110101001110101111111011110
10110100111101010000001100011011110
10110101000001010001101000111011110
10110101001001010011000101011011110
10110101001101010100100001011011110
10110101001100100111011110111011110
10110101001000101000111010111011110
10110101000000101010010111011011110
10110100111100101011110011111011110
10110100110100101101010000011011110
10110100110000101110101100111011110
10110100101100110000001001111011110
10110100101000110001100110111011110
10110100100100110011000011111011110
10110100100000110100100001011011110
10110100011100110101111110011011110
10110100011100110111011011111011110
10110100011000111000111000111011110
10110100011000111010010110011011110
10110100011000111011110011111011110
10110100011000111101010001011011110
10110011111100111110101110111011110
10110011111101000000001100111011110
10110011111101000001101010011011110
10110100000001000011001000011011110
10110100000001000100100101111011110
10110100000101000110000011111011110
10110100000101000111100001011011110
10110100001001001000111110111011110
10110100001101001010011100011011110
10110100010001001011111001011011110
10110100010101001101010110111011110
10110100011101001110110011111011110
10110100100001010000010000111011110
10110100100101010001101101011011110
10110100101101010011001010011011110
10110100110101010100100110111011110
10110100110100100111011001011011110
10110100101100101000110101111011110
10110100100100101010010010111011110
10110100100000101011101111011011110
10110100011100101101001100011011110
10110100010100101110101001011011110
10110100010000110000000110111011110
10110100001100110001100011111011110
10110100001000110011000001011011110
10110100000100110100011110111011110
10110100000100110101111100011011110
10110100000000110111011010011011110
10110100000000111000110111111011110
10110011111100111010010101111011110
10110011111100111011110011011011110
10110011111100111101010001011011110
10110011100100111110101111011011110
10110011100101000000001101011011110
10110011100101000001101011011011110
10110011100101000011001001011011110
10110011101001000100100111011011110
10110011101001000110000101011011110
10110011101101000111100011011011110
10110011110001001001000001011011110
10110011110101001010011111011011110
10110011111001001011111100111011110
10110011111101001101011010011011110
10110100000001001110110111111011110
10110100000101010000010100111011110
10110100001101010001110010011011110
10110100010101010011001111011011110
10110100011001010100101011111011110
10110100011000100111010100011011110
10110100010100101000110000111011110
10110100001100101010001101111011110
10110100000100101011101011011011110
10110100000000101101001000011011110
10110011111100101110100101111011110
10110011111000110000000011011011110
10110011110100110001100000111011110
10110011110000110010111110111011110
10110011101100110100011100111011110
10110011101000110101111010111011110
10110011101000110111011000111011110
10110011100100111000110110111011110
10110011100100111010010100111011110
10110011100100111011110010111011110
10110011100100111101010000111011110
10111001101100111110101100111011110
10111001101101000000000101111011110
10111001101101000001011111011011110
10111001110001000010111000011011110
10111001110001000100010001011011110
10111001110101000101101010011011110
10111001110101000111000011011011110
10111001111001001000011100011011110
10111001111101001001110101011011110
10111010000001001011001110011011110
10111010000101001100100110111011110
10111010001001001101111111011011110
10111010001101001111010111111011110
10111010010101010000110000011011110
10111010011001010010001000111011110
10111010100001010011100000111011110
10111010100000101000011111011011110
10111010011000101001110111011011110
10111010010100101011001111111011110
10111010001100101100101000011011110
10111010001000101110000000111011110
10111010000100101111011001011011110
10111010000000110000110001111011110
10111001111100110010001010111011110
10111001111000110011100011111011110
10111001110100110100111100111011110
10111001110100110110010101111011110
10111001110000110111101110111011110
10111001110000111001000111111011110
10111001101100111010100000111011110
10111001101100111011111010011011110
10111001101100111101010011011011110
10111001010000111110101100111011110
10111001010001000000000110011011110
10111001010101000001011111111011110
10111001010101000010111001011011110
10111001010101000100010010111011110
10111001011001000101101100011011110
10111001011101000111000101111011110
10111001011101001000011110111011110
10111001100001001001110111111011110
10111001100101001011010001011011110
10111001101001001100101010011011110
10111001110001001110000011011011110
10111001110101001111011011111011110
10111001111001010000110100011011110
10111010000001010010001101011011110
10111010000101010011100101011011110
10111010000100101000011010111011110
10111010000000101001110010111011110
10111001111000101011001011111011110
10111001110100101100100100011011110
10111001110000101101111100111011110
10111001101000101111010101111011110
10111001100100110000101110111011110
10111001100000110010001000011011110
10111001011100110011100001011011110
10111001011100110100111010011011110
10111001011000110110010011111011110
10111001010100110111101101011011110
10111001010100111001000110111011110
10111001010100111010100000011011110
10111001010000111011111001111011110
10111001010000111101010011011011110
10111000111000111110101100111011110
10111000111001000000000110111011110
10111000111001000001100000111011110
10111000111001000010111010011011110
10111000111101000100010100011011110
10111000111101000101101101111011110
10111001000001000111000111111011110
10111001000101001000100001011011110
10111001001001001001111010111011110
10111001001101001011010100011011110
10111001010001001100101101011011110
10111001010101001110000110111011110
10111001011001001111011111111011110
10111001100001010000111000111011110
10111001100101010010010001111011110
10111001101101010011101010011011110
10111001101100101000010101111011110
10111001100100101001101110011011110
10111001100000101011000111011011110
10111001011000101100100000011011110
10111001010100101101111001011011110
10111001010000101111010010111011110
10111001001100110000101011111011110
10111001001000110010000101011011110
10111001000100110011011110111011110
10111001000000110100111000011011110
10111000111100110110010010011011110
10111000111100110111101011111011110
10111000111000111001000101111011110
10111000111000111010011111011011110
10111000111000111011111001011011110
10111000111000111101010011011011110
10111000011100111110101101011011110
10111000011101000000000111011011110
10111000100001000001100001011011110
10111000100001000010111011111011110
10111000100001000100010101111011110
10111000100101000101101111111011110
10111000101001000111001001111011110
10111000101001001000100011111011110
10111000101101001001111101011011110
10111000110001001011010111011011110
10111000110101001100110000111011110
10111000111001001110001010011011110
10111001000001001111100011111011110
10111001000101010000111100111011110
10111001001101010010010110011011110
10111001010001010011101111011011110
10111001010000101000010000111011110
10111001001100101001101001111011110
10111001000100101011000011011011110
10111001000000101100011100011011110
10111000111000101101110101111011110
10111000110100101111001111011011110
10111000110000110000101000111011110
10111000101100110010000010111011110
10111000101000110011011100011011110
10111000101000110100110110011011110
10111000100100110110010000011011110
10111000100000110111101010011011110
10111000100000111001000100011011110
10111000100000111010011110111011110
10111000011100111011111000111011110
10111000011100111101010010111011110
10111000000100111110101101011011110
10111000000101000000000111111011110
10111000000101000001100010011011110
10111000000101000010111100111011110
10111000001001000100010111011011110
10111000001001000101110001011011110
10111000001101000111001011111011110
10111000010001001000100101111011110
10111000010101001010000000011011110
10111000011001001011011010011011110
10111000011101001100110100011011110
10111000100001001110001101111011110
10111000100101001111100111111011110
10111000101101010001000001011011110
10111000110001010010011010111011110
10111000111001010011110011111011110
10111000111000101000001100011011110
10111000110000101001100101011011110
10111000101100101010111110111011110
10111000100100101100011000011011110
10111000100000101101110010011011110
10111000011100101111001011111011110
10111000011000110000100101111011110
10111000010100110001111111111011110
10111000010000110011011010011011110
10111000001100110100110100011011110
10111000001000110110001110111011110
10111000001000110111101000111011110
10111000000100111001000011011011110
10111000000100111010011101111011110
10111000000100111011111000011011110
10111000000100111101010010111011110
10110111101000111110101101011011110
10110111101001000000001000011011110
10110111101001000001100010111011110
10110111101101000010111101111011110
10110111101101000100011000011011110
10110111110001000101110011011011110
10110111110001000111001101111011110
10110111110101001000101000011011110
10110111111001001010000010111011110
10110111111101001011011101011011110
10111000000001001100110111011011110
10111000000101001110010001111011110
10111000001101001111101011111011110
10111000010001010001000101011011110
10111000011001010010011111011011110
10111000011101010011111000111011110
10111000011100101000000111011011110
10111000011000101001100000111011110
10111000010000101010111010111011110
10111000001100101100010100011011110
10111000000100101101101110011011110
10111000000000101111001000111011110
10110111111100110000100010111011110
10110111111000110001111101011011110
10110111110100110011010111111011110
10110111110000110100110010011011110
10110111110000110110001100111011110
10110111101100110111100111111011110
10110111101100111001000010011011110
10110111101000111010011101011011110
10110111101000111011110111111011110
10110111101000111101010010111011110
10110111010000111110101101111011110
10110111010001000000001000111011110
10110111010001000001100011111011110
10110111010001000010111110111011110
10110111010101000100011001111011110
10110111010101000101110100111011110
10110111011001000111001111111011110
10110111011101001000101010111011110
10110111100001001010000101011011110
10110111100101001011100000011011110
10110111101001001100111010111011110
10110111101101001110010101011011110
10110111110001001111101111111011110
10110111111001010001001001111011110
10110111111101010010100011111011110
10111000000101010011111101111011110
10111000000100101000000010011011110
10110111111100101001011100011011110
10110111111000101010110110011011110
10110111110000101100010000011011110
10110111101100101101101010111011110
10110111101000101111000101011011110
10110111100100110000011111111011110
10110111100000110001111010111011110
10110111011100110011010101011011110
10110111011000110100110000011011110
10110111010100110110001011011011110
10110111010100110111100110011011110
10110111010000111001000001011011110
10110111010000111010011100011011110
10110111010000111011110111011011110
10110111010000111101010010011011110
10110110110100111110101101111011110
10110110110101000000001001011011110
10110110110101000001100100111011110
10110110111001000011000000011011110
10110110111001000100011011011011110
10110110111101000101110110111011110
10110110111101000111010001111011110
10110111000001001000101101011011110
10110111000101001010001000011011110
10110111001001001011100011011011110
10110111001101001100111110011011110
10110111010001001110011000111011110
10110111011001001111110011111011110
10110111011101010001001110011011110
10110111100101010010101000011011110
10110111101001010100000010111011110
10110111101000100111111101011011110
10110111100100101001010111111011110
10110111011100101010110001111011110
10110111011000101100001100011011110
10110111010000101101100111011011110
10110111001100101111000001111011110
10110111001000110000011100111011110
10110111000100110001110111111011110
10110111000000110011010010111011110
10110110111100110100101110011011110
10110110111100110110001001011011110
10110110111000110111100100111011110
10110110111000111000111111111011110
10110110110100111010011011011011110
10110110110100111011110110111011110
10110110110100111101010010011011110
