10111001101111010011011001011011110
10111001101111010110001011111011110
10111001110011011000111101111011110
10111001111011011011101111111011110
10111001111111011110100001111011110
10111010000111100001010011011011110
10111010010011100100000100011011110
10111010011111100110110100111011110
10111010011110111101001011011011110
10111010010010111111111011111011110
10111010000111000010101100111011110
10111001111111000101011110011011110
10111001111011001000010000011011110
10111001110011001011000010011011110
10111001101111001101110100011011110
10111001101111010000100110111011110
10111001010011010011011001111011110
10111001010111010110001100111011110
10111001011011011000111111011011110
10111001011111011011110010011011110
10111001100111011110100100111011110
10111001101111100001010110111011110
10111001110111100100001000011011110
10111010000111100110111001011011110
10111010000110111101000110111011110
10111001110110111111110111111011110
10111001101111000010101001011011110
10111001100111000101011011011011110
10111001011111001000001101111011110
10111001011011001011000000111011110
10111001010111001101110011011011110
10111001010011010000100110011011110
10111000111011010011011001111011110
10111000111011010110001101111011110
10111000111111011001000001011011110
10111001000011011011110100011011110
10111001001011011110100111011011110
10111001010011100001011010011011110
10111001011111100100001100011011110
10111001101011100110111101111011110
10111001101010111101000010011011110
10111001011110111111110011111011110
10111001010011000010100101111011110
10111001001011000101011000111011110
10111001000011001000001011111011110
10111000111111001010111110111011110
10111000111011001101110010011011110
10111000111011010000100110011011110
10111000011111010011011010011011110
10111000100011010110001110011011110
10111000100111011001000010111011110
10111000101011011011110110111011110
10111000110011011110101010011011110
10111000111011100001011101011011110
10111001000011100100010000011011110
10111001010011100111000010111011110
10111001010010111100111101011011110
10111001000010111111101111111011110
10111000111011000010100010111011110
10111000110011000101010101111011110
10111000101011001000001001011011110
10111000100111001010111101011011110
10111000100011001101110001111011110
10111000011111010000100101111011110
10111000000111010011011010011011110
10111000000111010110001111011011110
10111000001011011001000100011011110
10111000001111011011111000111011110
10111000010111011110101101011011110
10111000011111100001100000111011110
10111000101011100100010100011011110
10111000110111100111000111011011110
10111000110110111100111000111011110
10111000101010111111101011111011110
10111000011111000010011111011011110
10111000010111000101010010111011110
10111000001111001000000111011011110
10111000001011001010111011111011110
10111000000111001101110000111011110
10111000000111010000100101111011110
10110111101011010011011010111011110
10110111101111010110010000011011110
10110111101111011001000101111011110
10110111110111011011111011011011110
10110111111111011110101111111011110
10111000000111100001100100011011110
10111000001111100100011000111011110
10111000011011100111001100011011110
10111000011010111100110011111011110
10111000001110111111100111011011110
10111000000111000010011011111011110
10110111111111000101010000011011110
10110111110111001000000100111011110
10110111101111001010111010011011110
10110111101111001101101111111011110
10110111101011010000100101011011110
10110111010011010011011011011011110
10110111010011010110010001011011110
10110111010111011001000111011011110
10110111011011011011111101011011110
10110111100011011110110010111011110
10110111101011100001100111111011110
10110111110111100100011100111011110
10111000000011100111010000111011110
10111000000010111100101111011011110
10110111110110111111100011011011110
10110111101011000010011000011011110
10110111100011000101001101011011110
10110111011011001000000010111011110
10110111010111001010111000111011110
10110111010011001101101110111011110
10110111010011010000100100111011110
10110110110111010011011011011011110
10110110110111010110010010011011110
10110110111011011001001001011011110
10110111000011011011111111111011110
10110111000111011110110101111011110
10110111010011100001101011111011110
10110111011011100100100000111011110
10110111100111100111010101111011110
10110111100110111100101010011011110
10110111011010111111011111011011110
10110111010011000010010100011011110
10110111000111000101001010011011110
10110111000011001000000000011011110
10110110111011001010110110111011110
10110110110111001101101101111011110
10110110110111010000100100111011110
10110110011011010011011011111011110
10110110011111010110010011011011110
10110110100011011001001010111011110
10110110100111011100000001111011110
10110110101111011110111000111011110
10110110110111100001101111011011110
10110111000011100100100101011011110
10110111001111100111011010011011110
10110111001110111100100101111011110
10110111000010111111011010111011110
10110110110111000010010000111011110
10110110101111000101000111011011110
10110110100111000111111110011011110
10110110100011001010110101011011110
10110110011111001101101100111011110
10110110011011010000100100011011110
10110110000011010011011100011011110
10110110000011010110010100011011110
10110110000111011001001100011011110
10110110001111011100000100011011110
10110110010011011110111011111011110
10110110011111100001110010111011110
10110110100111100100101001011011110
10110110110011100111011111011011110
10110110110010111100100000111011110
10110110100110111111010110111011110
10110110011111000010001101011011110
10110110010011000101000100011011110
10110110001111000111111011111011110
10110110000111001010110011111011110
10110110000011001101101011111011110
10110110000011010000100011111011110
10110101100111010011011100011011110
10110101101011010110010101011011110
10110101101111011001001101111011110
10110101110011011100000110011011110
10110101111011011110111110111011110
10110110000011100001110110011011110
10110110001111100100101101111011110
10110110011011100111100100011011110
10110110011010111100011011111011110
10110110001110111111010010011011110
10110110000011000010001001111011110
10110101111011000101000001011011110
10110101110011000111111001111011110
10110101101111001010110010011011110
10110101101011001101101010111011110
10110101100111010000100011111011110
10110101001111010011011100111011110
10110101001111010110010110011011110
10110101010011011001001111111011110
10110101011011011100001000111011110
10110101011111011111000001111011110
10110101101011100001111010011011110
10110101110011100100110001111011110
10110101111111100111101001011011110
10110101111110111100010110111011110
10110101110010111111001110011011110
10110101101011000010000101111011110
10110101011111000100111110011011110
10110101011011000111110111011011110
10110101010011001010110000011011110
10110101001111001101101001111011110
10110101001111010000100011011011110
10110100110011010011011101011011110
10110100110111010110010111011011110
10110100111011011001010001011011110
10110100111111011100001011011011110
10110101000111011111000100111011110
10110101001111100001111101111011110
10110101011011100100110110011011110
10110101100111100111101110011011110
10110101100110111100010001111011110
10110101011010111111001001111011110
10110101001111000010000010011011110
10110101000111000100111011011011110
10110100111111000111110100111011110
10110100111011001010101110111011110
10110100110111001101101000111011110
10110100110011010000100010111011110
10110100011011010011011101011011110
10110100011011010110011000011011110
10110100011111011001010011011011110
10110100100011011100001101111011110
10110100101011011111000111111011110
10110100110111100010000001011011110
10110100111111100100111010111011110
10110101001011100111110011011011110
10110101001010111100001100111011110
10110100111110111111000101011011110
10110100110111000001111110111011110
10110100101011000100111000011011110
10110100100011000111110010011011110
10110100011111001010101100111011110
10110100011011001101100111111011110
10110100011011010000100010111011110
10110011111111010011011101111011110
10110100000011010110011001011011110
10110100000111011001010100111011110
10110100001011011100001111111011110
10110100010011011111001010111011110
10110100011011100010000101011011110
10110100100111100100111111011011110
10110100110011100111111000011011110
10110100110010111100000111111011110
10110100100110111111000000111011110
10110100011011000001111010111011110
10110100010011000100110101011011110
10110100001011000111110000011011110
10110100000111001010101011011011110
10110100000011001101100110111011110
10110011111111010000100010011011110
10110011100111010011011110011011110
10110011100111010110011010011011110
10110011101011011001010110011011110
10110011101111011100010010011011110
10110011110111011111001101111011110
10110011111111100010001000111011110
10110100001011100101000011011011110
10110100010111100111111101011011110
10110100010110111100000010111011110
10110100001010111110111100111011110
10110011111111000001110111011011110
10110011110111000100110010011011110
10110011101111000111101101111011110
10110011101011001010101001111011110
10110011100111001101100101111011110
10110011100111010000100001111011110
11000000010011010011010100111011101
11000000010011010101111101011011101
11000000010111011000100110011011101
11000000011011011011001111011011101
11000000100011011101110111111011101
11000000101011100000011111111011101
11000000110011100011000111011011101
11000000111111100101101110111011101
11000000111110111110010001011011101
11000000110011000000111000111011101
11000000101011000011100000011011101
11000000100011000110001000011011101
11000000011011001000110000111011101
11000000010111001011011001111011101
11000000010011001110000010111011101
11000000010011010000101011011011101
10111111110111010011010100111011101
10111111111011010101111110011011101
10111111111011011000100111111011101
11000000000011011011010001011011101
11000000000111011101111010011011101
11000000001111100000100010111011101
11000000011011100011001011011011101
11000000100111100101110010111011101
11000000100110111110001101011011101
11000000011011000000110100111011101
11000000001111000011011101011011101
11000000000111000110000101111011101
11000000000011001000101110111011101
10111111111011001011011000011011101
10111111111011001110000001111011101
10111111110111010000101011011011101
10111111011111010011010101011011101
10111111011111010101111111011011101
10111111100011011000101001011011101
10111111100111011011010010111011101
10111111101111011101111100111011101
10111111110111100000100101111011101
10111111111111100011001110111011101
11000000001011100101110111011011101
11000000001010111110001000111011101
10111111111111000000110001011011101
10111111110111000011011010011011101
10111111101111000110000011011011101
10111111100111001000101101011011101
10111111100011001011010110111011101
10111111011111001110000000111011101
10111111011111010000101010111011101
10111111000011010011010101011011101
10111111000111010110000000011011101
10111111000111011000101010111011101
10111111001111011011010100111011101
10111111010011011101111111011011101
10111111011011100000101000111011101
10111111100111100011010010011011101
10111111110011100101111011011011101
10111111110010111110000100111011101
10111111100111000000101101111011101
10111111011011000011010111011011101
10111111010011000110000000111011101
10111111001111001000101011011011101
10111111000111001011010101011011101
10111111000111001101111111111011101
10111111000011010000101010111011101
10111110101011010011010101111011101
10111110101011010110000000111011101
10111110101111011000101100011011101
10111110110011011011010110111011101
10111110111011011110000001111011101
10111111000011100000101100011011101
10111111001011100011010110011011101
10111111010111100101111111111011101
10111111010110111110000000011011101
10111111001011000000101001111011101
10111111000011000011010011111011101
10111110111011000101111110011011101
10111110110011001000101001011011101
10111110101111001011010011111011101
10111110101011001101111111011011101
10111110101011010000101010011011101
10111110001111010011010101111011101
10111110001111010110000001111011101
10111110010011011000101101011011101
10111110011011011011011000111011101
10111110011111011110000100011011101
10111110100111100000101111011011101
10111110110011100011011001111011101
10111110111111100110000011111011101
10111110111110111101111100011011101
10111110110011000000100110011011101
10111110100111000011010000111011101
10111110011111000101111011111011101
10111110011011001000100111011011101
10111110010011001011010010111011101
10111110001111001101111110011011101
10111110001111010000101010011011101
10111101110011010011010110011011101
10111101110111010110000010111011101
10111101111011011000101110111011101
10111101111111011011011010111011101
10111110000111011110000110111011101
10111110001111100000110010011011101
10111110010111100011011101011011101
10111110100011100110001000011011101
10111110100010111101110111111011101
10111110010111000000100010111011101
10111110001111000011001101111011101
10111110000111000101111001011011101
10111101111111001000100101011011101
10111101111011001011010001011011101
10111101110111001101111101011011101
10111101110011010000101001111011101
10111101011011010011010110111011101
10111101011011010110000011011011101
10111101011111011000110000011011101
10111101100011011011011101011011101
10111101101011011110001001011011101
10111101110011100000110101111011101
10111101111111100011100001011011101
10111110001011100110001100011011101
10111110001010111101110011111011101
10111101111111000000011110111011101
10111101110011000011001010011011101
10111101101011000101110110111011101
10111101100011001000100010111011101
10111101011111001011001111111011101
10111101011011001101111100111011101
10111101011011010000101001011011101
10111100111111010011010110111011101
10111101000011010110000100011011101
10111101000111011000110001111011101
10111101001011011011011111011011101
10111101010011011110001100011011101
10111101011011100000111000111011101
10111101100011100011100100111011101
10111101101111100110010000111011101
10111101101110111101101111011011101
10111101100011000000011011011011101
10111101011011000011000111011011101
10111101010011000101110011111011101
10111101001011001000100000111011101
10111101000111001011001110011011101
10111101000011001101111011111011101
10111100111111010000101001011011101
10111100100111010011010111011011101
10111100100111010110000101011011101
10111100101011011000110011011011101
10111100101111011011100001011011101
10111100110111011110001110111011101
10111100111111100000111011111011101
10111101001011100011101000111011101
10111101010111100110010101011011101
10111101010110111101101010111011101
10111101001011000000010111011011101
10111100111111000011000100011011101
10111100110111000101110001011011101
10111100101111001000011110111011101
10111100101011001011001100111011101
10111100100111001101111010111011101
10111100100111010000101000111011101
10111100001011010011010111011011101
10111100001111010110000110011011101
10111100010011011000110100111011101
10111100010111011011100011011011101
10111100011111011110010001011011101
10111100100111100000111111011011101
10111100101111100011101100111011101
10111100111011100110011001111011101
10111100111010111101100110011011101
10111100101111000000010011011011101
10111100100111000011000000111011101
10111100011111000101101110111011101
10111100010111001000011100111011101
10111100010011001011001011011011101
10111100001111001101111001111011101
10111100001011010000101000111011101
10111011110011010011010111111011110
10111011110011010110000111011011110
10111011110111011000110110011011110
10111011111011011011100101011011101
10111100000011011110010100011011101
10111100001011100001000010011011101
10111100010111100011110000011011101
10111100100011100110011101111011101
10111100100010111101100010011011101
10111100010111000000001111111011101
10111100001011000010111101111011101
10111100000011000101101011111011101
10111011111011001000011010111011101
10111011110111001011001001111011110
10111011110011001101111000111011110
10111011110011010000101000011011110
10111011010111010011010111111011110
10111011011011010110000111111011110
10111011011011011000110111111011110
10111011100011011011100111011011110
10111011100111011110010110111011110
10111011110011100001000101111011110
10111011111011100011110100011011101
10111100000111100110100010011011101
10111100000110111101011101111011101
10111011111011000000001011111011101
10111011110011000010111010011011110
10111011100111000101101001011011110
10111011100011001000011000111011110
10111011011011001011001000011011110
10111011011011001101111000011011110
10111011010111010000101000011011110
10111010111111010011011000011011110
10111010111111010110001000111011110
10111011000011011000111001011011110
10111011000111011011101001111011110
10111011001111011110011001011011110
10111011010111100001001001011011110
10111011100011100011111000011011110
10111011101111100110100110111011110
10111011101110111101011001011011110
10111011100011000000000111111011110
10111011010111000010110110111011110
10111011001111000101100110111011110
10111011000111001000010110011011110
10111011000011001011000110111011110
10111010111111001101110111011011110
10111010111111010000100111111011110
10111010100011010011011000111011110
10111010100011010110001001111011110
10111010100111011000111010111011110
10111010101111011011101011111011110
10111010110011011110011100011011110
10111010111011100001001100011011110
10111011000111100011111100011011110
10111011010011100110101011011011110
10111011010010111101010100111011110
10111011000111000000000011111011110
10111010111011000010110011111011110
10111010110011000101100011111011110
10111010101111001000010100011011110
10111010100111001011000101011011110
10111010100011001101110110011011110
10111010100011010000100111011011110
10111010000111010011011000111011110
10111010001011010110001010111011110
10111010001111011000111100011011110
10111010010011011011101101111011110
10111010011011011110011110111011110
10111010100011100001001111111011110
10111010101111100100000000011011110
10111010111011100110110000011011110
10111010111010111101001111111011110
10111010101110111111111111111011110
10111010100011000010110000011011110
10111010011011000101100001011011110
10111010010011001000010010011011110
10111010001111001011000011111011110
10111010001011001101110101011011110
10111010000111010000100111011011110
