10111100111111010010101011011011101
10111100111111010100000010011011101
10111101000011010101011000111011101
10111101000011010110101111111011101
10111101000011011000000110011011101
10111101000111011001011101011011101
10111101001011011010110011111011101
10111101001011011100001010011011101
10111101001111011101100000111011101
10111101010011011110110111011011101
10111101010111100000001101111011101
10111101011011100001100011111011101
10111101100011100010111001111011101
10111101100111100100001111111011101
10111101101011100101100101111011101
10111101110011100110111011111011101
10111101110010111101000100011011101
10111101101010111110011010011011101
10111101100110111111110000011011101
10111101100011000001000110011011101
10111101011011000010011100011011101
10111101010111000011110010011011101
10111101010011000101001000111011101
10111101001111000110011111011011101
10111101001011000111110101111011101
10111101001011001001001100011011101
10111101000111001010100010111011101
10111101000011001011111001111011101
10111101000011001101010000011011101
10111101000011001110100111011011101
10111100111111001111111101111011101
10111100111111010001010100111011101
10111100100111010010101011111011101
10111100100111010100000010111011101
10111100100111010101011001111011101
10111100100111010110110000111011101
10111100101011011000000111111011101
10111100101011011001011110111011101
10111100101111011010110101111011101
10111100110011011100001100111011101
10111100110111011101100011011011101
10111100111011011110111010011011101
10111100111111100000010000111011101
10111101000011100001100111011011101
10111101000111100010111101111011101
10111101001011100100010011111011101
10111101010011100101101010011011101
10111101010111100111000000011011101
10111101010110111100111111111011101
10111101010010111110010101111011101
10111101001010111111101100011011101
10111101000111000001000010011011101
10111101000011000010011000111011101
10111100111111000011101111011011101
10111100111011000101000101111011101
10111100110111000110011100111011101
10111100110011000111110011011011101
10111100101111001001001010011011101
10111100101011001010100001011011101
10111100101011001011111000011011101
10111100100111001101001111011011101
10111100100111001110100110011011101
10111100100111001111111101011011101
10111100100111010001010100011011101
10111100001011010010101011111011101
10111100001011010100000011011011101
10111100001111010101011010011011101
10111100001111010110110001111011101
10111100001111011000001001011011101
10111100010011011001100000011011101
10111100010011011010110111111011101
10111100010111011100001110111011101
10111100011011011101100101111011101
10111100011111011110111100111011101
10111100100011100000010011111011101
10111100100111100001101010111011101
10111100101011100011000001011011101
10111100110011100100010111111011101
10111100110111100101101110011011101
10111100111111100111000100111011101
10111100111110111100111011011011101
10111100110110111110010001111011101
10111100110010111111101000011011101
10111100101011000000111110111011101
10111100100111000010010101011011101
10111100100011000011101100011011101
10111100011111000101000011011011101
10111100011011000110011010011011101
10111100010111000111110001011011101
10111100010011001001001000011011101
10111100010011001010011111111011101
10111100001111001011110110111011101
10111100001111001101001110011011101
10111100001111001110100101111011101
10111100001011001111111100111011101
10111100001011010001010100011011101
10111011110011010010101011111011110
10111011110011010100000011111011110
10111011110011010101011011011011110
10111011110011010110110010111011110
10111011110111011000001010011011110
10111011110111011001100010011011110
10111011111011011010111001111011101
10111011111111011100010001011011101
10111011111111011101101000011011101
10111100000011011110111111111011101
10111100001011100000010110111011101
10111100001111100001101110011011101
10111100010011100011000101011011101
10111100010111100100011011111011101
10111100011111100101110010111011101
10111100100011100111001001011011101
10111100100010111100110110111011101
10111100011110111110001101011011101
10111100010110111111100100011011101
10111100010011000000111010111011101
10111100001111000010010001111011101
10111100001011000011101001011011101
10111100000011000101000000011011101
10111011111111000110010111111011101
10111011111111000111101110111011101
10111011111011001001000110011011101
10111011110111001010011101111011110
10111011110111001011110101111011110
10111011110011001101001101011011110
10111011110011001110100100111011110
10111011110011001111111100011011110
10111011110011010001010100011011110
10111011010111010010101011111011110
10111011010111010100000011111011110
10111011010111010101011011111011110
10111011011011010110110011111011110
10111011011011011000001011111011110
10111011011111011001100011111011110
10111011011111011010111011111011110
10111011100011011100010011011011110
10111011100111011101101010111011110
10111011101011011111000010111011110
10111011101111100000011010011011110
10111011110011100001110001011011110
10111011110111100011001000111011110
10111011111111100100011111111011101
10111100000011100101110110111011101
10111100001011100111001101111011101
10111100001010111100110010011011101
10111100000010111110001001011011101
10111011111110111111100000011011101
10111011110111000000110111011011110
10111011110011000010001110111011110
10111011101111000011100101111011110
10111011101011000100111101011011110
10111011100111000110010101011011110
10111011100011000111101100111011110
10111011011111001001000100011011110
10111011011111001010011100011011110
10111011011011001011110100011011110
10111011011011001101001100011011110
10111011010111001110100100011011110
10111011010111001111111100011011110
10111011010111010001010100011011110
10111010111111010010101100011011110
10111010111111010100000100011011110
10111010111111010101011100111011110
10111010111111010110110100111011110
10111011000011011000001101011011110
10111011000011011001100101011011110
10111011000111011010111101011011110
10111011001011011100010101111011110
10111011001011011101101101111011110
10111011001111011111000101011011110
10111011010011100000011101011011110
10111011011011100001110100111011110
10111011011111100011001100111011110
10111011100011100100100011111011110
10111011101011100101111011011011110
10111011101111100111010010011011110
10111011101110111100101101111011110
10111011101010111110000100111011110
10111011100010111111011100011011110
10111011011111000000110011011011110
10111011011011000010001011011011110
10111011010011000011100010111011110
10111011001111000100111010111011110
10111011001011000110010010011011110
10111011001011000111101010011011110
10111011000111001001000010111011110
10111011000011001010011010111011110
10111011000011001011110010111011110
10111010111111001101001011011011110
10111010111111001110100011011011110
10111010111111001111111011111011110
10111010111111010001010011111011110
10111010100011010010101100011011110
10111010100011010100000100111011110
10111010100011010101011101011011110
10111010100111010110110110011011110
10111010100111011000001110111011110
10111010101011011001100111011011110
10111010101011011010111111011011110
10111010101111011100010111111011110
10111010110011011101110000011011110
10111010110111011111001000011011110
10111010111011100000100000011011110
10111010111111100001111000011011110
10111011000011100011010000011011110
10111011001011100100101000011011110
10111011001111100101111111111011110
10111011010111100111010111011011110
10111011010110111100101000111011110
10111011001110111110000000011011110
10111011001010111111010111111011110
10111011000011000000101111111011110
10111010111111000010000111111011110
10111010111011000011011111111011110
10111010110111000100110111111011110
10111010110011000110001111111011110
10111010101111000111101000011011110
10111010101011001001000000111011110
10111010101011001010011000111011110
10111010100111001011110001011011110
10111010100111001101001001111011110
10111010100011001110100010111011110
10111010100011001111111011011011110
10111010100011010001010011111011110
10111010000111010010101100011011110
10111010001011010100000101011011110
10111010001011010101011110011011110
10111010001011010110110111011011110
10111010001111011000001111111011110
10111010001111011001101000111011110
10111010010011011011000001011011110
10111010010011011100011010011011110
10111010010111011101110010111011110
10111010011011011111001011011011110
10111010011111100000100011111011110
10111010100111100001111011111011110
10111010101011100011010100011011110
10111010101111100100101100011011110
10111010110111100110000100011011110
10111010111011100111011011111011110
10111010111010111100100100011011110
10111010110110111101111011111011110
10111010101110111111010011111011110
10111010101011000000101011111011110
10111010100111000010000100011011110
10111010011111000011011100011011110
10111010011011000100110100111011110
10111010010111000110001101011011110
10111010010011000111100101111011110
10111010010011001000111110111011110
10111010001111001010010111011011110
10111010001111001011110000011011110
10111010001011001101001000111011110
10111010001011001110100001111011110
10111010001011001111111010111011110
10111010000111010001010011111011110
11000000010011010010101010011011101
11000000010011010011111110111011101
11000000010011010101010011011011101
11000000010011010110100111111011101
11000000010111010111111100011011101
11000000010111011001010000111011101
11000000011011011010100100111011101
11000000011111011011111001011011101
11000000011111011101001101011011101
11000000100011011110100001111011101
11000000100111011111110101111011101
11000000101111100001001001111011101
11000000110011100010011101111011101
11000000110111100011110001011011101
11000000111111100101000100111011101
11000001000011100110011000111011101
11000001000010111101100111011011101
11000000111110111110111011011011101
11000000110111000000001110111011101
11000000110011000001100010011011101
11000000101111000010110110011011101
11000000100111000100001010011011101
11000000100011000101011110011011101
11000000011111000110110010111011101
11000000011111001000000110111011101
11000000011011001001011011011011101
11000000010111001010101111011011101
11000000010111001100000011111011101
11000000010011001101011000011011101
11000000010011001110101100111011101
11000000010011010000000001011011101
11000000010011010001010101111011101
10111111110111010010101010011011101
10111111110111010011111111011011101
10111111111011010101010011111011101
10111111111011010110101000111011101
10111111111011010111111101011011101
10111111111111011001010010011011101
10111111111111011010100110111011101
11000000000011011011111011011011101
11000000000111011101001111111011101
11000000001011011110100100011011101
11000000001111011111111000111011101
11000000010011100001001100111011101
11000000010111100010100001011011101
11000000011111100011110101011011101
11000000100011100101001000111011101
11000000101011100110011100111011101
11000000101010111101100011011011101
11000000100010111110110111011011101
11000000011111000000001010111011101
11000000010111000001011110111011101
11000000010011000010110011011011101
11000000001111000100000111011011101
11000000001011000101011011111011101
11000000000111000110110000011011101
11000000000011001000000100111011101
10111111111111001001011001011011101
10111111111111001010101101111011101
10111111111011001100000010111011101
10111111111011001101010111011011101
10111111111011001110101100011011101
10111111110111010000000000111011101
10111111110111010001010101111011101
10111111011111010010101010111011101
10111111011111010011111111111011101
10111111011111010101010100111011101
10111111011111010110101001111011101
10111111100011010111111110111011101
10111111100011011001010011111011101
10111111100111011010101000111011101
10111111101011011011111101011011101
10111111101011011101010010011011101
10111111101111011110100110111011101
10111111110011011111111011111011101
10111111110111100001010000011011101
10111111111111100010100100111011101
11000000000011100011111000111011101
11000000001011100101001101011011101
11000000001111100110100001011011101
11000000001110111101011110111011101
11000000001010111110110010111011101
11000000000011000000000111011011101
10111111111111000001011011011011101
10111111110111000010101111111011101
10111111110011000100000100011011101
10111111101111000101011001011011101
10111111101011000110101101111011101
10111111101011001000000010111011101
10111111100111001001010111011011101
10111111100011001010101100011011101
10111111100011001100000001011011101
10111111011111001101010110011011101
10111111011111001110101011011011101
10111111011111010000000000011011101
10111111011111010001010101011011101
10111111000011010010101010111011101
10111111000011010100000000011011101
10111111000011010101010101011011101
10111111000111010110101010111011101
10111111000111010111111111111011101
10111111001011011001010101011011101
10111111001011011010101010011011101
10111111001111011011111111111011101
10111111010011011101010100111011101
10111111010111011110101001111011101
10111111011011011111111110011011101
10111111011111100001010011011011101
10111111100011100010101000011011101
10111111101011100011111100111011101
10111111101111100101010001011011101
10111111110111100110100101011011101
10111111110110111101011010111011101
10111111101110111110101110111011101
10111111101011000000000011011011101
10111111100011000001010111111011101
10111111011111000010101100111011101
10111111011011000100000001111011101
10111111010111000101010110011011101
10111111010011000110101011011011101
10111111001111001000000000011011101
10111111001011001001010101111011101
10111111001011001010101010111011101
10111111000111001100000000011011101
10111111000111001101010101011011101
10111111000011001110101010111011101
10111111000011001111111111111011101
10111111000011010001010101011011101
10111110101011010010101010111011101
10111110101011010100000000011011101
10111110101011010101010110011011101
10111110101011010110101011111011101
10111110101111011000000001011011101
10111110101111011001010110111011101
10111110110011011010101100011011101
10111110110011011100000001111011101
10111110110111011101010111011011101
10111110111011011110101100011011101
10111110111111100000000001011011101
10111111000011100001010110111011101
10111111001011100010101011111011101
10111111001111100100000000011011101
10111111010011100101010101011011101
10111111011011100110101001111011101
10111111011010111101010110011011101
10111111010010111110101010111011101
10111111001110111111111111111011101
10111111001011000001010100011011101
10111111000011000010101001011011101
10111110111111000011111110111011101
10111110111011000101010011111011101
10111110110111000110101000111011101
10111110110011000111111110011011101
10111110110011001001010011111011101
10111110101111001010101001011011101
10111110101111001011111110111011101
10111110101011001101010100011011101
10111110101011001110101001111011101
10111110101011001111111111111011101
10111110101011010001010101011011101
10111110001111010010101010111011101
10111110001111010100000000111011101
10111110001111010101010110111011101
10111110010011010110101100111011101
10111110010011011000000010111011101
10111110010111011001011000011011101
10111110010111011010101110011011101
10111110011011011100000011111011101
10111110011111011101011001011011101
10111110100011011110101111011011101
10111110100111100000000100011011101
10111110101011100001011001111011101
10111110101111100010101111011011101
10111110110011100100000100011011101
10111110111011100101011001011011101
10111111000011100110101110011011101
10111111000010111101010001111011101
10111110111010111110100110111011101
10111110110010111111111011111011101
10111110101111000001010000111011101
10111110101011000010100110011011101
10111110100111000011111011111011101
10111110100011000101010000111011101
10111110011111000110100110111011101
10111110011011000111111100011011101
10111110010111001001010001111011101
10111110010111001010100111111011101
10111110010011001011111101011011101
10111110010011001101010011011011101
10111110001111001110101001011011101
10111110001111001111111111011011101
10111110001111010001010101011011101
10111101110011010010101011011011101
10111101110111010100000001011011101
10111101110111010101010111111011101
10111101110111010110101101111011101
10111101110111011000000011111011101
10111101111011011001011001111011101
10111101111111011010101111111011101
10111101111111011100000101111011101
10111110000011011101011011111011101
10111110000111011110110001111011101
10111110001011100000000111111011101
10111110001111100001011101011011101
10111110010111100010110010111011101
10111110011011100100001000011011101
10111110011111100101011101011011101
10111110100111100110110010111011101
10111110100110111101001101011011101
10111110011110111110100010111011101
10111110011010111111110111111011101
10111110010111000001001101011011101
10111110001111000010100010111011101
10111110001011000011111000011011101
10111110000111000101001110011011101
10111110000011000110100100011011101
10111101111111000111111010011011101
10111101111111001001010000011011101
10111101111011001010100110011011101
10111101110111001011111100011011101
10111101110111001101010010011011101
10111101110111001110101000011011101
10111101110111001111111110111011101
10111101110011010001010100111011101
10111101011011010010101011011011101
10111101011011010100000001111011101
10111101011011010101011000011011101
10111101011111010110101110111011101
10111101011111011000000101011011101
10111101011111011001011011111011101
10111101100011011010110001111011101
10111101100111011100001000011011101
10111101101011011101011110011011101
10111101101111011110110100111011101
10111101110011100000001010111011101
10111101110111100001100000011011101
10111101111011100010110110011011101
10111101111111100100001100011011101
10111110000111100101100001111011101
10111110001011100110110111011011101
10111110001010111101001000111011101
10111110000110111110011110011011101
10111101111110111111110011111011101
10111101111011000001001001111011101
10111101110111000010011111111011101
10111101110011000011110101011011101
10111101101111000101001011011011101
10111101101011000110100001111011101
10111101100111000111110111111011101
10111101100011001001001110011011101
10111101011111001010100100011011101
10111101011111001011111010111011101
10111101011111001101010001011011101
10111101011011001110100111111011101
10111101011011001111111110011011101
10111101011011010001010100111011101
