10110110011011010010101101111011110
10110110011111010100001001111011110
10110110011111010101100101011011110
10110110011111010111000001011011110
10110110100011011000011100111011110
10110110100011011001111000011011110
10110110100111011011010100011011110
10110110101011011100101111111011110
10110110101011011110001011011011110
10110110101111011111100110011011110
10110110110111100001000001111011110
10110110111011100010011100111011110
10110110111111100011110111111011110
10110111000111100101010010011011110
10110111001011100110101101011011110
10110111010011101000000111111011110
10110111010010111011111000011011110
10110111001010111101010010111011110
10110111000110111110101101111011110
10110110111111000000001000011011110
10110110111011000001100011011011110
10110110110111000010111110011011110
10110110101111000100011001111011110
10110110101011000101110100111011110
10110110101011000111010000011011110
10110110100111001000101011111011110
10110110100011001010000111111011110
10110110100011001011100011011011110
10110110011111001100111110111011110
10110110011111001110011010111011110
10110110011111001111110110011011110
10110110011011010001010010011011110
10110110000011010010101110011011110
10110110000011010100001010011011110
10110110000011010101100110011011110
10110110000111010111000010011011110
10110110000111011000011110011011110
10110110001011011001111010011011110
10110110001011011011010110011011110
10110110001111011100110010011011110
10110110010011011110001101111011110
10110110010111011111101001011011110
10110110011011100001000101011011110
10110110011111100010100000011011110
10110110100111100011111011111011110
10110110101011100101010110111011110
10110110110011100110110001111011110
10110110110111101000001100111011110
10110110110110111011110011011011110
10110110110010111101001110011011110
10110110101010111110101001011011110
10110110100111000000000100011011110
10110110011111000001011111111011110
10110110011011000010111010111011110
10110110010111000100010110111011110
10110110010011000101110010011011110
10110110001111000111001101111011110
10110110001011001000101001111011110
10110110001011001010000101111011110
10110110000111001011100001111011110
10110110000111001100111101111011110
10110110000011001110011001111011110
10110110000011001111110101111011110
10110110000011010001010001111011110
10110101100111010010101110011011110
10110101100111010100001010111011110
10110101101011010101100111011011110
10110101101011010111000011011011110
10110101101011011000011111111011110
10110101101111011001111100011011110
10110101110011011011011000011011110
10110101110011011100110100111011110
10110101110111011110010000111011110
10110101111011011111101100111011110
10110101111111100001001000011011110
10110110000111100010100100011011110
10110110001011100011111111111011110
10110110010011100101011011011011110
10110110010111100110110110111011110
10110110011111101000010001111011110
10110110011110111011101110011011110
10110110010110111101001001011011110
10110110010010111110100100111011110
10110110001011000000000000011011110
10110110000111000001011011111011110
10110101111111000010110111111011110
10110101111011000100010011011011110
10110101110111000101101111011011110
10110101110011000111001011011011110
10110101110011001000100111111011110
10110101101111001010000011111011110
10110101101011001011100000011011110
10110101101011001100111100111011110
10110101101011001110011000111011110
10110101100111001111110101011011110
10110101100111010001010001111011110
10110101001111010010101110011011110
10110101001111010100001011011011110
10110101001111010101100111111011110
10110101001111010111000100111011110
10110101010011011000100001011011110
10110101010011011001111101111011110
10110101010111011011011010111011110
10110101011011011100110111011011110
10110101011111011110010011011011110
10110101100011011111101111111011110
10110101100111100001001011111011110
10110101101011100010101000011011110
10110101110011100100000100011011110
10110101110111100101011111111011110
10110101111111100110111011011011110
10110110000011101000010110111011110
10110110000010111011101001011011110
10110101111110111101000100111011110
10110101110110111110100000011011110
10110101110010111111111011111011110
10110101101011000001010111111011110
10110101100111000010110100011011110
10110101100011000100010000011011110
10110101011111000101101100111011110
10110101011011000111001000111011110
10110101010111001000100101011011110
10110101010011001010000010011011110
10110101010011001011011110111011110
10110101001111001100111011011011110
10110101001111001110011000011011110
10110101001111001111110100111011110
10110101001111010001010001111011110
10110100110011010010101110111011110
10110100110011010100001011111011110
10110100110111010101101000111011110
10110100110111010111000101111011110
10110100110111011000100010111011110
10110100111011011001111111111011110
10110100111111011011011100111011110
10110100111111011100111001111011110
10110101000011011110010110011011110
10110101000111011111110010111011110
10110101001011100001001111011011110
10110101010011100010101011111011110
10110101010111100100001000011011110
10110101011011100101100100011011110
10110101100011100111000000011011110
10110101101011101000011100011011110
10110101101010111011100011111011110
10110101100010111100111111111011110
10110101011010111110011011111011110
10110101010110111111110111111011110
10110101010011000001010100011011110
10110101001011000010110000111011110
10110101000111000100001101011011110
10110101000011000101101001111011110
10110100111111000111000110011011110
10110100111111001000100011011011110
10110100111011001010000000011011110
10110100110111001011011101011011110
10110100110111001100111010011011110
10110100110111001110010111011011110
10110100110011001111110100011011110
10110100110011010001010001011011110
10110100011011010010101110111011110
10110100011011010100001100011011110
10110100011011010101101001111011110
10110100011011010111000111011011110
10110100011111011000100100011011110
10110100011111011010000001111011110
10110100100011011011011110111011110
10110100100111011100111100011011110
10110100101011011110011001011011110
10110100101111011111110110011011110
10110100110011100001010011011011110
10110100110111100010101111111011110
10110100111111100100001100011011110
10110101000011100101101000111011110
10110101001011100111000101011011110
10110101001111101000100001011011110
10110101001110111011011110111011110
10110101001010111100111010111011110
10110101000010111110010111011011110
10110100111110111111110011111011110
10110100110111000001010000011011110
10110100110011000010101100111011110
10110100101111000100001001111011110
10110100101011000101100110111011110
10110100100111000111000011111011110
10110100100011001000100001011011110
10110100011111001001111110011011110
10110100011111001011011011111011110
10110100011011001100111000111011110
10110100011011001110010110011011110
10110100011011001111110011111011110
10110100011011010001010001011011110
10110011111111010010101110111011110
10110011111111010100001100111011110
10110011111111010101101010011011110
10110100000011010111001000011011110
10110100000011011000100101111011110
10110100000111011010000011111011110
10110100000111011011100001011011110
10110100001011011100111110111011110
10110100001111011110011100011011110
10110100010011011111111001011011110
10110100010111100001010110111011110
10110100011111100010110011111011110
10110100100011100100010000111011110
10110100100111100101101101011011110
10110100101111100111001010011011110
10110100110111101000100110111011110
10110100110110111011011001011011110
10110100101110111100110101111011110
10110100100110111110010010111011110
10110100100010111111101111011011110
10110100011111000001001100011011110
10110100010111000010101001011011110
10110100010011000100000110111011110
10110100001111000101100011111011110
10110100001011000111000001011011110
10110100000111001000011110111011110
10110100000111001001111100011011110
10110100000011001011011010011011110
10110100000011001100110111111011110
10110011111111001110010101111011110
10110011111111001111110011011011110
10110011111111010001010001011011110
10110011100111010010101111011011110
10110011100111010100001101011011110
10110011100111010101101011011011110
10110011100111010111001001011011110
10110011101011011000100111011011110
10110011101011011010000101011011110
10110011101111011011100011011011110
10110011110011011101000001011011110
10110011110111011110011111011011110
10110011111011011111111100111011110
10110011111111100001011010011011110
10110100000011100010110111111011110
10110100000111100100010100111011110
10110100001111100101110010011011110
10110100010111100111001111011011110
10110100011011101000101011111011110
10110100011010111011010100011011110
10110100010110111100110000111011110
10110100001110111110001101111011110
10110100000110111111101011011011110
10110100000011000001001000011011110
10110011111111000010100101111011110
10110011111011000100000011011011110
10110011110111000101100000111011110
10110011110011000110111110111011110
10110011101111001000011100111011110
10110011101011001001111010111011110
10110011101011001011011000111011110
10110011100111001100110110111011110
10110011100111001110010100111011110
10110011100111001111110010111011110
10110011100111010001010000111011110
10111001101111010010101100111011110
10111001101111010100000101111011110
10111001101111010101011111011011110
10111001110011010110111000011011110
10111001110011011000010001011011110
10111001110111011001101010011011110
10111001110111011011000011011011110
10111001111011011100011100011011110
10111001111111011101110101011011110
10111010000011011111001110011011110
10111010000111100000100110111011110
10111010001011100001111111011011110
10111010001111100011010111111011110
10111010010111100100110000011011110
10111010011011100110001000111011110
10111010100011100111100000111011110
10111010100010111100011111011011110
10111010011010111101110111011011110
10111010010110111111001111111011110
10111010001111000000101000011011110
10111010001011000010000000111011110
10111010000111000011011001011011110
10111010000011000100110001111011110
10111001111111000110001010111011110
10111001111011000111100011111011110
10111001110111001000111100111011110
10111001110111001010010101111011110
10111001110011001011101110111011110
10111001110011001101000111111011110
10111001101111001110100000111011110
10111001101111001111111010011011110
10111001101111010001010011011011110
10111001010011010010101100111011110
10111001010011010100000110011011110
10111001010111010101011111111011110
10111001010111010110111001011011110
10111001010111011000010010111011110
10111001011011011001101100011011110
10111001011111011011000101111011110
10111001011111011100011110111011110
10111001100011011101110111111011110
10111001100111011111010001011011110
10111001101011100000101010011011110
10111001110011100010000011011011110
10111001110111100011011011111011110
10111001111011100100110100011011110
10111010000011100110001101011011110
10111010000111100111100101011011110
10111010000110111100011010111011110
10111010000010111101110010111011110
10111001111010111111001011111011110
10111001110111000000100100011011110
10111001110011000001111100111011110
10111001101011000011010101111011110
10111001100111000100101110111011110
10111001100011000110001000011011110
10111001011111000111100001011011110
10111001011111001000111010011011110
10111001011011001010010011111011110
10111001010111001011101101011011110
10111001010111001101000110111011110
10111001010111001110100000011011110
10111001010011001111111001111011110
10111001010011010001010011011011110
10111000111011010010101100111011110
10111000111011010100000110111011110
10111000111011010101100000111011110
10111000111011010110111010011011110
10111000111111011000010100011011110
10111000111111011001101101111011110
10111001000011011011000111111011110
10111001000111011100100001011011110
10111001001011011101111010111011110
10111001001111011111010100011011110
10111001010011100000101101011011110
10111001010111100010000110111011110
10111001011011100011011111111011110
10111001100011100100111000111011110
10111001100111100110010001111011110
10111001101111100111101010011011110
10111001101110111100010101111011110
10111001100110111101101110011011110
10111001100010111111000111011011110
10111001011011000000100000011011110
10111001010111000001111001011011110
10111001010011000011010010111011110
10111001001111000100101011111011110
10111001001011000110000101011011110
10111001000111000111011110111011110
10111001000011001000111000011011110
10111000111111001010010010011011110
10111000111111001011101011111011110
10111000111011001101000101111011110
10111000111011001110011111011011110
10111000111011001111111001011011110
10111000111011010001010011011011110
10111000011111010010101101011011110
10111000011111010100000111011011110
10111000100011010101100001011011110
10111000100011010110111011111011110
10111000100011011000010101111011110
10111000100111011001101111111011110
10111000101011011011001001111011110
10111000101011011100100011111011110
10111000101111011101111101011011110
10111000110011011111010111011011110
10111000110111100000110000111011110
10111000111011100010001010011011110
10111001000011100011100011111011110
10111001000111100100111100111011110
10111001001111100110010110011011110
10111001010011100111101111011011110
10111001010010111100010000111011110
10111001001110111101101001111011110
10111001000110111111000011011011110
10111001000011000000011100011011110
10111000111011000001110101111011110
10111000110111000011001111011011110
10111000110011000100101000111011110
10111000101111000110000010111011110
10111000101011000111011100011011110
10111000101011001000110110011011110
10111000100111001010010000011011110
10111000100011001011101010011011110
10111000100011001101000100011011110
10111000100011001110011110111011110
10111000011111001111111000111011110
10111000011111010001010010111011110
10111000000111010010101101011011110
10111000000111010100000111111011110
10111000000111010101100010011011110
10111000000111010110111100111011110
10111000001011011000010111011011110
10111000001011011001110001011011110
10111000001111011011001011111011110
10111000010011011100100101111011110
10111000010111011110000000011011110
10111000011011011111011010011011110
10111000011111100000110100011011110
10111000100011100010001101111011110
10111000100111100011100111111011110
10111000101111100101000001011011110
10111000110011100110011010111011110
10111000111011100111110011111011110
10111000111010111100001100011011110
10111000110010111101100101011011110
10111000101110111110111110111011110
10111000100111000000011000011011110
10111000100011000001110010011011110
10111000011111000011001011111011110
10111000011011000100100101111011110
10111000010111000101111111111011110
10111000010011000111011010011011110
10111000001111001000110100011011110
10111000001011001010001110111011110
10111000001011001011101000111011110
10111000000111001101000011011011110
10111000000111001110011101111011110
10111000000111001111111000011011110
10111000000111010001010010111011110
10110111101011010010101101011011110
10110111101011010100001000011011110
10110111101011010101100010111011110
10110111101111010110111101111011110
10110111101111011000011000011011110
10110111110011011001110011011011110
10110111110011011011001101111011110
10110111110111011100101000011011110
10110111111011011110000010111011110
10110111111111011111011101011011110
10111000000011100000110111011011110
10111000000111100010010001111011110
10111000001111100011101011111011110
10111000010011100101000101011011110
10111000011011100110011111011011110
10111000011111100111111000111011110
10111000011110111100000111011011110
10111000011010111101100000111011110
10111000010010111110111010111011110
10111000001111000000010100011011110
10111000000111000001101110011011110
10111000000011000011001000111011110
10110111111111000100100010111011110
10110111111011000101111101011011110
10110111110111000111010111111011110
10110111110011001000110010011011110
10110111110011001010001100111011110
10110111101111001011100111111011110
10110111101111001101000010011011110
10110111101011001110011101011011110
10110111101011001111110111111011110
10110111101011010001010010111011110
10110111010011010010101101111011110
10110111010011010100001000111011110
10110111010011010101100011111011110
10110111010011010110111110111011110
10110111010111011000011001111011110
10110111010111011001110100111011110
10110111011011011011001111111011110
10110111011111011100101010111011110
10110111100011011110000101011011110
10110111100111011111100000011011110
10110111101011100000111010111011110
10110111101111100010010101011011110
10110111110011100011101111111011110
10110111111011100101001001111011110
10110111111111100110100011111011110
10111000000111100111111101111011110
10111000000110111100000010011011110
10110111111110111101011100011011110
10110111111010111110110110011011110
10110111110011000000010000011011110
10110111101111000001101010111011110
10110111101011000011000101011011110
10110111100111000100011111111011110
10110111100011000101111010111011110
10110111011111000111010101011011110
10110111011011001000110000011011110
10110111010111001010001011011011110
10110111010111001011100110011011110
10110111010011001101000001011011110
10110111010011001110011100011011110
10110111010011001111110111011011110
10110111010011010001010010011011110
10110110110111010010101101111011110
10110110110111010100001001011011110
10110110110111010101100100111011110
10110110111011010111000000011011110
10110110111011011000011011011011110
10110110111111011001110110111011110
10110110111111011011010001111011110
10110111000011011100101101011011110
10110111000111011110001000011011110
10110111001011011111100011011011110
10110111001111100000111110011011110
10110111010011100010011000111011110
10110111011011100011110011111011110
10110111011111100101001110011011110
10110111100111100110101000011011110
10110111101011101000000010111011110
10110111101010111011111101011011110
10110111100110111101010111111011110
10110111011110111110110001111011110
10110111011011000000001100011011110
10110111010011000001100111011011110
10110111001111000011000001111011110
10110111001011000100011100111011110
10110111000111000101110111111011110
10110111000011000111010010111011110
10110110111111001000101110011011110
10110110111111001010001001011011110
10110110111011001011100100111011110
10110110111011001100111111111011110
10110110110111001110011011011011110
10110110110111001111110110111011110
10110110110111010001010010011011110
