1000011101
1000011101
1001011101
1011011101
1101011101
1111011101
0000011101
0010011101
0100011101
0110011101
0111011101
0111011101
0111011101
0111011101
0111011101
0111011101
0111011101
0111011101
0111011101
0111011101
0111011101
0111011101
0111011101
0111011101
0111011101
0111011101
0111011101
0111011101
0111011101
0111011101
0111011101
0111011101
1000100011
1000100011
1000100011
1000100011
1000100011
1000100011
1000100001
1000100001
1000100001
1000100001
1000100001
1000100001
1000100001
1000100001
1000100001
1000100001
1000100001
1000100001
1000100001
1000100001
1000100001
1000100001
1000100001
1000100101
1000101101
1000110101
1000111101
1000000001
1000001001
1000010001
1000011001
1000011101
1000011101
1000011101
1001011101
1011011101
1101011101
1111011101
0000011101
0010011101
0100011101
0110011101
0111011101
0111011101
0111011101
0111011101
0111011101
0111011101
0111011101
0111011101
0111011101
0111011101
0111011101
0111011101
0111011101
0111011101
0111011101
0111011101
0111011101
0111011101
0111011101
0111011101
0111011101
0111011101
1000100011
1000100011
1000100011
1000100011
1000100011
1000100011
1000100011
1000100001
1000100001
1000100001
1000100001
1000100001
1000100001
1000100001
1000100001
1000100001
1000100001
1000100001
1000100001
1000100001
1000100001
1000100001
1000100001
1000100101
1000101101
1000110101
1000111101
1000000001
1000001001
1000010001
1000011001
1000011101
1000011101
1000011101
1001011101
1011011101
1101011101
1111011101
0000011101
0010011101
0100011101
0110011101
0111011101
0111011101
0111011101
0111011101
0111011101
0111011101
0111011101
0111011101
0111011101
0111011101
0111011101
0111011101
0111011101
0111011101
0111011101
0111011101
0111011101
0111011101
0111011101
0111011101
0111011101
0111011101
1000100011
1000100011
1000100011
1000100011
1000100011
1000100011
1000100011
1000100011
1000100001
1000100001
1000100001
1000100001
1000100001
1000100001
1000100001
1000100001
1000100001
1000100001
1000100001
1000100001
1000100001
1000100001
1000100001
1000100101
1000101101
1000110101
1000111101
1000000001
1000001001
1000010001
1000011001
1000011101
1000011101
1000011101
1001011101
1011011101
1101011101
1111011101
0000011101
0010011101
0100011101
0110011101
0111011101
0111011101
0111011101
0111011101
0111011101
0111011101
0111011101
0111011101
0111011101
0111011101
0111011101
0111011101
0111011101
0111011101
0111011101
0111011101
0111011101
0111011101
0111011101
0111011101
0111011101
0111011101
1000100011
1000100011
1000100011
1000100011
1000100011
1000100011
1000100011
1000100011
1000100011
1000100011
1000100001
1000100001
1000100001
1000100001
1000100001
1000100001
1000100001
1000100001
1000100001
1000100001
1000100001
1000100001
1000100001
1000100101
1000101101
1000110101
1000111101
1000000001
1000001001
1000010001
1000011001
1000011101
1000011101
1000011101
1001011101
1011011101
1101011101
1111011101
0000011101
0010011101
0100011101
0110011101
0111011101
0111011101
0111011101
0111011101
0111011101
0111011101
0111011101
0111011101
0111011101
0111011101
0111011101
0111011101
0111011101
0111011101
0111011101
0111011101
0111011101
0111011101
0111011101
0111011101
0111011101
0111011101
1000100011
1000100011
1000100011
1000100011
1000100011
1000100011
1000100011
1000100011
1000100011
1000100011
1000100011
1000100001
1000100001
1000100001
1000100001
1000100001
1000100001
1000100001
1000100001
1000100001
1000100001
1000100001
1000100001
1000100101
1000101101
1000110101
1000111101
1000000001
1000001001
1000010001
1000011001
1000011101
1000011101
1000011101
1001011101
1011011101
1101011101
1111011101
0000011101
0010011101
0100011101
0110011101
0111011101
0111011101
0111011101
0111011101
0111011101
0111011101
0111011101
0111011101
0111011101
0111011101
0111011101
0111011101
0111011101
0111011101
0111011101
0111011101
0111011101
0111011101
0111011101
0111011101
0111011101
0111011101
1000100011
1000100011
1000100011
1000100011
1000100011
1000100011
1000100011
1000100011
1000100011
1000100011
1000100011
1000100011
1000100001
1000100001
1000100001
1000100001
1000100001
1000100001
1000100001
1000100001
1000100001
1000100001
1000100001
1000100101
1000101101
1000110101
1000111101
1000000001
1000001001
1000010001
1000011001
1000011101
1000011101
1000011101
1001011101
1011011101
1101011101
1111011101
0000011101
0010011101
0100011101
0110011101
0111011101
0111011101
0111011101
0111011101
0111011101
0111011101
0111011101
0111011101
0111011101
0111011101
0111011101
0111011101
0111011101
0111011101
0111011101
0111011101
0111011101
0111011101
0111011101
0111011101
0111011101
0111011101
1000100011
1000100011
1000100011
1000100011
1000100011
1000100011
1000100011
1000100011
1000100011
1000100011
1000100011
1000100011
1000100011
1000100001
1000100001
1000100001
1000100001
1000100001
1000100001
1000100001
1000100001
1000100001
1000100001
1000100101
1000101101
1000110101
1000111101
1000000001
1000001001
1000010001
1000011001
1000011101
1000011101
1000011101
1001011101
1011011101
1101011101
1111011101
0000011101
0010011101
0100011101
0110011101
0111011101
0111011101
0111011101
0111011101
0111011101
0111011101
0111011101
0111011101
0111011101
0111011101
0111011101
0111011101
0111011101
0111011101
0111011101
0111011101
0111011101
0111011101
0111011101
0111011101
0111011101
0111011101
1000100011
1000100011
1000100011
1000100011
1000100011
1000100011
1000100011
1000100011
1000100011
1000100011
1000100011
1000100011
1000100011
1000100011
1000100011
1000100001
1000100001
1000100001
1000100001
1000100001
1000100001
1000100001
1000100001
1000100101
1000101101
1000110101
1000111101
1000000001
1000001001
1000010001
1000011001
1000011101
1000011101
1000011101
1001011101
1011011101
1101011101
1111011101
0000011101
0010011101
0100011101
0110011101
0111011101
0111011101
0111011101
0111011101
0111011101
0111011101
0111011101
0111011101
0111011101
0111011101
0111011101
0111011101
0111011101
0111011101
0111011101
0111011101
0111011101
0111011101
0111011101
0111011101
0111011101
0111011101
1000100001
1000100001
1000100001
1000100001
1000100001
1000100001
1000100001
1000100001
1000100001
1000100001
1000100001
1000100001
1000100001
1000100001
1000100001
1000100001
1000100001
1000100001
1000100001
1000100001
1000100001
1000100001
1000100001
1000100101
1000101101
1000110101
1000111101
1000000001
1000001001
1000010001
1000011001
1000011101
1000011101
1000011101
1001011101
1011011101
1101011101
1111011101
0000011101
0010011101
0100011101
0110011101
0111011101
0111011101
0111011101
0111011101
0111011101
0111011101
0111011101
0111011101
0111011101
0111011101
0111011101
0111011101
0111011101
0111011101
0111011101
0111011101
0111011101
0111011101
0111011101
0111011101
0111011101
0111011101
1000100001
1000100001
1000100001
1000100001
1000100001
1000100001
1000100001
1000100001
1000100001
1000100001
1000100001
1000100001
1000100001
1000100001
1000100001
1000100001
1000100001
1000100001
1000100001
1000100001
1000100001
1000100001
1000100001
1000100101
1000101101
1000110101
1000111101
1000000001
1000001001
1000010001
1000011001
1000011101
1000011101
1000011101
1001011101
1011011101
1101011101
1111011101
0000011101
0010011101
0100011101
0110011101
0111011101
0111011101
0111011101
0111011101
0111011101
0111011101
0111011101
0111011101
0111011101
0111011101
0111011101
0111011101
0111011101
0111011101
0111011101
0111011101
0111011101
0111011101
0111011101
0111011101
0111011101
0111011101
1000100001
1000100001
1000100001
1000100001
1000100001
1000100001
1000100001
1000100001
1000100001
1000100001
1000100001
1000100001
1000100001
1000100001
1000100001
1000100001
1000100001
1000100001
1000100001
1000100001
1000100001
1000100001
1000100001
1000100101
1000101101
1000110101
1000111101
1000000001
1000001001
1000010001
1000011001
1000011101
1000011101
1000011101
1001011101
1011011101
1101011101
1111011101
0000011101
0010011101
0100011101
0110011101
0111011101
0111011101
0111011101
0111011101
0111011101
0111011101
0111011101
0111011101
0111011101
0111011101
0111011101
0111011101
0111011101
0111011101
0111011101
0111011101
0111011101
0111011101
0111011101
0111011101
0111011101
0111011101
1000100001
1000100001
1000100001
1000100001
1000100001
1000100001
1000100001
1000100001
1000100001
1000100001
1000100001
1000100001
1000100001
1000100001
1000100001
1000100001
1000100001
1000100001
1000100001
1000100001
1000100001
1000100001
1000100001
1000100101
1000101101
1000110101
1000111101
1000000001
1000001001
1000010001
1000011001
1000011101
1000011101
1000011101
1001011101
1011011101
1101011101
1111011101
0000011101
0010011101
0100011101
0110011101
0111011101
0111011101
0111011101
0111011101
0111011101
0111011101
0111011101
0111011101
0111011101
0111011101
0111011101
0111011101
0111011101
0111011101
0111011101
0111011101
0111011101
0111011101
0111011101
0111011101
0111011101
0111011101
1000100001
1000100001
1000100001
1000100001
1000100001
1000100001
1000100001
1000100001
1000100001
1000100001
1000100001
1000100001
1000100001
1000100001
1000100001
1000100001
1000100001
1000100001
1000100001
1000100001
1000100001
1000100001
1000100001
1000100101
1000101101
1000110101
1000111101
1000000001
1000001001
1000010001
1000011001
1000011101
1000011101
1000011101
1001011101
1011011101
1101011101
1111011101
0000011101
0010011101
0100011101
0110011101
0111011101
0111011101
0111011101
0111011101
0111011101
0111011101
0111011101
0111011101
0111011101
0111011101
0111011101
0111011101
0111011101
0111011101
0111011101
0111011101
0111011101
0111011101
0111011101
0111011101
0111011101
0111011101
1000100011
1000100011
1000100001
1000100001
1000100001
1000100001
1000100001
1000100001
1000100001
1000100001
1000100001
1000100001
1000100001
1000100001
1000100001
1000100001
1000100001
1000100001
1000100001
1000100001
1000100001
1000100001
1000100001
1000100101
1000101101
1000110101
1000111101
1000000001
1000001001
1000010001
1000011001
1000011101
1000011101
1000011101
1001011101
1011011101
1101011101
1111011101
0000011101
0010011101
0100011101
0110011101
0111011101
0111011101
0111011101
0111011101
0111011101
0111011101
0111011101
0111011101
0111011101
0111011101
0111011101
0111011101
0111011101
0111011101
0111011101
0111011101
0111011101
0111011101
0111011101
0111011101
0111011101
0111011101
1000100011
1000100011
1000100011
1000100001
1000100001
1000100001
1000100001
1000100001
1000100001
1000100001
1000100001
1000100001
1000100001
1000100001
1000100001
1000100001
1000100001
1000100001
1000100001
1000100001
1000100001
1000100001
1000100001
1000100101
1000101101
1000110101
1000111101
1000000001
1000001001
1000010001
1000011001
1000011101
1000011101
1000011101
1001011101
1011011101
1101011101
1111011101
0000011101
0010011101
0100011101
0110011101
0111011101
0111011101
0111011101
0111011101
0111011101
0111011101
0111011101
0111011101
0111011101
0111011101
0111011101
0111011101
0111011101
0111011101
0111011101
0111011101
0111011101
0111011101
0111011101
0111011101
0111011101
0111011101
1000100011
1000100011
1000100011
1000100011
1000100011
1000100001
1000100001
1000100001
1000100001
1000100001
1000100001
1000100001
1000100001
1000100001
1000100001
1000100001
1000100001
1000100001
1000100001
1000100001
1000100001
1000100001
1000100001
1000100101
1000101101
1000110101
1000111101
1000000001
1000001001
1000010001
1000011001
1000011101
