10001001001100100010010111101111010
10001001010000100111000111101111010
10001001010100101011110110101111010
10001001011100110000100100101111010
10001001101000110101010001001111010
10001001111000111001111011101111010
10001010001000111110100100101111010
10001010011101000011001010101111010
10001010011111111100110101001111010
10001010001000000001011011001111010
10001001111000000110000100001111010
10001001101000001010101110101111010
10001001011100001111011011001111010
10001001010100010100001001001111010
10001001010000011000111000001111010
10001001001100011101101000001111010
10001001001100100010010111101111010
10001001010000100111000111101111010
10001001010100101011110110101111010
10001001011100110000100100101111010
10001001101000110101010001001111010
10001001111000111001111011101111010
10001010001000111110100100101111010
10001010011101000011001010101111010
10001010011111111100110101001111010
10001010001000000001011011001111010
10001001111000000110000100001111010
10001001101000001010101110101111010
10001001011100001111011011001111010
10001001010100010100001001001111010
10001001010000011000111000001111010
10001001001100011101101000001111010
10001001001100100010010111101111010
10001001010000100111000111101111010
10001001010100101011110110101111010
10001001011100110000100100101111010
10001001101000110101010001001111010
10001001111000111001111011101111010
10001010001000111110100100101111010
10001010011101000011001010101111010
10001010011111111100110101001111010
10001010001000000001011011001111010
10001001111000000110000100001111010
10001001101000001010101110101111010
10001001011100001111011011001111010
10001001010100010100001001001111010
10001001010000011000111000001111010
10001001001100011101101000001111010
10001001001100100010010111101111010
10001001010000100111000111110001010
10001001010100101011110110110001010
10001001011100110000100100110001010
10001001101000110101010001010001010
10001001111000111001111011110001010
10001010001000111110100100110001010
10001010011101000011001010110001010
10001010011111111100110101010001010
10001010001000000001011011010001010
10001001111000000110000100010001010
10001001101000001010101110110001010
10001001011100001111011011010001010
10001001010100010100001001010001010
10001001010000011000111000010001010
10001001001100011101101000001111010
10001001001100100010010111110001010
10001001010000100111000111110001010
10001001010100101011110110110001010
10001001011100110000100100110001010
10001001101000110101010001010001010
10001001111000111001111011110001010
10001010001000111110100100110001010
10001010011101000011001010110001010
10001010011111111100110101010001010
10001010001000000001011011010001010
10001001111000000110000100010001010
10001001101000001010101110110001010
10001001011100001111011011010001010
10001001010100010100001001010001010
10001001010000011000111000010001010
10001001001100011101101000010001010
10001001001100100010010111110001010
10001001010000100111000111110001010
10001001010100101011110110110001010
10001001011100110000100100110001010
10001001101000110101010001010001010
10001001111000111001111011110001010
10001010001000111110100100110001010
10001010011101000011001010110001010
10001010011111111100110101010001010
10001010001000000001011011010001010
10001001111000000110000100010001010
10001001101000001010101110110001010
10001001011100001111011011010001010
10001001010100010100001001010001010
10001001010000011000111000010001010
10001001001100011101101000010001010
10001001001100100010010111110001010
10001001010000100111000111110001010
10001001010100101011110110110001010
10001001011100110000100100110001010
10001001101000110101010001010001010
10001001111000111001111011110001010
10001010001000111110100100110001010
10001010011101000011001010110001010
10001010011111111100110101010001010
10001010001000000001011011010001010
10001001111000000110000100010001010
10001001101000001010101110110001010
10001001011100001111011011010001010
10001001010100010100001001010001010
10001001010000011000111000010001010
10001001001100011101101000010001010
10001001001100100010010111110001010
10001001010000100111000111110001010
10001001010100101011110110110001010
10001001011100110000100100110001010
10001001101000110101010001010001010
10001001111000111001111011110001010
10001010001000111110100100110001010
10001010011101000011001010110001010
10001010011111111100110101010001010
10001010001000000001011011010001010
10001001111000000110000100010001010
10001001101000001010101110110001010
10001001011100001111011011010001010
10001001010100010100001001010001010
10001001010000011000111000010001010
10001001001100011101101000010001010
10001001001100100010010111110001010
10001001010000100111000111110001010
10001001010100101011110110110001010
10001001011100110000100100110001010
10001001101000110101010001010001010
10001001111000111001111011110001010
10001010001000111110100100110001010
10001010011101000011001010110001010
10001010011111111100110101010001010
10001010001000000001011011010001010
10001001111000000110000100010001010
10001001101000001010101110110001010
10001001011100001111011011010001010
10001001010100010100001001010001010
10001001010000011000111000010001010
10001001001100011101101000010001010
10001001001100100010010111110001010
10001001010000100111000111110001010
10001001010100101011110110110001010
10001001011100110000100100110001010
10001001101000110101010001010001010
10001001111000111001111011110001010
10001010001000111110100100110001010
10001010011101000011001010110001010
10001010011111111100110101010001010
10001010001000000001011011010001010
10001001111000000110000100010001010
10001001101000001010101110110001010
10001001011100001111011011010001010
10001001010100010100001001010001010
10001001010000011000111000010001010
10001001001100011101101000010001010
10001001001100100010010111110001010
10001001010000100111000111110001010
10001001010100101011110110110001010
10001001011100110000100100110001010
10001001101000110101010001010001010
10001001111000111001111011110001010
10001010001000111110100100110001010
10001010011101000011001010110001010
10001010011111111100110101010001010
10001010001000000001011011010001010
10001001111000000110000100010001010
10001001101000001010101110110001010
10001001011100001111011011010001010
10001001010100010100001001010001010
10001001010000011000111000010001010
10001001001100011101101000010001010
10001001001100100010010111110001010
10001001010000100111000111110001010
10001001010100101011110110110001010
10001001011100110000100100110001010
10001001101000110101010001010001010
10001001111000111001111011110001010
10001010001000111110100100110001010
10001010011101000011001010110001010
10001010011111111100110101010001010
10001010001000000001011011010001010
10001001111000000110000100010001010
10001001101000001010101110110001010
10001001011100001111011011010001010
10001001010100010100001001010001010
10001001010000011000111000010001010
10001001001100011101101000010001010
10001001001100100010010111110001010
10001001010000100111000111110001010
10001001010100101011110110110001010
10001001011100110000100100110001010
10001001101000110101010001010001010
10001001111000111001111011110001010
10001010001000111110100100110001010
10001010011101000011001010110001010
10001010011111111100110101010001010
10001010001000000001011011010001010
10001001111000000110000100010001010
10001001101000001010101110110001010
10001001011100001111011011010001010
10001001010100010100001001010001010
10001001010000011000111000010001010
10001001001100011101101000010001010
10001001001100100010010111110001010
10001001010000100111000111110001010
10001001010100101011110110110001010
10001001011100110000100100110001010
10001001101000110101010001010001010
10001001111000111001111011110001010
10001010001000111110100100110001010
10001010011101000011001010110001010
10001010011111111100110101010001010
10001010001000000001011011010001010
10001001111000000110000100010001010
10001001101000001010101110110001010
10001001011100001111011011010001010
10001001010100010100001001010001010
10001001010000011000111000010001010
10001001001100011101101000010001010
10001001001100100010010111110001010
10001001010000100111000111110001010
10001001010100101011110110110001010
10001001011100110000100100110001010
10001001101000110101010001010001010
10001001111000111001111011110001010
10001010001000111110100100110001010
10001010011101000011001010110001010
10001010011111111100110101010001010
10001010001000000001011011010001010
10001001111000000110000100010001010
10001001101000001010101110110001010
10001001011100001111011011010001010
10001001010100010100001001010001010
10001001010000011000111000010001010
10001001001100011101101000010001010
10001001001100100010010111110001010
10001001010000100111000111110001010
10001001010100101011110110110001010
10001001011100110000100100110001010
10001001101000110101010001010001010
10001001111000111001111011110001010
10001010001000111110100100110001010
10001010011101000011001010110001010
10001010011111111100110101010001010
10001010001000000001011011010001010
10001001111000000110000100010001010
10001001101000001010101110110001010
10001001011100001111011011010001010
10001001010100010100001001010001010
10001001010000011000111000010001010
10001001001100011101101000010001010
10001001001100100010010111101111010
10001001010000100111000111101111010
10001001010100101011110110101111010
10001001011100110000100100101111010
10001001101000110101010001001111010
10001001111000111001111011101111010
10001010001000111110100100101111010
10001010011101000011001010101111010
10001010011111111100110101001111010
10001010001000000001011011001111010
10001001111000000110000100001111010
10001001101000001010101110101111010
10001001011100001111011011001111010
10001001010100010100001001001111010
10001001010000011000111000001111010
10001001001100011101101000001111010
10001001001100100010010111101111010
10001001010000100111000111101111010
10001001010100101011110110101111010
10001001011100110000100100101111010
10001001101000110101010001001111010
10001001111000111001111011101111010
10001010001000111110100100101111010
10001010011101000011001010101111010
10001010011111111100110101001111010
10001010001000000001011011001111010
10001001111000000110000100001111010
10001001101000001010101110101111010
10001001011100001111011011001111010
10001001010100010100001001001111010
10001001010000011000111000001111010
10001001001100011101101000001111010
10001001001100100010010111101111010
10001001010000100111000111101111010
10001001010100101011110110101111010
10001001011100110000100100101111010
10001001101000110101010001001111010
10001001111000111001111011101111010
10001010001000111110100100101111010
10001010011101000011001010101111010
10001010011111111100110101001111010
10001010001000000001011011001111010
10001001111000000110000100001111010
10001001101000001010101110101111010
10001001011100001111011011001111010
10001001010100010100001001001111010
10001001010000011000111000001111010
10001001001100011101101000001111010
10001001001100100010010111101111010
10001001010000100111000111101111010
10001001010100101011110110101111010
10001001011100110000100100101111010
10001001101000110101010001001111010
10001001111000111001111011101111010
10001010001000111110100100101111010
10001010011101000011001010101111010
10001010011111111100110101001111010
10001010001000000001011011001111010
10001001111000000110000100001111010
10001001101000001010101110101111010
10001001011100001111011011001111010
10001001010100010100001001001111010
10001001010000011000111000001111010
10001001001100011101101000001111010
10001001001100100010010111101111010
10001001010000100111000111101111010
10001001010100101011110110101111010
10001001011100110000100100101111010
10001001101000110101010001001111010
10001001111000111001111011101111010
10001010001000111110100100101111010
10001010011101000011001010101111010
10001010011111111100110101001111010
10001010001000000001011011001111010
10001001111000000110000100001111010
10001001101000001010101110101111010
10001001011100001111011011001111010
10001001010100010100001001001111010
10001001010000011000111000001111010
10001001001100011101101000001111010
10001001001100100010010111101111010
10001001010000100111000111101111010
10001001010100101011110110101111010
10001001011100110000100100101111010
10001001101000110101010001001111010
10001001111000111001111011101111010
10001010001000111110100100101111010
10001010011101000011001010101111010
10001010011111111100110101001111010
10001010001000000001011011001111010
10001001111000000110000100001111010
10001001101000001010101110101111010
10001001011100001111011011001111010
10001001010100010100001001001111010
10001001010000011000111000001111010
10001001001100011101101000001111010
10001001001100100010010111101111010
10001001010000100111000111101111010
10001001010100101011110110101111010
10001001011100110000100100101111010
10001001101000110101010001001111010
10001001111000111001111011101111010
10001010001000111110100100101111010
10001010011101000011001010101111010
10001010011111111100110101001111010
10001010001000000001011011001111010
10001001111000000110000100001111010
10001001101000001010101110101111010
10001001011100001111011011001111010
10001001010100010100001001001111010
10001001010000011000111000001111010
10001001001100011101101000001111010
10001001001100100010010111101111010
10001001010000100111000111101111010
10001001010100101011110110101111010
10001001011100110000100100101111010
10001001101000110101010001001111010
10001001111000111001111011101111010
10001010001000111110100100101111010
10001010011101000011001010101111010
10001010011111111100110101001111010
10001010001000000001011011001111010
10001001111000000110000100001111010
10001001101000001010101110101111010
10001001011100001111011011001111010
10001001010100010100001001001111010
10001001010000011000111000001111010
10001001001100011101101000001111010
10001001001100100010010111101111010
10001001010000100111000111101111010
10001001010100101011110110101111010
10001001011100110000100100101111010
10001001101000110101010001001111010
10001001111000111001111011101111010
10001010001000111110100100101111010
10001010011101000011001010101111010
10001010011111111100110101001111010
10001010001000000001011011001111010
10001001111000000110000100001111010
10001001101000001010101110101111010
10001001011100001111011011001111010
10001001010100010100001001001111010
10001001010000011000111000001111010
10001001001100011101101000001111010
10001001001100100010010111101111010
10001001010000100111000111101111010
10001001010100101011110110101111010
10001001011100110000100100101111010
10001001101000110101010001001111010
10001001111000111001111011101111010
10001010001000111110100100101111010
10001010011101000011001010101111010
10001010011111111100110101001111010
10001010001000000001011011001111010
10001001111000000110000100001111010
10001001101000001010101110101111010
10001001011100001111011011001111010
10001001010100010100001001001111010
10001001010000011000111000001111010
10001001001100011101101000001111010
10001001001100100010010111101111010
10001001010000100111000111101111010
10001001010100101011110110101111010
10001001011100110000100100101111010
10001001101000110101010001001111010
10001001111000111001111011101111010
10001010001000111110100100101111010
10001010011101000011001010101111010
10001010011111111100110101001111010
10001010001000000001011011001111010
10001001111000000110000100001111010
10001001101000001010101110101111010
10001001011100001111011011001111010
10001001010100010100001001001111010
10001001010000011000111000001111010
10001001001100011101101000001111010
10001001001100100010010111101111010
10001001010000100111000111101111010
10001001010100101011110110101111010
10001001011100110000100100101111010
10001001101000110101010001001111010
10001001111000111001111011101111010
10001010001000111110100100101111010
10001010011101000011001010101111010
10001010011111111100110101001111010
10001010001000000001011011001111010
10001001111000000110000100001111010
10001001101000001010101110101111010
10001001011100001111011011001111010
10001001010100010100001001001111010
10001001010000011000111000001111010
10001001001100011101101000001111010
10001001001100100010010111101111010
10001001010000100111000111101111010
10001001010100101011110110101111010
10001001011100110000100100101111010
10001001101000110101010001001111010
10001001111000111001111011101111010
10001010001000111110100100101111010
10001010011101000011001010101111010
10001010011111111100110101001111010
10001010001000000001011011001111010
10001001111000000110000100001111010
10001001101000001010101110101111010
10001001011100001111011011001111010
10001001010100010100001001001111010
10001001010000011000111000001111010
10001001001100011101101000001111010
10001001001100100010010111101111010
10001001010000100111000111101111010
10001001010100101011110110101111010
10001001011100110000100100101111010
10001001101000110101010001001111010
10001001111000111001111011101111010
10001010001000111110100100101111010
10001010011101000011001010101111010
10001010011111111100110101001111010
10001010001000000001011011001111010
10001001111000000110000100001111010
10001001101000001010101110101111010
10001001011100001111011011001111010
10001001010100010100001001001111010
10001001010000011000111000001111010
10001001001100011101101000001111010
10001001001100100010010111101111010
10001001010000100111000111101111010
10001001010100101011110110101111010
10001001011100110000100100101111010
10001001101000110101010001001111010
10001001111000111001111011101111010
10001010001000111110100100101111010
10001010011101000011001010101111010
10001010011111111100110101001111010
10001010001000000001011011001111010
10001001111000000110000100001111010
10001001101000001010101110101111010
10001001011100001111011011001111010
10001001010100010100001001001111010
10001001010000011000111000001111010
10001001001100011101101000001111010
10001001001100100010010111101111010
10001001010000100111000111101111010
10001001010100101011110110101111010
10001001011100110000100100101111010
10001001101000110101010001001111010
10001001111000111001111011101111010
10001010001000111110100100101111010
10001010011101000011001010101111010
10001010011111111100110101001111010
10001010001000000001011011001111010
10001001111000000110000100001111010
10001001101000001010101110101111010
10001001011100001111011011001111010
10001001010100010100001001001111010
10001001010000011000111000001111010
10001001001100011101101000001111010
