10001001001100100001001011110001010
10001001001100100011100011110001010
10001001001100100101111011110001010
10001001010000101000010011010001010
10001001010100101010101010110001010
10001001010100101101000010010001010
10001001011100101111011001010001010
10001001100000110001101111110001010
10001001100100110100000110010001010
10001001101100110110011100010001010
10001001110100111000110001010001010
10001001111100111011000110010001010
10001010000100111101011010110001010
10001010001100111111101110010001010
10001010011001000010000001110001010
10001010100101000100010011110001010
10001010100111111011101100010001010
10001010011011111101111110010001010
10001010001100000000010001110001010
10001010000100000010100101010001010
10001001111100000100111001110001010
10001001110100000111001110110001010
10001001101100001001100011110001010
10001001100100001011111001110001010
10001001100000001110010000010001010
10001001011100010000100110110001010
10001001010100010010111101110001010
10001001010100010101010101010001010
10001001010000010111101100110001010
10001001001100011010000100010001010
10001001001100011100011100010001010
10001001001100011110110100010001010
10001001001100100001001011110001010
10001001001100100011100011110001010
10001001001100100101111011110001010
10001001010000101000010011010001010
10001001010100101010101010110001010
10001001010100101101000010010001010
10001001011100101111011001010001010
10001001100000110001101111110001010
10001001100100110100000110010001010
10001001101100110110011100010001010
10001001110100111000110001010001010
10001001111100111011000110010001010
10001010000100111101011010110001010
10001010001100111111101110010001010
10001010011001000010000001110001010
10001010100101000100010011110001010
10001010100111111011101100010001010
10001010011011111101111110010001010
10001010001100000000010001110001010
10001010000100000010100101010001010
10001001111100000100111001110001010
10001001110100000111001110110001010
10001001101100001001100011110001010
10001001100100001011111001110001010
10001001100000001110010000010001010
10001001011100010000100110110001010
10001001010100010010111101110001010
10001001010100010101010101010001010
10001001010000010111101100110001010
10001001001100011010000100010001010
10001001001100011100011100010001010
10001001001100011110110100010001010
10001001001100100001001011110001010
10001001001100100011100011110001010
10001001001100100101111011110001010
10001001010000101000010011010001010
10001001010100101010101010110001010
10001001010100101101000010010001010
10001001011100101111011001010001010
10001001100000110001101111110001010
10001001100100110100000110010001010
10001001101100110110011100010001010
10001001110100111000110001010001010
10001001111100111011000110010001010
10001010000100111101011010110001010
10001010001100111111101110010001010
10001010011001000010000001110001010
10001010100101000100010011110001010
10001010100111111011101100010001010
10001010011011111101111110010001010
10001010001100000000010001110001010
10001010000100000010100101010001010
10001001111100000100111001110001010
10001001110100000111001110110001010
10001001101100001001100011110001010
10001001100100001011111001110001010
10001001100000001110010000010001010
10001001011100010000100110110001010
10001001010100010010111101110001010
10001001010100010101010101010001010
10001001010000010111101100110001010
10001001001100011010000100010001010
10001001001100011100011100010001010
10001001001100011110110100010001010
10001001001100100001001011110001010
10001001001100100011100011110001010
10001001001100100101111011110001010
10001001010000101000010011010001010
10001001010100101010101010110001010
10001001010100101101000010010001010
10001001011100101111011001010001010
10001001100000110001101111110001010
10001001100100110100000110010001010
10001001101100110110011100010001010
10001001110100111000110001010001010
10001001111100111011000110010001010
10001010000100111101011010110001010
10001010001100111111101110010001010
10001010011001000010000001110001010
10001010100101000100010011110001010
10001010100111111011101100010001010
10001010011011111101111110010001010
10001010001100000000010001110001010
10001010000100000010100101010001010
10001001111100000100111001110001010
10001001110100000111001110110001010
10001001101100001001100011110001010
10001001100100001011111001110001010
10001001100000001110010000010001010
10001001011100010000100110110001010
10001001010100010010111101110001010
10001001010100010101010101010001010
10001001010000010111101100110001010
10001001001100011010000100010001010
10001001001100011100011100010001010
10001001001100011110110100010001010
10001001001100100001001011110001010
10001001001100100011100011110001010
10001001001100100101111011110001010
10001001010000101000010011010001010
10001001010100101010101010110001010
10001001010100101101000010010001010
10001001011100101111011001010001010
10001001100000110001101111110001010
10001001100100110100000110010001010
10001001101100110110011100010001010
10001001110100111000110001010001010
10001001111100111011000110010001010
10001010000100111101011010110001010
10001010001100111111101110010001010
10001010011001000010000001110001010
10001010100101000100010011110001010
10001010100111111011101100010001010
10001010011011111101111110010001010
10001010001100000000010001110001010
10001010000100000010100101010001010
10001001111100000100111001110001010
10001001110100000111001110110001010
10001001101100001001100011110001010
10001001100100001011111001110001010
10001001100000001110010000010001010
10001001011100010000100110110001010
10001001010100010010111101110001010
10001001010100010101010101010001010
10001001010000010111101100110001010
10001001001100011010000100010001010
10001001001100011100011100010001010
10001001001100011110110100010001010
10001001001100100001001011110001010
10001001001100100011100011110001010
10001001001100100101111011110001010
10001001010000101000010011010001010
10001001010100101010101010110001010
10001001010100101101000010010001010
10001001011100101111011001010001010
10001001100000110001101111110001010
10001001100100110100000110010001010
10001001101100110110011100010001010
10001001110100111000110001010001010
10001001111100111011000110010001010
10001010000100111101011010110001010
10001010001100111111101110010001010
10001010011001000010000001110001010
10001010100101000100010011110001010
10001010100111111011101100010001010
10001010011011111101111110010001010
10001010001100000000010001110001010
10001010000100000010100101010001010
10001001111100000100111001110001010
10001001110100000111001110110001010
10001001101100001001100011110001010
10001001100100001011111001110001010
10001001100000001110010000010001010
10001001011100010000100110110001010
10001001010100010010111101110001010
10001001010100010101010101010001010
10001001010000010111101100110001010
10001001001100011010000100010001010
10001001001100011100011100010001010
10001001001100011110110100010001010
10001001001100100001001011110001010
10001001001100100011100011110001010
10001001001100100101111011110001010
10001001010000101000010011010001010
10001001010100101010101010110001010
10001001010100101101000010010001010
10001001011100101111011001010001010
10001001100000110001101111110001010
10001001100100110100000110010001010
10001001101100110110011100010001010
10001001110100111000110001010001010
10001001111100111011000110010001010
10001010000100111101011010110001010
10001010001100111111101110010001010
10001010011001000010000001110001010
10001010100101000100010011110001010
10001010100111111011101100010001010
10001010011011111101111110010001010
10001010001100000000010001110001010
10001010000100000010100101010001010
10001001111100000100111001110001010
10001001110100000111001110110001010
10001001101100001001100011110001010
10001001100100001011111001110001010
10001001100000001110010000010001010
10001001011100010000100110110001010
10001001010100010010111101110001010
10001001010100010101010101010001010
10001001010000010111101100110001010
10001001001100011010000100010001010
10001001001100011100011100010001010
10001001001100011110110100010001010
10001001001100100001001011110001010
10001001001100100011100011110001010
10001001001100100101111011110001010
10001001010000101000010011010001010
10001001010100101010101010110001010
10001001010100101101000010010001010
10001001011100101111011001010001010
10001001100000110001101111110001010
10001001100100110100000110010001010
10001001101100110110011100010001010
10001001110100111000110001010001010
10001001111100111011000110010001010
10001010000100111101011010110001010
10001010001100111111101110010001010
10001010011001000010000001110001010
10001010100101000100010011110001010
10001010100111111011101100010001010
10001010011011111101111110010001010
10001010001100000000010001110001010
10001010000100000010100101010001010
10001001111100000100111001110001010
10001001110100000111001110110001010
10001001101100001001100011110001010
10001001100100001011111001110001010
10001001100000001110010000010001010
10001001011100010000100110110001010
10001001010100010010111101110001010
10001001010100010101010101010001010
10001001010000010111101100110001010
10001001001100011010000100010001010
10001001001100011100011100010001010
10001001001100011110110100010001010
10001001001100100001001011101111010
10001001001100100011100011101111010
10001001001100100101111011101111010
10001001010000101000010011001111010
10001001010100101010101010101111010
10001001010100101101000010001111010
10001001011100101111011001001111010
10001001100000110001101111101111010
10001001100100110100000110001111010
10001001101100110110011100001111010
10001001110100111000110001001111010
10001001111100111011000110001111010
10001010000100111101011010101111010
10001010001100111111101110001111010
10001010011001000010000001101111010
10001010100101000100010011101111010
10001010100111111011101100001111010
10001010011011111101111110001111010
10001010001100000000010001101111010
10001010000100000010100101001111010
10001001111100000100111001101111010
10001001110100000111001110101111010
10001001101100001001100011101111010
10001001100100001011111001101111010
10001001100000001110010000001111010
10001001011100010000100110101111010
10001001010100010010111101101111010
10001001010100010101010101001111010
10001001010000010111101100101111010
10001001001100011010000100001111010
10001001001100011100011100001111010
10001001001100011110110100001111010
10001001001100100001001011101111010
10001001001100100011100011101111010
10001001001100100101111011101111010
10001001010000101000010011001111010
10001001010100101010101010101111010
10001001010100101101000010001111010
10001001011100101111011001001111010
10001001100000110001101111101111010
10001001100100110100000110001111010
10001001101100110110011100001111010
10001001110100111000110001001111010
10001001111100111011000110001111010
10001010000100111101011010101111010
10001010001100111111101110001111010
10001010011001000010000001101111010
10001010100101000100010011101111010
10001010100111111011101100001111010
10001010011011111101111110001111010
10001010001100000000010001101111010
10001010000100000010100101001111010
10001001111100000100111001101111010
10001001110100000111001110101111010
10001001101100001001100011101111010
10001001100100001011111001101111010
10001001100000001110010000001111010
10001001011100010000100110101111010
10001001010100010010111101101111010
10001001010100010101010101001111010
10001001010000010111101100101111010
10001001001100011010000100001111010
10001001001100011100011100001111010
10001001001100011110110100001111010
10001001001100100001001011101111010
10001001001100100011100011101111010
10001001001100100101111011101111010
10001001010000101000010011001111010
10001001010100101010101010101111010
10001001010100101101000010001111010
10001001011100101111011001001111010
10001001100000110001101111101111010
10001001100100110100000110001111010
10001001101100110110011100001111010
10001001110100111000110001001111010
10001001111100111011000110001111010
10001010000100111101011010101111010
10001010001100111111101110001111010
10001010011001000010000001101111010
10001010100101000100010011101111010
10001010100111111011101100001111010
10001010011011111101111110001111010
10001010001100000000010001101111010
10001010000100000010100101001111010
10001001111100000100111001101111010
10001001110100000111001110101111010
10001001101100001001100011101111010
10001001100100001011111001101111010
10001001100000001110010000001111010
10001001011100010000100110101111010
10001001010100010010111101101111010
10001001010100010101010101001111010
10001001010000010111101100101111010
10001001001100011010000100001111010
10001001001100011100011100001111010
10001001001100011110110100001111010
10001001001100100001001011101111010
10001001001100100011100011101111010
10001001001100100101111011101111010
10001001010000101000010011010001010
10001001010100101010101010110001010
10001001010100101101000010010001010
10001001011100101111011001010001010
10001001100000110001101111110001010
10001001100100110100000110010001010
10001001101100110110011100010001010
10001001110100111000110001010001010
10001001111100111011000110010001010
10001010000100111101011010110001010
10001010001100111111101110010001010
10001010011001000010000001110001010
10001010100101000100010011110001010
10001010100111111011101100010001010
10001010011011111101111110010001010
10001010001100000000010001110001010
10001010000100000010100101010001010
10001001111100000100111001110001010
10001001110100000111001110110001010
10001001101100001001100011110001010
10001001100100001011111001110001010
10001001100000001110010000010001010
10001001011100010000100110110001010
10001001010100010010111101110001010
10001001010100010101010101010001010
10001001010000010111101100110001010
10001001001100011010000100001111010
10001001001100011100011100001111010
10001001001100011110110100001111010
10001001001100100001001011110001010
10001001001100100011100011110001010
10001001001100100101111011110001010
10001001010000101000010011010001010
10001001010100101010101010110001010
10001001010100101101000010010001010
10001001011100101111011001010001010
10001001100000110001101111110001010
10001001100100110100000110010001010
10001001101100110110011100010001010
10001001110100111000110001010001010
10001001111100111011000110010001010
10001010000100111101011010110001010
10001010001100111111101110010001010
10001010011001000010000001110001010
10001010100101000100010011110001010
10001010100111111011101100010001010
10001010011011111101111110010001010
10001010001100000000010001110001010
10001010000100000010100101010001010
10001001111100000100111001110001010
10001001110100000111001110110001010
10001001101100001001100011110001010
10001001100100001011111001110001010
10001001100000001110010000010001010
10001001011100010000100110110001010
10001001010100010010111101110001010
10001001010100010101010101010001010
10001001010000010111101100110001010
10001001001100011010000100010001010
10001001001100011100011100010001010
10001001001100011110110100010001010
10001001001100100001001011110001010
10001001001100100011100011110001010
10001001001100100101111011110001010
10001001010000101000010011010001010
10001001010100101010101010110001010
10001001010100101101000010010001010
10001001011100101111011001010001010
10001001100000110001101111110001010
10001001100100110100000110010001010
10001001101100110110011100010001010
10001001110100111000110001010001010
10001001111100111011000110010001010
10001010000100111101011010110001010
10001010001100111111101110010001010
10001010011001000010000001110001010
10001010100101000100010011110001010
10001010100111111011101100010001010
10001010011011111101111110010001010
10001010001100000000010001110001010
10001010000100000010100101010001010
10001001111100000100111001110001010
10001001110100000111001110110001010
10001001101100001001100011110001010
10001001100100001011111001110001010
10001001100000001110010000010001010
10001001011100010000100110110001010
10001001010100010010111101110001010
10001001010100010101010101010001010
10001001010000010111101100110001010
10001001001100011010000100010001010
10001001001100011100011100010001010
10001001001100011110110100010001010
10001001001100100001001011110001010
10001001001100100011100011110001010
10001001001100100101111011110001010
10001001010000101000010011010001010
10001001010100101010101010110001010
10001001010100101101000010010001010
10001001011100101111011001010001010
10001001100000110001101111110001010
10001001100100110100000110010001010
10001001101100110110011100010001010
10001001110100111000110001010001010
10001001111100111011000110010001010
10001010000100111101011010110001010
10001010001100111111101110010001010
10001010011001000010000001110001010
10001010100101000100010011110001010
10001010100111111011101100010001010
10001010011011111101111110010001010
10001010001100000000010001110001010
10001010000100000010100101010001010
10001001111100000100111001110001010
10001001110100000111001110110001010
10001001101100001001100011110001010
10001001100100001011111001110001010
10001001100000001110010000010001010
10001001011100010000100110110001010
10001001010100010010111101110001010
10001001010100010101010101010001010
10001001010000010111101100110001010
10001001001100011010000100010001010
10001001001100011100011100010001010
10001001001100011110110100010001010
10001001001100100001001011110001010
10001001001100100011100011110001010
10001001001100100101111011110001010
10001001010000101000010011010001010
10001001010100101010101010110001010
10001001010100101101000010010001010
10001001011100101111011001010001010
10001001100000110001101111110001010
10001001100100110100000110010001010
10001001101100110110011100010001010
10001001110100111000110001010001010
10001001111100111011000110010001010
10001010000100111101011010110001010
10001010001100111111101110010001010
10001010011001000010000001110001010
10001010100101000100010011110001010
10001010100111111011101100010001010
10001010011011111101111110010001010
10001010001100000000010001110001010
10001010000100000010100101010001010
10001001111100000100111001110001010
10001001110100000111001110110001010
10001001101100001001100011110001010
10001001100100001011111001110001010
10001001100000001110010000010001010
10001001011100010000100110110001010
10001001010100010010111101110001010
10001001010100010101010101010001010
10001001010000010111101100110001010
10001001001100011010000100010001010
10001001001100011100011100010001010
10001001001100011110110100010001010
