11000111110100111111001111111011101
11000111110101000001101110111011101
11000111111001000100001110011011101
11000111111101000110101101011011101
11001000000101001001001011111011101
11001000001101001011101010011011101
11001000010101001110001000111011101
11001000100001010000100110111011101
11001000100000101011011001011011101
11001000010100101101110111011011101
11001000001100110000010101111011101
11001000000100110010110100011011101
11000111111100110101010010111011101
11000111111000110111110001111011101
11000111110100111010010001011011101
11000111110100111100110000011011101
11000111011100111111001111111011101
11000111011101000001101111111011101
11000111100001000100001111011011101
11000111100101000110101110111011101
11000111101001001001001110011011101
11000111110001001011101101011011101
11000111111101001110001011111011101
11001000000101010000101010011011101
11001000000100101011010101111011101
11000111111100101101110100011011101
11000111110000110000010010111011101
11000111101000110010110001111011101
11000111100100110101010001011011101
11000111100000110111110000111011101
11000111011100111010010000011011101
11000111011100111100110000011011101
11000111000000111111010000011011101
11000111000001000001110000011011101
11000111000101000100010000111011101
11000111001001000110110000111011101
11000111010001001001010000011011101
11000111011001001011101111111011101
11000111100001001110001111011011101
11000111101101010000101101111011101
11000111101100101011010010011011101
11000111100000101101110000111011101
11000111011000110000010000011011101
11000111010000110010101111111011101
11000111001000110101001111011011101
11000111000100110111101111011011101
11000111000000111010001111111011101
11000111000000111100101111111011101
11000110100100111111010000011011101
11000110101001000001110001011011101
11000110101101000100010001111011101
11000110110001000110110010011011101
11000110110101001001010010111011101
11000110111101001011110010111011101
11000111001001001110010010011011101
11000111010001010000110001111011101
11000111010000101011001110011011101
11000111001000101101101101111011101
11000110111100110000001101011011101
11000110110100110010101101011011101
11000110110000110101001101111011101
11000110101100110111101110011011101
11000110101000111010001110111011101
11000110100100111100101111111011101
11000110001100111111010000111011101
11000110001101000001110001111011101
11000110010001000100010011011011101
11000110010101000110110100011011101
11000110011101001001010100111011101
11000110100101001011110101011011101
11000110101101001110010101111011101
11000110111001010000110101011011101
11000110111000101011001010111011101
11000110101100101101101010011011101
11000110100100110000001010111011101
11000110011100110010101011011011101
11000110010100110101001011111011101
11000110010000110111101100111011101
11000110001100111010001110011011101
11000110001100111100101111011011101
11000101110000111111010000111011101
11000101110101000001110010111011101
11000101110101000100010100011011101
11000101111101000110110101111011101
11000110000001001001010111011011101
11000110001001001011111000011011101
11000110010101001110011000111011101
11000110011101010000111001011011101
11000110011100101011000110111011101
11000110010100101101100111011011101
11000110001000110000000111111011101
11000110000000110010101000111011101
11000101111100110101001010011011101
11000101110100110111101011111011101
11000101110100111010001101011011101
11000101110000111100101111011011101
11000101011000111111010001011011101
11000101011001000001110011011011101
11000101011101000100010101111011101
11000101100001000110110111111011101
11000101101001001001011001111011101
11000101110001001011111011011011101
11000101111001001110011100011011101
11000110000101010000111101011011101
11000110000100101011000010111011101
11000101111000101101100011111011101
11000101110000110000000100111011101
11000101101000110010100110011011101
11000101100000110101001000011011101
11000101011100110111101010011011101
11000101011000111010001100111011101
11000101011000111100101110111011101
11000100111100111111010001011011101
11000101000001000001110100011011101
11000101000001000100010110111011101
11000101001001000110111001011011101
11000101001101001001011011111011101
11000101010101001011111101111011101
11000101100001001110011111111011101
11000101101001010001000000111011101
11000101101000101010111111011011101
11000101100000101101100000011011101
11000101010100110000000010011011101
11000101001100110010100100011011101
11000101001000110101000110111011101
11000101000000110111101001011011101
11000101000000111010001011111011101
11000100111100111100101110111011101
11000100100100111111010001111011101
11000100100101000001110101011011101
11000100101001000100011000011011101
11000100101101000110111011011011101
11000100110101001001011110011011101
11000100111101001100000000111011101
11000101000101001110100010111011101
11000101010001010001000100111011101
11000101010000101010111011011011101
11000101000100101101011101011011101
11000100111100101111111111011011101
11000100110100110010100001111011101
11000100101100110101000100111011101
11000100101000110111100111111011101
11000100100100111010001010111011101
11000100100100111100101110011011101
11000100001000111111010001111011101
11000100001001000001110101111011101
11000100001101000100011001111011101
11000100010001000110111101011011101
11000100011001001001100000011011101
11000100100001001100000011111011101
11000100101001001110100110011011101
11000100110101010001001000111011101
11000100110100101010110111011011101
11000100101000101101011001111011101
11000100100000101111111100011011101
11000100011000110010011111111011101
11000100010000110101000010111011101
11000100001100110111100110011011101
11000100001000111010001010011011101
11000100001000111100101110011011101
11000011110000111111010010011011101
11000011110001000001110110111011101
11000011110101000100011010111011101
11000011111001000110111110111011101
11000100000001001001100010111011101
11000100001001001100000110011011101
11000100010001001110101001111011101
11000100011101010001001100111011101
11000100011100101010110011011011101
11000100010000101101010110011011101
11000100001000101111111001111011101
11000100000000110010011101011011101
11000011111000110101000001011011101
11000011110100110111100101011011101
11000011110000111010001001011011101
11000011110000111100101101111011101
11000011010100111111010010011011101
11000011010101000001110111011011101
11000011011001000100011100011011101
11000011011101000111000000111011101
11000011100101001001100101011011101
11000011101101001100001001011011101
11000011110101001110101101011011101
11000100000001010001010000011011101
11000100000000101010101111111011101
11000011110100101101010010111011101
11000011101100101111110110111011101
11000011100100110010011010111011101
11000011011100110100111111011011101
11000011011000110111100011111011101
11000011010100111010001000111011101
11000011010100111100101101111011101
11000010111000111111010010111011101
11000010111101000001111000011011101
11000011000001000100011101111011101
11000011000101000111000010111011101
11000011001001001001100111111011101
11000011010001001100001100011011101
11000011011101001110110000111011101
11000011101001010001010100011011101
11000011101000101010101011111011101
11000011011100101101001111011011101
11000011010000101111110011111011101
11000011001000110010011000011011101
11000011000100110100111101011011101
11000011000000110111100010011011101
11000010111100111010000111111011101
11000010111000111100101101011011101
11000010100000111111010011011011101
11000010100001000001111000111011101
11000010100101000100011110111011101
11000010101001000111000100111011101
11000010110001001001101010011011101
11000010111001001100001111011011101
11000011000001001110110100011011101
11000011001101010001011000011011101
11000011001100101010100111111011101
11000011000000101101001011111011101
11000010111000101111110000111011101
11000010110000110010010101111011101
11000010101000110100111011011011101
11000010100100110111100001011011101
11000010100000111010000111011011101
11000010100000111100101100111011101
11000010000100111111010011011011101
11000010001001000001111001111011101
11000010001101000100100000011011101
11000010010001000111000110011011101
11000010010101001001101100011011101
11000010011101001100010010011011101
11000010101001001110110111011011101
11000010110101010001011100011011101
11000010110100101010100011111011101
11000010101000101101001000111011101
11000010011100101111101101111011101
11000010010100110010010011111011101
11000010010000110100111001111011101
11000010001100110111011111111011101
11000010001000111010000110011011101
11000010000100111100101100111011101
11000001101100111111010011111011101
11000001101101000001111010111011101
11000001110001000100100001111011101
11000001110101000111001000011011101
11000001111101001001101110111011101
11000010000101001100010101011011101
11000010001101001110111011011011101
11000010011001010001100000011011101
11000010011000101010011111111011101
11000010001100101101000101011011101
11000010000100101111101010111011101
11000001111100110010010001011011101
11000001110100110100110111111011101
11000001110000110111011110011011101
11000001101100111010000101011011101
11000001101100111100101100011011101
11001110011000111111001011111011101
11001110011001000001100011111011101
11001110011101000011111011011011101
11001110100001000110010010111011101
11001110101001001000101010011011101
11001110110001001011000001011011101
11001110111001001101010111111011101
11001111000001001111101110011011101
11001111000000101100010001111011101
11001110111000101110101000011011101
11001110110000110000111110111011101
11001110101000110011010101111011101
11001110100000110101101101011011101
11001110011100111000000100111011101
11001110011000111010011100011011101
11001110011000111100110100011011101
11001101111100111111001100011011101
11001110000001000001100100011011101
11001110000101000011111100011011101
11001110001001000110010100011011101
11001110001101001000101100011011101
11001110010101001011000011111011101
11001110011101001101011010111011101
11001110101001001111110001111011101
11001110101000101100001110011011101
11001110011100101110100101011011101
11001110010100110000111100011011101
11001110001100110011010011111011101
11001110001000110101101011111011101
11001110000100111000000011111011101
11001110000000111010011011111011101
11001101111100111100110011111011101
11001101100100111111001100011011101
11001101100101000001100100111011101
11001101101001000011111101011011101
11001101101101000110010101111011101
11001101110101001000101110011011101
11001101111001001011000110011011101
11001110000101001101011101111011101
11001110001101001111110101011011101
11001110001100101100001010111011101
11001110000100101110100010011011101
11001101111000110000111001111011101
11001101110100110011010001111011101
11001101101100110101101010011011101
11001101101000111000000010111011101
11001101100100111010011011011011101
11001101100100111100110011111011101
11001101001000111111001100111011101
11001101001101000001100101111011101
11001101001101000011111110111011101
11001101010101000110010111011011101
11001101011001001000110000011011101
11001101100001001011001000111011101
11001101101001001101100000111011101
11001101110101001111111000111011101
11001101110100101100000111011011101
11001101101000101110011111011011101
11001101100000110000110111011011101
11001101011000110011001111111011101
11001101010100110101101000111011101
11001101001100111000000001011011101
11001101001100111010011010011011101
11001101001000111100110011011011101
11001100110000111111001100111011101
11001100110001000001100110011011101
11001100110101000011111111111011101
11001100111001000110011001011011101
11001100111101001000110010011011101
11001101000101001011001011011011101
11001101010001001101100011111011101
11001101011001001111111100011011101
11001101011000101100000011111011101
11001101010000101110011100011011101
11001101000100110000110100111011101
11001100111100110011001101111011101
11001100111000110101100110111011101
11001100110100111000000000011011101
11001100110000111010011001111011101
11001100110000111100110011011011101
11001100010100111111001101011011101
11001100011001000001100110111011101
11001100011001000100000000111011101
11001100011101000110011010111011101
11001100100101001000110100011011101
11001100101101001011001101111011101
11001100110101001101100110111011101
11001101000001001111111111011011101
11001101000000101100000000111011101
11001100110100101110011001011011101
11001100101100110000110010011011101
11001100100100110011001011111011101
11001100011100110101100101011011101
11001100011000110111111111011011101
11001100011000111010011001011011101
11001100010100111100110010111011101
11001011111100111111001101011011101
11001011111101000001100111111011101
11001100000001000100000010011011101
11001100000101000110011100011011101
11001100001001001000110110011011101
11001100010001001011010000011011101
11001100011101001101101001111011101
11001100100101010000000010111011101
11001100100100101011111101011011101
11001100011100101110010110011011101
11001100010000110000101111111011101
11001100001000110011001001111011101
11001100000100110101100011111011101
11001100000000110111111101111011101
11001011111100111010011000011011101
11001011111100111100110010111011101
11001011100000111111001101011011101
11001011100001000001101000011011101
11001011100101000100000011011011101
11001011101001000110011101111011101
11001011110001001000111000011011101
11001011111001001011010010111011101
11001100000001001101101100111011101
11001100001101010000000110011011101
11001100001100101011111001111011101
11001100000000101110010011011011101
11001011111000110000101101011011101
11001011110000110011000111111011101
11001011101000110101100010011011101
11001011100100110111111100111011101
11001011100000111010010111111011101
11001011100000111100110010111011101
11001011001000111111001101111011101
11001011001001000001101001011011101
11001011001101000100000100011011101
11001011010001000110011111111011101
11001011010101001000111010111011101
11001011011101001011010101011011101
11001011100101001101101111111011101
11001011110001010000001001111011101
11001011110000101011110110011011101
11001011100100101110010000011011101
11001011011100110000101010111011101
11001011010100110011000101011011101
11001011010000110101100000011011101
11001011001100110111111011111011101
11001011001000111010010110111011101
11001011001000111100110010011011101
11001010101100111111001101111011101
11001010101101000001101001111011101
11001010110001000100000101111011101
11001010110101000110100001011011101
11001010111101001000111100111011101
11001011000101001011010111111011101
11001011001101001101110010111011101
11001011011001010000001101011011101
11001011011000101011110010111011101
11001011001100101110001101011011101
11001011000100110000101000011011101
11001010111100110011000011011011101
11001010110100110101011110111011101
11001010110000110111111010011011101
11001010101100111010010110011011101
11001010101100111100110010011011101
11001010010000111111001110011011101
11001010010101000001101010111011101
11001010011001000100000110111011101
11001010011101000110100010111011101
11001010100001001000111110111011101
11001010101001001011011010111011101
11001010110001001101110101111011101
11001010111101010000010000111011101
11001010111100101011101111011011101
11001010110000101110001010011011101
11001010101000110000100101011011101
11001010100000110011000001011011101
11001010011100110101011101011011101
11001010011000110111111001011011101
11001010010100111010010101011011101
11001010010000111100110001111011101
11001001111000111111001110011011101
11001001111001000001101011011011101
11001001111101000100000111111011101
11001010000001000110100100111011101
11001010001001001001000000111011101
11001010010001001011011101011011101
11001010011001001101111000111011101
11001010100101010000010100011011101
11001010100100101011101011111011101
11001010011000101110000111011011101
11001010010000110000100010111011101
11001010001000110010111111011011101
11001010000000110101011011011011101
11001001111100110111111000011011101
11001001111000111010010100111011101
11001001111000111100110001111011101
11001001011100111111001110111011101
11001001100001000001101011111011101
11001001100001000100001001011011101
11001001101001000110100110011011101
11001001101101001001000011011011101
11001001110101001011011111111011101
11001001111101001101111100011011101
11001010001001010000011000011011101
11001010001000101011100111111011101
11001001111100101110000011111011101
11001001110100110000100000011011101
11001001101100110010111100111011101
11001001101000110101011001111011101
11001001100000110111110110111011101
11001001100000111010010100011011101
11001001011100111100110001011011101
11001001000100111111001110111011101
11001001000101000001101100111011101
11001001001001000100001010011011101
11001001001101000110100111111011101
11001001010101001001000101011011101
11001001011101001011100010011011101
11001001100101001101111111011011101
11001001101101010000011011111011101
11001001101100101011100100011011101
11001001100100101110000000111011101
11001001011100110000011101111011101
11001001010100110010111010111011101
11001001001100110101011000011011101
11001001001000110111110101111011101
11001001000100111010010011011011101
11001001000100111100110001011011101
11001000101000111111001111011011101
11001000101101000001101101011011101
11001000101101000100001011111011101
11001000110101000110101001111011101
11001000111001001001000111111011101
11001001000001001011100101011011101
11001001001001001110000010011011101
11001001010101010000011111011011101
11001001010100101011100000111011101
11001001001000101101111101111011101
11001001000000110000011010111011101
11001000111000110010111000011011101
11001000110100110101010110011011101
11001000101100110111110100011011101
11001000101100111010010010111011101
11001000101000111100110000111011101
11001000010000111111001111011011101
11001000010001000001101110011011101
11001000010101000100001100111011101
11001000011001000110101011011011101
11001000100001001001001001111011101
11001000100101001011100111111011101
11001000110001001110000101111011101
11001000111001010000100010111011101
11001000111000101011011101011011101
11001000110000101101111010011011101
11001000100100110000011000011011101
11001000100000110010110110011011101
11001000011000110101010100111011101
11001000010100110111110011011011101
11001000010000111010010001111011101
11001000010000111100110000111011101
