11001011000100111110100110111011101
11001011001000111111110100111011101
11001011001001000001000010011011101
11001011001001000010001111111011101
11001011001001000011011101111011101
11001011001101000100101011011011101
11001011001101000101111000111011101
11001011010001000111000110011011101
11001011010101001000010011111011101
11001011011001001001100001011011101
11001011011101001010101110111011101
11001011100001001011111011111011101
11001011100101001101001001011011101
11001011101001001110010110011011101
11001011101101001111100011011011101
11001011110101010000110000011011101
11001011110100101011001111111011101
11001011101100101100011100111011101
11001011101000101101101001111011101
11001011100100101110110110111011101
11001011100000110000000100011011101
11001011011100110001010001011011101
11001011011000110010011110111011101
11001011010100110011101100011011101
11001011010000110100111001111011101
11001011001100110110000111011011101
11001011001100110111010100111011101
11001011001000111000100010011011101
11001011001000111001110000011011101
11001011001000111010111101111011101
11001011001000111100001011011011101
11001011000100111101011001011011101
11001010101100111110100110111011101
11001010101100111111110100111011101
11001010101101000001000010111011101
11001010110001000010010000111011101
11001010110001000011011110111011101
11001010110001000100101100111011101
11001010110101000101111010011011101
11001010111001000111001000011011101
11001010111001001000010101111011101
11001010111101001001100011111011101
11001011000001001010110001011011101
11001011000101001011111110111011101
11001011001001001101001100011011101
11001011010001001110011001011011101
11001011010101001111100110111011101
11001011011001010000110011111011101
11001011011000101011001100011011101
11001011010100101100011001011011101
11001011010000101101100110111011101
11001011001000101110110011111011101
11001011000100110000000001011011101
11001011000000110001001110111011101
11001010111100110010011100011011101
11001010111000110011101010011011101
11001010111000110100110111111011101
11001010110100110110000101111011101
11001010110000110111010011011011101
11001010110000111000100001011011101
11001010110000111001101111011011101
11001010101100111010111101011011101
11001010101100111100001011011011101
11001010101100111101011001011011101
11001010010000111110100111011011101
11001010010000111111110101011011101
11001010010101000001000011011011101
11001010010101000010010001111011101
11001010010101000011011111111011101
11001010011001000100101101111011101
11001010011001000101111011111011101
11001010011101000111001001111011101
11001010100001001000010111111011101
11001010100101001001100101111011101
11001010101001001010110011111011101
11001010101101001100000001011011101
11001010110001001101001111011011101
11001010110101001110011100111011101
11001010111001001111101010011011101
11001011000001010000110111111011101
11001011000000101011001000011011101
11001010111000101100010101111011101
11001010110100101101100011011011101
11001010110000101110110000111011101
11001010101100101111111110111011101
11001010101000110001001100011011101
11001010100100110010011010011011101
11001010100000110011101000011011101
11001010011100110100110110011011101
11001010011000110110000100011011101
11001010011000110111010010011011101
11001010010100111000100000011011101
11001010010100111001101110011011101
11001010010100111010111100111011101
11001010010000111100001010111011101
11001010010000111101011000111011101
11001001111000111110100111011011101
11001001111000111111110101111011101
11001001111001000001000100011011101
11001001111001000010010010011011101
11001001111101000011100000111011101
11001001111101000100101111011011101
11001010000001000101111101011011101
11001010000001000111001011111011101
11001010000101001000011001111011101
11001010001001001001101000011011101
11001010001101001010110110011011101
11001010010001001100000100011011101
11001010010101001101010010011011101
11001010011101001110011111111011101
11001010100001001111101101111011101
11001010100101010000111011011011101
11001010100100101011000100111011101
11001010100000101100010010011011101
11001010011100101101100000011011101
11001010010100101110101101111011101
11001010010000101111111011111011101
11001010001100110001001001111011101
11001010001000110010010111111011101
11001010000100110011100110011011101
11001010000000110100110100011011101
11001010000000110110000010111011101
11001001111100110111010000111011101
11001001111100111000011111011011101
11001001111000111001101101111011101
11001001111000111010111011111011101
11001001111000111100001010011011101
11001001111000111101011000111011101
11001001011100111110100111011011101
11001001011100111111110101111011101
11001001100001000001000100111011101
11001001100001000010010011011011101
11001001100001000011100001111011101
11001001100101000100110000011011101
11001001100101000101111111011011101
11001001101001000111001101111011101
11001001101101001000011011111011101
11001001110001001001101010011011101
11001001110101001010111000111011101
11001001111001001100000110111011101
11001001111101001101010101011011101
11001010000001001110100011011011101
11001010000101001111110001011011101
11001010001101010000111110111011101
11001010001100101011000001011011101
11001010000100101100001110111011101
11001010000000101101011100111011101
11001001111100101110101010111011101
11001001111000101111111001011011101
11001001110100110001000111011011101
11001001110000110010010101111011101
11001001101100110011100100011011101
11001001101000110100110010011011101
11001001100100110110000000111011101
11001001100100110111001111111011101
11001001100000111000011110011011101
11001001100000111001101100111011101
11001001100000111010111011011011101
11001001011100111100001010011011101
11001001011100111101011000111011101
11001001000100111110100111011011101
11001001000100111111110110011011101
11001001000101000001000101011011101
11001001000101000010010100011011101
11001001001001000011100010111011101
11001001001001000100110001111011101
11001001001101000110000000111011101
11001001001101000111001111011011101
11001001010001001000011101111011101
11001001010101001001101100111011101
11001001011001001010111011011011101
11001001011101001100001001111011101
11001001100001001101011000011011101
11001001100101001110100110011011101
11001001101101001111110100111011101
11001001110001010001000010111011101
11001001110000101010111101011011101
11001001101100101100001011011011101
11001001100100101101011001111011101
11001001100000101110100111111011101
11001001011100101111110110011011101
11001001011000110001000100111011101
11001001010100110010010011011011101
11001001010000110011100010011011101
11001001001100110100110000111011101
11001001001100110101111111011011101
11001001001000110111001110011011101
11001001001000111000011101011011101
11001001000100111001101011111011101
11001001000100111010111010111011101
11001001000100111100001001111011101
11001001000100111101011000111011101
11001000101000111110100111111011101
11001000101000111111110110111011101
11001000101001000001000101111011101
11001000101101000010010100111011101
11001000101101000011100100011011101
11001000110001000100110011011011101
11001000110001000110000010011011101
11001000110101000111010001011011101
11001000111001001000100000011011101
11001000111001001001101110111011101
11001000111101001010111101111011101
11001001000101001100001100011011101
11001001001001001101011011011011101
11001001001101001110101001111011101
11001001010001001111111000011011101
11001001011001010001000110011011101
11001001011000101010111001111011101
11001001010000101100000111111011101
11001001001100101101010110011011101
11001001001000101110100100111011101
11001001000100101111110011111011101
11001000111100110001000010011011101
11001000111000110010010001011011101
11001000111000110011011111111011101
11001000110100110100101110111011101
11001000110000110101111101111011101
11001000110000110111001100111011101
11001000101100111000011011111011101
11001000101100111001101011011011101
11001000101000111010111010011011101
11001000101000111100001001011011101
11001000101000111101011000011011101
11001000010000111110100111111011101
11001000010000111111110111011011101
11001000010001000001000110011011101
11001000010001000010010101111011101
11001000010101000011100101011011101
11001000010101000100110100011011101
11001000011001000110000011111011101
11001000011001000111010010111011101
11001000011101001000100010011011101
11001000100001001001110001011011101
11001000100101001011000000011011101
11001000101001001100001111011011101
11001000101101001101011110011011101
11001000110001001110101100111011101
11001000111001001111111011111011101
11001000111101010001001010011011101
11001000111100101010110101111011101
11001000111000101100000100011011101
11001000110000101101010011011011101
11001000101100101110100001111011101
11001000101000101111110000111011101
11001000100100110000111111111011101
11001000100000110010001110111011101
11001000011100110011011101111011101
11001000011000110100101101011011101
11001000011000110101111100011011101
11001000010100110111001011111011101
11001000010100111000011010111011101
11001000010000111001101010011011101
11001000010000111010111001111011101
11001000010000111100001000111011101
11001000010000111101011000011011101
11001110011000111110100101111011101
11001110011000111111110001111011101
11001110011001000000111101111011101
11001110011001000010001001011011101
11001110011101000011010101011011101
11001110011101000100100001011011101
11001110100001000101101100111011101
11001110100101000110111000111011101
11001110100101001000000100011011101
11001110101001001001001111111011101
11001110101101001010011011011011101
11001110110001001011100110111011101
11001110110101001100110010011011101
11001110111001001101111101111011101
11001111000001001111001000111011101
11001111000101010000010100011011101
11001111000100101011101011111011101
11001111000000101100110111011011101
11001110111000101110000010011011101
11001110110100101111001101111011101
11001110110000110000011001011011101
11001110101100110001100100111011101
11001110101000110010110000011011101
11001110100100110011111011111011101
11001110100100110101000111011011101
11001110100000110110010011011011101
11001110011100110111011110111011101
11001110011100111000101010111011101
11001110011000111001110110111011101
11001110011000111011000010011011101
11001110011000111100001110011011101
11001110011000111101011010011011101
11001101111100111110100110011011101
11001101111100111111110010011011101
11001110000001000000111110011011101
11001110000001000010001010011011101
11001110000001000011010110011011101
11001110000101000100100010011011101
11001110000101000101101110011011101
11001110001001000110111010011011101
11001110001101001000000110011011101
11001110010001001001010001111011101
11001110010001001010011101111011101
11001110010101001011101001011011101
11001110011101001100110101011011101
11001110100001001110000000111011101
11001110100101001111001100011011101
11001110101001010000010111111011101
11001110101000101011101000011011101
11001110100100101100110011111011101
11001110100000101101111111011011101
11001110011100101111001010111011101
11001110010100110000010110111011101
11001110010000110001100010011011101
11001110010000110010101110011011101
11001110001100110011111001111011101
11001110001000110101000101111011101
11001110000100110110010001111011101
11001110000100110111011101111011101
11001110000000111000101001111011101
11001110000000111001110101111011101
11001110000000111011000001111011101
11001101111100111100001101111011101
11001101111100111101011001111011101
11001101100100111110100110011011101
11001101100100111111110010011011101
11001101100101000000111110111011101
11001101100101000010001011011011101
11001101101001000011010111011011101
11001101101001000100100011111011101
11001101101101000101101111111011101
11001101101101000110111011111011101
11001101110001001000001000011011101
11001101110101001001010100011011101
11001101111001001010100000011011101
11001101111101001011101100011011101
11001110000001001100110111111011101
11001110000101001110000011111011101
11001110001101001111001111011011101
11001110010001010000011010111011101
11001110010000101011100101011011101
11001110001100101100110000111011101
11001110000100101101111100011011101
11001110000000101111001000011011101
11001101111100110000010011111011101
11001101111000110001011111111011101
11001101110100110010101011111011101
11001101110000110011110111111011101
11001101101100110101000100011011101
11001101101100110110010000011011101
11001101101000110111011100011011101
11001101101000111000101000111011101
11001101100100111001110100111011101
11001101100100111011000001011011101
11001101100100111100001101111011101
11001101100100111101011001111011101
11001101001000111110100110011011101
11001101001000111111110010111011101
11001101001101000000111111011011101
11001101001101000010001011111011101
11001101001101000011011000011011101
11001101010001000100100100111011101
11001101010001000101110001011011101
11001101010101000110111101111011101
11001101011001001000001010011011101
11001101011001001001010110011011101
11001101011101001010100010111011101
11001101100001001011101110111011101
11001101101001001100111010111011101
11001101101101001110000110111011101
11001101110001001111010010111011101
11001101110101010000011110011011101
11001101110100101011100001111011101
11001101110000101100101101011011101
11001101101100101101111001011011101
11001101101000101111000101011011101
11001101100000110000010001011011101
11001101011100110001011101011011101
11001101011000110010101001111011101
11001101011000110011110101111011101
11001101010100110101000010011011101
11001101010000110110001110111011101
11001101010000110111011011011011101
11001101001100111000100111111011101
11001101001100111001110100011011101
11001101001100111011000000111011101
11001101001000111100001101011011101
11001101001000111101011001111011101
11001100110000111110100110011011101
11001100110000111111110011011011101
11001100110001000000111111111011101
11001100110001000010001100111011101
11001100110101000011011001011011101
11001100110101000100100110011011101
11001100111001000101110010111011101
11001100111001000110111111011011101
11001100111101001000001011111011101
11001101000001001001011000011011101
11001101000101001010100100111011101
11001101001001001011110001011011101
11001101001101001100111101111011101
11001101010001001110001001111011101
11001101011001001111010101111011101
11001101011101010000100010011011101
11001101011100101011011101111011101
11001101011000101100101010011011101
11001101010000101101110110011011101
11001101001100101111000010011011101
11001101001000110000001110111011101
11001101000100110001011011011011101
11001101000000110010100111111011101
11001100111100110011110100011011101
11001100111000110101000000111011101
11001100111000110110001101011011101
11001100110100110111011001111011101
11001100110100111000100110111011101
11001100110000111001110011011011101
11001100110000111011000000011011101
11001100110000111100001100111011101
11001100110000111101011001111011101
11001100010100111110100110111011101
11001100010100111111110011111011101
11001100010101000001000000111011101
11001100011001000010001101011011101
11001100011001000011011010011011101
11001100011101000100100111011011101
11001100011101000101110100011011101
11001100100001000111000001011011101
11001100100101001000001101111011101
11001100100101001001011010111011101
11001100101001001010100111011011101
11001100101101001011110011111011101
11001100110001001101000000011011101
11001100111001001110001100111011101
11001100111101001111011001011011101
11001101000001010000100101111011101
11001101000000101011011010011011101
11001100111100101100100110111011101
11001100111000101101110011011011101
11001100110000101110111111111011101
11001100101100110000001100011011101
11001100101000110001011000111011101
11001100100100110010100101011011101
11001100100100110011110010011011101
11001100100000110100111110111011101
11001100011100110110001011111011101
11001100011100110111011000111011101
11001100011000111000100101111011101
11001100011000111001110010111011101
11001100010100111010111111011011101
11001100010100111100001100011011101
11001100010100111101011001011011101
11001011111100111110100110111011101
11001011111100111111110011111011101
11001011111101000001000001011011101
11001011111101000010001110011011101
11001100000001000011011011011011101
11001100000001000100101000111011101
11001100000101000101110101111011101
11001100000101000111000010111011101
11001100001001001000001111111011101
11001100001101001001011100111011101
11001100010001001010101001111011101
11001100010101001011110110111011101
11001100011001001101000011011011101
11001100011101001110010000011011101
11001100100001001111011100111011101
11001100101001010000101001011011101
11001100101000101011010110111011101
11001100100000101100100011011011101
11001100011100101101101111111011101
11001100011000101110111100111011101
11001100010100110000001001011011101
11001100010000110001010110011011101
11001100001100110010100011011011101
11001100001000110011110000011011101
11001100000100110100111101011011101
11001100000100110110001010011011101
11001100000000110111010111011011101
11001100000000111000100100111011101
11001011111100111001110001111011101
11001011111100111010111110111011101
11001011111100111100001100011011101
11001011111100111101011001011011101
11001011100000111110100110111011101
11001011100000111111110100011011101
11001011100001000001000001111011101
11001011100101000010001111011011101
11001011100101000011011100111011101
11001011100101000100101001111011101
11001011101001000101110111011011101
11001011101101000111000100111011101
11001011101101001000010001111011101
11001011110001001001011111011011101
11001011110101001010101100011011101
11001011111001001011111001011011101
11001011111101001101000110011011101
11001100000101001110010011011011101
11001100001001001111011111111011101
11001100001101010000101100111011101
11001100001100101011010011011011101
11001100001000101100100000011011101
11001100000100101101101100111011101
11001011111100101110111001111011101
11001011111000110000000110111011101
11001011110100110001010011111011101
11001011110000110010100000111011101
11001011101100110011101110011011101
11001011101100110100111011011011101
11001011101000110110001000111011101
11001011100100110111010110011011101
11001011100100111000100011011011101
11001011100100111001110000111011101
11001011100000111010111110011011101
11001011100000111100001011111011101
11001011100000111101011001011011101
