11000100100100111110101000111011101
11000100100100111111111010111011101
11000100100101000001001100011011101
11000100100101000010011101111011101
11000100101001000011101111011011101
11000100101001000101000001011011101
11000100101101000110010010111011101
11000100101101000111100100011011101
11000100110001001000110101011011101
11000100110101001010000110111011101
11000100111001001011011000011011101
11000100111101001100101001011011101
11000101000001001101111010011011101
11000101001001001111001011011011101
11000101001101010000011100011011101
11000101010101010001101101011011101
11000101010100101010010010111011101
11000101001100101011100011111011101
11000101001000101100110100111011101
11000101000000101110000101111011101
11000100111100101111010110111011101
11000100111000110000100111111011101
11000100110100110001111001011011101
11000100110000110011001010111011101
11000100101100110100011011111011101
11000100101100110101101101011011101
11000100101000110110111110111011101
11000100101000111000010000111011101
11000100100100111001100010011011101
11000100100100111010110011111011101
11000100100100111100000101011011101
11000100100100111101010111011011101
11000100001000111110101000111011101
11000100001000111111111010111011101
11000100001001000001001100111011101
11000100001101000010011110111011101
11000100001101000011110000111011101
11000100010001000101000010011011101
11000100010001000110010100011011101
11000100010101000111100101111011101
11000100011001001000110111111011101
11000100011101001010001001011011101
11000100100001001011011010111011101
11000100100101001100101100011011101
11000100101001001101111101111011101
11000100101101001111001110111011101
11000100110001010000100000011011101
11000100111001010001110001011011101
11000100111000101010001110111011101
11000100110000101011011111111011101
11000100101100101100110001011011101
11000100101000101110000010011011101
11000100100100101111010011111011101
11000100100000110000100101011011101
11000100011100110001110110111011101
11000100011000110011001000011011101
11000100010100110100011010011011101
11000100010000110101101011111011101
11000100010000110110111101111011101
11000100001100111000001111011011101
11000100001100111001100001011011101
11000100001000111010110011011011101
11000100001000111100000101011011101
11000100001000111101010111011011101
11000011101100111110101001011011101
11000011110000111111111011011011101
11000011110001000001001101011011101
11000011110001000010011111111011101
11000011110001000011110001111011101
11000011110101000101000011111011101
11000011111001000110010101111011101
11000011111001000111100111111011101
11000011111101001000111001111011101
11000100000001001010001011111011101
11000100000101001011011101111011101
11000100001001001100101111011011101
11000100001101001110000000111011101
11000100010101001111010010011011101
11000100011001010000100011111011101
11000100011101010001110101011011101
11000100011100101010001010111011101
11000100011000101011011100011011101
11000100010100101100101101111011101
11000100001100101101111111011011101
11000100001000101111010000111011101
11000100000100110000100010011011101
11000100000000110001110100011011101
11000011111100110011000110011011101
11000011111000110100011000011011101
11000011111000110101101010011011101
11000011110100110110111100011011101
11000011110000111000001110011011101
11000011110000111001100000011011101
11000011110000111010110010111011101
11000011110000111100000100111011101
11000011101100111101010110111011101
11000011010100111110101001011011101
11000011010100111111111011111011101
11000011010101000001001110011011101
11000011011001000010100000111011101
11000011011001000011110010111011101
11000011011001000101000101011011101
11000011011101000110010111111011101
11000011100001000111101001111011101
11000011100101001000111100011011101
11000011100101001010001110011011101
11000011101001001011100000011011101
11000011110001001100110010011011101
11000011110101001110000100011011101
11000011111001001111010110011011101
11000011111101010000100111111011101
11000100000101010001111001011011101
11000100000100101010000110111011101
11000011111100101011011000011011101
11000011111000101100101010011011101
11000011110100101101111011111011101
11000011110000101111001101111011101
11000011101000110000011111111011101
11000011100100110001110001111011101
11000011100100110011000011111011101
11000011100000110100010110011011101
11000011011100110101101000011011101
11000011011000110110111010111011101
11000011011000111000001101011011101
11000011011000111001011111011011101
11000011010100111010110001111011101
11000011010100111100000100011011101
11000011010100111101010110111011101
11000010111000111110101001011011101
11000010111000111111111100011011101
11000010111101000001001110111011101
11000010111101000010100001111011101
11000010111101000011110100011011101
11000011000001000101000110111011101
11000011000001000110011001011011101
11000011000101000111101011111011101
11000011001001001000111110011011101
11000011001101001010010000111011101
11000011010001001011100011011011101
11000011010101001100110101011011101
11000011011001001110000111111011101
11000011100001001111011001111011101
11000011100101010000101011111011101
11000011101001010001111101011011101
11000011101000101010000010111011101
11000011100100101011010100011011101
11000011100000101100100110011011101
11000011011000101101111000011011101
11000011010100101111001010111011101
11000011010000110000011100111011101
11000011001100110001101111011011101
11000011001000110011000001111011101
11000011000100110100010100011011101
11000011000000110101100110111011101
11000011000000110110111001011011101
11000010111100111000001011111011101
11000010111100111001011110011011101
11000010111100111010110001011011101
11000010111000111100000011111011101
11000010111000111101010110111011101
11000010100000111110101001111011101
11000010100000111111111100111011101
11000010100001000001001111011011101
11000010100001000010100010011011101
11000010100101000011110101011011101
11000010100101000101001000011011101
11000010101001000110011011011011101
11000010101101000111101101111011101
11000010101101001001000000111011101
11000010110001001010010011011011101
11000010110101001011100101111011101
11000010111001001100111000011011101
11000011000001001110001010111011101
11000011000101001111011101011011101
11000011001001010000101111011011101
11000011010001010010000001011011101
11000011010000101001111110111011101
11000011001000101011010000111011101
11000011000100101100100010111011101
11000011000000101101110101011011101
11000010111000101111000111111011101
11000010110100110000011010011011101
11000010110000110001101100111011101
11000010101100110010111111011011101
11000010101100110100010010011011101
11000010101000110101100100111011101
11000010100100110110110111111011101
11000010100100111000001010111011101
11000010100000111001011101111011101
11000010100000111010110000111011101
11000010100000111100000011111011101
11000010100000111101010110011011101
11000010000100111110101001111011101
11000010000100111111111100111011101
11000010001001000001010000011011101
11000010001001000010100011011011101
11000010001001000011110110111011101
11000010001101000101001001111011101
11000010001101000110011100111011101
11000010010001000111101111111011101
11000010010101001001000010111011101
11000010011001001010010101111011101
11000010011101001011101000111011101
11000010100001001100111011111011101
11000010100101001110001110011011101
11000010101001001111100000111011101
11000010110001010000110011011011101
11000010110101010010000101111011101
11000010110100101001111010011011101
11000010110000101011001100111011101
11000010101000101100011111011011101
11000010100100101101110001111011101
11000010100000101111000100011011101
11000010011100110000010111011011101
11000010011000110001101010011011101
11000010010100110010111101011011101
11000010010000110100010000011011101
11000010001100110101100011011011101
11000010001100110110110110011011101
11000010001000111000001001011011101
11000010001000111001011100111011101
11000010001000111010101111111011101
11000010000100111100000011011011101
11000010000100111101010110011011101
11000001101100111110101001111011101
11000001101100111111111101011011101
11000001101101000001010000111011101
11000001101101000010100100011011101
11000001110001000011110111111011101
11000001110001000101001011011011101
11000001110101000110011110111011101
11000001111001000111110001111011101
11000001111001001001000101011011101
11000001111101001010011000011011101
11000010000001001011101011111011101
11000010000101001100111110111011101
11000010001101001110010001111011101
11000010010001001111100100011011101
11000010010101010000110111011011101
11000010011101010010001001111011101
11000010011100101001110110011011101
11000010010100101011001000111011101
11000010010000101100011011111011101
11000010001100101101101110011011101
11000010000100101111000001011011101
11000010000000110000010100011011101
11000001111100110001100111111011101
11000001111000110010111010111011101
11000001111000110100001110011011101
11000001110100110101100001011011101
11000001110000110110110100111011101
11000001110000111000001000011011101
11000001101100111001011011111011101
11000001101100111010101111011011101
11000001101100111100000010111011101
11000001101100111101010110011011101
11000111110100111110100111111011101
11000111110100111111110111011011101
11000111110101000001000111011011101
11000111111001000010010110111011101
11000111111001000011100110011011101
11000111111001000100110101111011101
11000111111101000110000101011011101
11001000000001000111010100111011101
11001000000101001000100100011011101
11001000000101001001110011111011101
11001000001001001011000010111011101
11001000001101001100010010011011101
11001000010101001101100001011011101
11001000011001001110110000011011101
11001000011101001111111111011011101
11001000100101010001001101111011101
11001000100100101010110010011011101
11001000011100101100000000111011101
11001000011000101101001111111011101
11001000010100101110011110111011101
11001000001100101111101101111011101
11001000001000110000111101011011101
11001000000100110010001100011011101
11001000000100110011011011111011101
11001000000000110100101011011011101
11000111111100110101111010111011101
11000111111000110111001010011011101
11000111111000111000011001111011101
11000111111000111001101001011011101
11000111110100111010111000111011101
11000111110100111100001000111011101
11000111110100111101011000011011101
11000111011000111110100111111011101
11000111011100111111110111111011101
11000111011101000001000111111011101
11000111011101000010010111111011101
11000111011101000011100111011011101
11000111100001000100110111011011101
11000111100101000110000110111011101
11000111100101000111010110111011101
11000111101001001000100110011011101
11000111101101001001110101111011101
11000111110001001011000101011011101
11000111110101001100010100111011101
11000111111001001101100100011011101
11000111111101001110110011111011101
11001000000101010000000010111011101
11001000001001010001010001111011101
11001000001000101010101110011011101
11001000000100101011111101011011101
11000111111100101101001100011011101
11000111111000101110011011111011101
11000111110100101111101011011011101
11000111110000110000111010111011101
11000111101100110010001010011011101
11000111101000110011011001111011101
11000111100100110100101001011011101
11000111100100110101111001011011101
11000111100000110111001000111011101
11000111011100111000011000111011101
11000111011100111001101000011011101
11000111011100111010111000011011101
11000111011100111100001000011011101
11000111011000111101011000011011101
11000111000000111110101000011011101
11000111000000111111111000011011101
11000111000001000001001000011011101
11000111000101000010011000011011101
11000111000101000011101000111011101
11000111000101000100111000111011101
11000111001001000110001000111011101
11000111001101000111011000111011101
11000111001101001000101000011011101
11000111010001001001111000011011101
11000111010101001011001000011011101
11000111011001001100010111111011101
11000111100001001101100111011011101
11000111100101001110110110111011101
11000111101001010000000110011011101
11000111110001010001010101111011101
11000111110000101010101010011011101
11000111101000101011111001111011101
11000111100100101101001001011011101
11000111100000101110011000111011101
11000111011000101111101000011011101
11000111010100110000110111111011101
11000111010000110010000111111011101
11000111001100110011010111111011101
11000111001100110100100111011011101
11000111001000110101110111011011101
11000111000100110111000111011011101
11000111000100111000010111011011101
11000111000100111001100111111011101
11000111000000111010110111111011101
11000111000000111100000111111011101
11000111000000111101010111111011101
11000110100100111110101000011011101
11000110100100111111111000111011101
11000110101001000001001000111011101
11000110101001000010011001011011101
11000110101001000011101001111011101
11000110101101000100111001111011101
11000110101101000110001010011011101
11000110110001000111011010011011101
11000110110101001000101010111011101
11000110111001001001111010111011101
11000110111101001011001010111011101
11000111000001001100011010111011101
11000111000101001101101010111011101
11000111001001001110111010011011101
11000111010001010000001001111011101
11000111010101010001011001011011101
11000111010100101010100110111011101
11000111010000101011110110011011101
11000111001000101101000101111011101
11000111000100101110010101011011101
11000111000000101111100101011011101
11000110111100110000110101011011101
11000110111000110010000101011011101
11000110110100110011010101011011101
11000110110000110100100101111011101
11000110101100110101110101111011101
11000110101100110111000110011011101
11000110101000111000010110011011101
11000110101000111001100110111011101
11000110101000111010110111011011101
11000110100100111100000111011011101
11000110100100111101010111111011101
11000110001100111110101000011011101
11000110001100111111111000111011101
11000110001101000001001001111011101
11000110001101000010011010011011101
11000110010001000011101010111011101
11000110010001000100111011011011101
11000110010101000110001011111011101
11000110011001000111011100011011101
11000110011001001000101100111011101
11000110011101001001111101011011101
11000110100001001011001101011011101
11000110100101001100011101111011101
11000110101001001101101101111011101
11000110110001001110111101111011101
11000110110101010000001101111011101
11000110111101010001011101011011101
11000110111100101010100010111011101
11000110110100101011110010011011101
11000110110000101101000010011011101
11000110101000101110010010011011101
11000110100100101111100010011011101
11000110100000110000110010111011101
11000110011100110010000010111011101
11000110011000110011010011011011101
11000110011000110100100011111011101
11000110010100110101110100011011101
11000110010000110111000100111011101
11000110010000111000010101011011101
11000110001100111001100101111011101
11000110001100111010110110011011101
11000110001100111100000111011011101
11000110001100111101010111111011101
11000101110000111110101000011011101
11000101110000111111111001011011101
11000101110101000001001010011011101
11000101110101000010011011011011101
11000101110101000011101011111011101
11000101111001000100111100111011101
11000101111001000110001101111011101
11000101111101000111011110011011101
11000110000001001000101110111011101
11000110000101001001111111011011101
11000110001001001011010000011011101
11000110001101001100100000011011101
11000110010001001101110000111011101
11000110010101001111000001011011101
11000110011101010000010001011011101
11000110100001010001100001011011101
11000110100000101010011110111011101
11000110011100101011101110111011101
11000110010100101100111110111011101
11000110010000101110001111011011101
11000110001100101111011111111011101
11000110001000110000101111111011101
11000110000100110010000000111011101
11000110000000110011010001011011101
11000101111100110100100001111011101
11000101111000110101110010011011101
11000101111000110111000011011011101
11000101110100111000010100011011101
11000101110100111001100100111011101
11000101110100111010110101111011101
11000101110000111100000110111011101
11000101110000111101010111111011101
11000101011000111110101000111011101
11000101011000111111111001111011101
11000101011001000001001010111011101
11000101011001000010011100011011101
11000101011101000011101101011011101
11000101011101000100111110011011101
11000101100001000110001111011011101
11000101100001000111100000011011101
11000101100101001000110001011011101
11000101101001001010000001111011101
11000101101101001011010010111011101
11000101110001001100100011011011101
11000101110101001101110011111011101
11000101111101001111000100111011101
11000110000001010000010100111011101
11000110001001010001100101011011101
11000110001000101010011010111011101
11000110000000101011101011011011101
11000101111100101100111011011011101
11000101110100101110001100011011101
11000101110000101111011100111011101
11000101101100110000101101011011101
11000101101000110001111110011011101
11000101100100110011001110111011101
11000101100000110100011111111011101
11000101100000110101110000111011101
11000101011100110111000001111011101
11000101011100111000010010111011101
11000101011000111001100011111011101
11000101011000111010110101011011101
11000101011000111100000110011011101
11000101011000111101010111011011101
11000100111100111110101000111011101
11000100111100111111111010011011101
11000100111101000001001011111011101
11000101000001000010011100111011101
11000101000001000011101110011011101
11000101000101000100111111111011101
11000101000101000110010000111011101
11000101001001000111100010011011101
11000101001101001000110011011011101
11000101010001001010000100011011101
11000101010101001011010101011011101
11000101011001001100100110011011101
11000101011101001101110111011011101
11000101100001001111000111111011101
11000101101001010000011000111011101
11000101101101010001101001011011101
11000101101100101010010110111011101
11000101101000101011100111011011101
11000101100000101100111000011011101
11000101011100101110001000111011101
11000101011000101111011001111011101
11000101010100110000101010111011101
11000101010000110001111011111011101
11000101001100110011001100111011101
11000101001000110100011101111011101
11000101000100110101101111011011101
11000101000100110111000000011011101
11000101000000111000010001111011101
11000101000000111001100011011011101
11000100111100111010110100011011101
11000100111100111100000101111011101
11000100111100111101010111011011101
