10011000010000001001111100111101111
10011000010000001101110110011101111
10011000010100010001101111011101111
10011000011100010101100111011101111
10011000101000011001011111011101111
10011000110100011101010101111101111
10011001000000100001001011011101111
10011001010100100100111111011101111
10011001010111101011000000111101111
10011001000011101110110100111101111
10011000110111110010101010011101111
10011000101011110110100000111101111
10011000011111111010011000111101111
10011000010111111110010000111101111
10011000010000000010001001111101111
10011000010000000110000011011101111
10010111110100001001111101011101111
10010111111000001101110111111101111
10010111111100010001110010011101111
10011000000100010101101011111101111
10011000001100011001100100111101111
10011000011000011101011100011101111
10011000101000100001010010111101111
10011000111000100101001000011101111
10011000111011101010110111111101111
10011000101011101110101101011101111
10011000011011110010100011111101111
10011000001111110110011011011101111
10011000000111111010010100011101111
10010111111111111110001101111101111
10010111111000000010001000011101111
10010111110100000110000010111101111
10010111011100001001111101111101111
10010111011100001101111001111101111
10010111100000010001110101011101111
10010111101000010101101111111101111
10010111110100011001101010011101111
10011000000000011101100011011101111
10011000001100100001011010111101111
10011000100000100101010001011101111
10011000100011101010101110111101111
10011000001111101110100101011101111
10011000000011110010011100111101111
10010111110111110110010101111101111
10010111101011111010010000011101111
10010111100011111110001010111101111
10010111011100000010000110011101111
10010111011100000110000010011101111
10010111000000001001111110111101111
10010111000100001101111011111101111
10010111001000010001111000011101111
10010111010000010101110100011101111
10010111011000011001101111111101111
10010111100100011101101001111101111
10010111110100100001100010111101111
10011000000100100101011010011101111
10011000000111101010100101111101111
10010111110111101110011101011101111
10010111100111110010010110011101111
10010111011011110110010000011101111
10010111010011111010001011111101111
10010111001011111110000111111101111
10010111000100000010000100011101111
10010111000000000110000001011101111
10010110100100001001111111011101111
10010110101000001101111101011101111
10010110101100010001111011011101111
10010110110100010101111000111101111
10010111000000011001110101011101111
10010111001100011101110000111101111
10010111011000100001101010111101111
10010111101100100101100011011101111
10010111101111101010011100111101111
10010111011011101110010101011101111
10010111001111110010001111011101111
10010111000011110110001010111101111
10010110110111111010000111011101111
10010110101111111110000100111101111
10010110101000000010000010111101111
10010110100100000110000000111101111
10010110001100001001111111111101111
10010110001100001101111111011101111
10010110010100010001111110111101111
10010110011100010101111101011101111
10010110100100011001111010111101111
10010110110000011101110111111101111
10010111000000100001110010111101111
10010111010000100101101100111101111
10010111010011101010010011011101111
10010111000011101110001101011101111
10010110110011110010001000011101111
10010110100111110110000101011101111
10010110011111111010000010111101111
10010110010111111110000001011101111
10010110001100000010000000111101111
10010110001100000110000000011101111
10010101110000001010000000011101111
10010101110100001110000001011101111
10010101111000010010000001111101111
10010110000000010110000001111101111
10010110001100011010000000111101111
10010110011000011101111110011101111
10010110100100100001111011011101111
10010110111000100101110110011101111
10010110111011101010001001111101111
10010110100111101110000100111101111
10010110011011110010000001111101111
10010110001111110101111111011101111
10010110000011111001111110011101111
10010101111011111101111110011101111
10010101110100000001111110111101111
10010101110000000101111111111101111
10010101011000001010000001011101111
10010101011000001110000011011101111
10010101100000010010000100111101111
10010101101000010110000110011101111
10010101110000011010000110011101111
10010101111100011110000101011101111
10010110001100100010000011011101111
10010110011100100101111111111101111
10010110011111101010000000011101111
10010110001111101101111100111101111
10010101111111110001111010111101111
10010101110011110101111001111101111
10010101101011111001111001111101111
10010101100011111101111011011101111
10010101011000000001111100111101111
10010101011000000101111110111101111
10010100111100001010000001111101111
10010101000000001110000101011101111
10010101000100010010001000011101111
10010101001100010110001010111101111
10010101011000011010001100011101111
10010101100100011110001100111101111
10010101110000100010001011111101111
10010110000100100110001001011101111
10010110000111101001110110111101111
10010101110011101101110100011101111
10010101100111110001110011011101111
10010101011011110101110011111101111
10010101001111111001110101011101111
10010101000111111101110111111101111
10010101000000000001111010111101111
10010100111100000101111110011101111
10010100100100001010000010011101111
10010100100100001110000111011101111
10010100101100010010001011111101111
10010100110000010110001111011101111
10010100111100011010010010011101111
10010101001000011110010011111101111
10010101011000100010010100011101111
10010101101000100110010010111101111
10010101101011101001101101011101111
10010101011011101101101011111101111
10010101001011110001101100011101111
10010100111111110101101101111101111
10010100110011111001110000111101111
10010100101111111101110100011101111
10010100100100000001111000111101111
10010100100100000101111101111101111
10010100001000001010000011011101111
10010100001100001110001001011101111
10010100010000010010001110111101111
10010100011000010110010011111101111
10010100100000011010011000011101111
10010100110000011110011010111101111
10010100111100100010011100111101111
10010101010000100110011100111101111
10010101010011101001100011011101111
10010100111111101101100011011101111
10010100110011110001100101011101111
10010100100011110101100111111101111
10010100011011111001101100011101111
10010100010011111101110001011101111
10010100001100000001110110111101111
10010100001000000101111100111101111
10010011110000001010000011111111111
10010011110000001110001011011111111
10010011110100010010010010011111111
10010011111100010110011000111111111
10010100001000011010011110011101111
10010100010100011110100010011101111
10010100100100100010100101011101111
10010100110100100110100110011101111
10010100110111101001011001111101111
10010100100111101101011010111101111
10010100010111110001011101111101111
10010100001011110101100001111101111
10010011111111111001100111011111111
10010011110111111101101101111111111
10010011110000000001110100111111111
10010011110000000101111100011111111
10010011010100001010000100011111111
10010011011000001110001101011111111
10010011011100010010010101111111111
10010011100100010110011101011111111
10010011101100011010100100011111111
10010011111100011110101001111111111
10010100001000100010101101111101111
10010100011100100110110000011101111
10010100011111101001001111111101111
10010100001011101101010010011101111
10010011111111110001010110011111111
10010011101111110101011011111111111
10010011100111111001100010111111111
10010011011111111101101010011111111
10010011011000000001110010111111111
10010011010100000101111011111111111
10010010111000001010000101011111111
10010010111100001110001111011111111
10010011000000010010011001011111111
10010011001000010110100010011111111
10010011010100011010101010011111111
10010011100000011110110001011111111
10010011110000100010110110111111111
10010100000000100110111010011111111
10010100000011101001000101111111111
10010011110011101101001001011111111
10010011100011110001001110111111111
10010011010111110101010101111111111
10010011001011111001011101111111111
10010011000011111101100110111111111
10010010111100000001110000111111111
10010010111000000101111010111111111
10010010100000001010000101111111111
10010010100100001110010001011111111
10010010101000010010011100111111111
10010010110000010110100110111111111
10010010111000011010110000011111111
10010011001000011110111000111111111
10010011011000100010111111011111111
10010011101000100111000100111111111
10010011101011101000111011011111111
10010011011011101101000000111111111
10010011001011110001000111011111111
10010010111011110101001111111111111
10010010110011111001011001011111111
10010010101011111101100011011111111
10010010100100000001101110111111111
10010010100000000101111010011111111
10010010000100001010000110111111111
10010010001000001110010011111111111
10010010001100010010100000011111111
10010010010100010110101011111111111
10010010100000011010110110111111111
10010010101100011111000000011111111
10010010111100100011001000011111111
10010011010000100111001110111111111
10010011010011101000110001011111111
10010010111111101100110111111111111
10010010101111110000111111111111111
10010010100011110101001001011111111
10010010010111111001010100011111111
10010010001111111101011111111111111
10010010001000000001101100011111111
10010010000100000101111001011111111
10011110110100001001110011111101110
10011110110100001101011010111101110
10011110111000010001000010011101110
10011111000000010100101000111101110
10011111001000011000001110111101110
10011111010100011011110011111101110
10011111100000011111010111111101110
10011111110000100010111011011101110
10011111110011101101000100111101110
10011111100011110000101000011101110
10011111010111110100001100011101110
10011111001011110111110001011101110
10011111000011111011010111011101110
10011110111011111110111101111101110
10011110110100000010100101011101110
10011110110100000110001100011101110
10011110011000001001110100011101111
10011110011100001101011100111101111
10011110100000010001000100111101111
10011110100100010100101100011101111
10011110110000011000010011011101110
10011110111000011011111001011101110
10011111001000011111011110111101110
10011111011000100011000010111101110
10011111011011101100111101011101110
10011111001011110000100001011101110
10011110111011110100000110111101110
10011110110011110111101100111101110
10011110100111111011010011111101111
10011110100011111110111011011101111
10011110011100000010100011011101111
10011110011000000110001011111101111
10011101111100001001110100111101111
10011110000000001101011110011101111
10011110000100010001000111011101111
10011110001100010100101111111101111
10011110010100011000011000011101111
10011110100000011011111111011101111
10011110101100011111100101011101110
10011110111100100011001010011101110
10011110111111101100110101111101110
10011110101111110000011010111101110
10011110100011110100000000111101111
10011110010111110111100111111101111
10011110001111111011010000011101111
10011110000111111110111000111101111
10011110000000000010100001111101111
10011101111100000110001011011101111
10011101100100001001110101011101111
10011101100100001101011111111101111
10011101101100010001001001111101111
10011101110000010100110011111101111
10011101111100011000011100111101111
10011110000100011100000101011101111
10011110010100011111101100011101111
10011110100100100011010010011101111
10011110100111101100101101111101111
10011110010111110000010011111101111
10011110000111110011111010111101111
10011101111111110111100011011101111
10011101110011111011001100011101111
10011101101111111110110110011101111
10011101100100000010100000011101111
10011101100100000110001010111101111
10011101001000001001110101111101111
10011101001100001101100001011101111
10011101010000010001001100111101111
10011101011000010100110111011101111
10011101100000011000100001111101111
10011101101100011100001010111101111
10011101111000011111110011011101111
10011110001000100011011010011101111
10011110001011101100100101111101111
10011101111011110000001100111101111
10011101101111110011110101011101111
10011101100011110111011110011101111
10011101011011111011001000111101111
10011101010011111110110011011101111
10011101001100000010011110111101111
10011101001000000110001010011101111
10011100110000001001110110011101111
10011100110000001101100011011101111
10011100110100010001001111011101111
10011100111100010100111011011101111
10011101001000011000100110011101111
10011101010000011100010000111101111
10011101100000011111111010011101111
10011101110000100011100010011101111
10011101110011101100011101111101111
10011101100011110000000101111101111
10011101010011110011101111011101111
10011101001011110111011001111101111
10011100111111111011000100111101111
10011100110111111110110000111101111
10011100110000000010011100111101111
10011100110000000110001001111101111
10011100010100001001110110111101111
10011100011000001101100100111101111
10011100011100010001010010011101111
10011100100100010100111111011101111
10011100101100011000101011011101111
10011100111000011100010110111101111
10011101000100100000000001011101111
10011101010100100011101010011101111
10011101010111101100010101111101111
10011101000111101111111110111101111
10011100111011110011101001011101111
10011100101111110111010100111101111
10011100100111111011000000111101111
10011100011111111110101101111101111
10011100011000000010011011011101111
10011100010100000110001001011101111
10011011111100001001110111011101111
10011011111100001101100110011101111
10011100000000010001010100111101111
10011100001000010101000010111101111
10011100010000011000110000011101111
10011100011100011100011100111101111
10011100101100100000001000011101111
10011100111100100011110010011101111
10011100111111101100001101111101111
10011100101111101111110111111101111
10011100011111110011100011011101111
10011100010011110111001111111101111
10011100001011111010111101011101111
10011100000011111110101011011101111
10011011111100000010011001111101111
10011011111100000110001000111101111
10011011100000001001111000011101111
10011011100100001101101000011101111
10011011101000010001010111111101111
10011011110000010101000110111101111
10011011111000011000110101011101111
10011100000100011100100010111101111
10011100010000100000001111011101111
10011100100000100011111010111101111
10011100100011101100000101011101111
10011100010011101111110000111101111
10011100000111110011011101011101111
10011011111011110111001010111101111
10011011110011111010111001011101111
10011011101011111110101000011101111
10011011100100000010010111111101111
10011011100000000110000111111101111
10011011001000001001111000111101111
10011011001000001101101001111101111
10011011001100010001011010111101111
10011011010100010101001010111101111
10011011011100011000111010011101111
10011011101000011100101001011101111
10011011111000100000010110111101111
10011100001000100100000010111101111
10011100001011101011111101011101111
10011011111011101111101001011101111
10011011101011110011010110111101111
10011011011111110111000101111101111
10011011010111111010110101011101111
10011011001111111110100101011101111
10011011001000000010010110011101111
10011011001000000110000111011101111
10011010101100001001111001011101111
10011010110000001101101011011101111
10011010110100010001011101011101111
10011010111100010101001110111101111
10011011000100011000111111011101111
10011011010000011100101111011101111
10011011011100100000011101111101111
10011011101100100100001011011101111
10011011101111101011110100111101111
10011011011111101111100010011101111
10011011010011110011010000111101111
10011011000111110111000000111101111
10011010111111111010110001011101111
10011010110111111110100010111101111
10011010110000000010010100111101111
10011010101100000110000110111101111
10011010010000001001111001111101111
10011010010100001101101101011101111
10011010011000010001100000011101111
10011010100000010101010010111101111
10011010101000011001000100111101111
10011010110100011100110101111101111
10011011000100100000100101011101111
10011011010100100100010011111101111
10011011010111101011101100011101111
10011011000111101111011010111101111
10011010110111110011001010011101111
10011010101011110110111011011101111
10011010100011111010101101011101111
10011010011011111110011111111101111
10011010010100000010010010111101111
10011010010000000110000110011101111
10011001111000001001111010011101111
10011001111000001101101110111101111
10011010000000010001100011011101111
10011010000100010101010110111101111
10011010010000011001001001111101111
10011010011100011100111011111101111
10011010101000100000101100111101111
10011010111000100100011100011101111
10011010111011101011100011111101111
10011010101011101111010011011101111
10011010011111110011000100011101111
10011010010011110110110110011101111
10011010000111111010101001011101111
10011010000011111110011100111101111
10011001111000000010010001011101111
10011001111000000110000101111101111
10011001011100001001111010111101111
10011001100000001101110000111101111
10011001100100010001100110011101111
10011001101100010101011010111101111
10011001110100011001001111011101111
10011010000000011101000010011101111
10011010010000100000110100011101111
10011010100000100100100100111101111
10011010100011101011011011011101111
10011010010011101111001011111101111
10011010000011110010111101111101111
10011001110111110110110000111101111
10011001101111111010100101011101111
10011001100111111110011001111101111
10011001100000000010001111011101111
10011001011100000110000101011101111
10011001000100001001111011111101111
10011001000100001101110010011101111
10011001001100010001101001011101111
10011001010000010101011111011101111
10011001011100011001010100011101111
10011001101000011101001000111101111
10011001110100100000111011111101111
10011010001000100100101101111101111
10011010001011101011010010011101111
10011001110111101111000100011101111
10011001101011110010110111011101111
10011001011111110110101011111101111
10011001010011111010100000111101111
10011001001111111110010110111101111
10011001000100000010001101111101111
10011001000100000110000100011101111
10011000101000001001111100011101111
10011000101100001101110100011101111
10011000110000010001101011111101111
10011000111000010101100011011101111
10011001000000011001011001111101111
10011001001100011101001111011101111
10011001011100100001000011011101111
10011001101100100100110110011101111
10011001101111101011001001111101111
10011001011111101110111100111101111
10011001001111110010110000111101111
10011001000011110110100110011101111
10011000111011111010011100111101111
10011000110011111110010100011101111
10011000101100000010001011111101111
10011000101000000110000011111101111
