10011011100000001000111100011101111
10011011100000001010110100011101111
10011011100000001100101100011101111
10011011100100001110100011111101111
10011011101000010000011011111101111
10011011101000010010010011111101111
10011011101100010100001011011101111
10011011110000010110000010111101111
10011011110100010111111001111101111
10011011111100011001110000111101111
10011100000000011011100111111101111
10011100001000011101011110011101111
10011100001100011111010100011101111
10011100010100100001001010011101111
10011100011100100010111111111101111
10011100100100100100110101011101111
10011100100111101011001010111101111
10011100011111101101000000011101111
10011100010111101110110101111101111
10011100001111110000101011111101111
10011100001011110010100001111101111
10011100000011110100011000011101111
10011011111111110110001111011101111
10011011110111111000000110011101111
10011011110011111001111101011101111
10011011101111111011110100111101111
10011011101011111101101100011101111
10011011101011111111100100011101111
10011011100100000001011100011101111
10011011100000000011010011111101111
10011011100000000101001011111101111
10011011100000000111000011111101111
10011011000100001000111100011101111
10011011001000001010110100111101111
10011011001000001100101101011101111
10011011001000001110100101111101111
10011011001100010000011110011101111
10011011010000010010010110111101111
10011011010100010100001110111101111
10011011011000010110000110111101111
10011011011100010111111110111101111
10011011100000011001110110011101111
10011011101000011011101101011101111
10011011101100011101100100111101111
10011011110100011111011011011101111
10011011111100100001010001111101111
10011100000100100011001000011101111
10011100001100100100111101111101111
10011100001111101011000010011101111
10011100000111101100110111111101111
10011011111111101110101110011101111
10011011110111110000100100111101111
10011011101111110010011011011101111
10011011101011110100010010111101111
10011011100011110110001001111101111
10011011011111111000000001011101111
10011011011011111001111001011101111
10011011010111111011110001011101111
10011011010011111101101001011101111
10011011001111111111100001111101111
10011011001000000001011010011101111
10011011001000000011010010111101111
10011011001000000101001011011101111
10011011000100000111000011111101111
10011010101100001000111100111101111
10011010101100001010110101111101111
10011010101100001100101110111101111
10011010110000001110100111111101111
10011010110000010000100000111101111
10011010110100010010011001111101111
10011010111000010100010010011101111
10011010111100010110001011011101111
10011011000000011000000011011101111
10011011001000011001111011111101111
10011011001100011011110011011101111
10011011010100011101101011011101111
10011011011000011111100010011101111
10011011100000100001011001011101111
10011011101000100011010000011101111
10011011110100100101000110011101111
10011011110111101010111001111101111
10011011101011101100101111111101111
10011011100011101110100110111101111
10011011011011110000011101111101111
10011011010111110010010100111101111
10011011001111110100001100111101111
10011011001011110110000100011101111
10011011000011110111111100111101111
10011010111111111001110100111101111
10011010111011111011101101111101111
10011010110111111101100110011101111
10011010110011111111011111011101111
10011010110000000001011000011101111
10011010101100000011010001011101111
10011010101100000101001010011101111
10011010101100000111000011011101111
10011010010000001000111100111101111
10011010010100001010110110111101111
10011010010100001100110000011101111
10011010010100001110101001111101111
10011010011000010000100011011101111
10011010011100010010011100111101111
10011010011100010100010110011101111
10011010100100010110001111011101111
10011010101000011000001000011101111
10011010101100011010000000111101111
10011010110100011011111001011101111
10011010111000011101110001111101111
10011011000000011111101001011101111
10011011001000100001100001011101111
10011011010000100011011000011101111
10011011011000100101001111011101111
10011011011011101010110000111101111
10011011010011101100100111111101111
10011011001011101110011110111101111
10011011000011110000010110111101111
10011010111011110010001110011101111
10011010110111110100000110111101111
10011010101111110101111111011101111
10011010101011110111110111111101111
10011010100111111001110000111101111
10011010011111111011101001111101111
10011010011111111101100011011101111
10011010011011111111011100111101111
10011010010100000001010110011101111
10011010010100000011001111111101111
10011010010100000101001001011101111
10011010010000000111000011011101111
10011001111000001000111101011101111
10011001111000001010110111011101111
10011001111000001100110001111101111
10011001111100001110101011111101111
10011001111100010000100110011101111
10011010000000010010100000011101111
10011010000100010100011001111101111
10011010001000010110010011111101111
10011010001100011000001101011101111
10011010010100011010000110011101111
10011010011000011011111111011101111
10011010100000011101111000011101111
10011010100100011111110000111101111
10011010101100100001101000111101111
10011010110100100011100000111101111
10011011000000100101010111111101111
10011011000011101010101000011101111
10011010110111101100011111011101111
10011010101111101110010111011101111
10011010100111110000001111011101111
10011010100011110010000111111101111
10011010011011110100000000111101111
10011010010111110101111001111101111
10011010001111110111110010111101111
10011010001011111001101100011101111
10011010000111111011100110011101111
10011010000011111101011111111101111
10011001111111111111011001111101111
10011001111100000001010100011101111
10011001111000000011001110011101111
10011001111000000101001000111101111
10011001111000000111000010111101111
10011001011100001000111101011101111
10011001011100001010111000011101111
10011001100000001100110011011101111
10011001100000001110101110011101111
10011001100100010000101000111101111
10011001101000010010100011011101111
10011001101000010100011101111101111
10011001101100010110011000011101111
10011001110100011000010010011101111
10011001111000011010001011111101111
10011001111100011100000101111101111
10011010000100011101111110111101111
10011010001100011111110111111101111
10011010010100100001110000111101111
10011010011100100011101000111101111
10011010100100100101100000111101111
10011010100111101010011111011101111
10011010011111101100010111011101111
10011010010111101110001111011101111
10011010001111110000001000011101111
10011010000111110010000001011101111
10011001111111110011111010011101111
10011001111011110101110100011101111
10011001110111110111101101111101111
10011001101111111001100111111101111
10011001101011111011100010011101111
10011001101011111101011100111101111
10011001100111111111010111011101111
10011001100000000001010001111101111
10011001100000000011001100111101111
10011001011100000101000111111101111
10011001011100000111000010111101111
10011001000100001000111101111101111
10011001000100001010111001011101111
10011001000100001100110100111101111
10011001001000001110110000011101111
10011001001000010000101011011101111
10011001001100010010100110111101111
10011001010000010100100001111101111
10011001010100010110011100011101111
10011001011000011000010111011101111
10011001011100011010010001111101111
10011001100100011100001011111101111
10011001101100011110000101111101111
10011001110000011111111111011101111
10011001111000100001111000011101111
10011010000000100011110001011101111
10011010001100100101101001111101111
10011010001111101010010110011101111
10011010000011101100001110111101111
10011001111011101110000111111101111
10011001110011110000000000111101111
10011001101111110001111010011101111
10011001100111110011110100011101111
10011001011111110101101110011101111
10011001011011110111101000111101111
10011001010111111001100011111101111
10011001010011111011011110011101111
10011001001111111101011001011101111
10011001001011111111010100111101111
10011001001000000001001111111101111
10011001000100000011001011011101111
10011001000100000101000110111101111
10011001000100000111000010011101111
10011000101000001000111110011101111
10011000101000001010111010011101111
10011000101100001100110110011101111
10011000101100001110110010011101111
10011000110000010000101110011101111
10011000110000010010101001111101111
10011000110100010100100101011101111
10011000111000010110100000111101111
10011001000000011000011100011101111
10011001000100011010010111011101111
10011001001000011100010001111101111
10011001010000011110001100011101111
10011001011000100000000110011101111
10011001100000100010000000011101111
10011001101000100011111001111101111
10011001110000100101110010111101111
10011001110011101010001101011101111
10011001101011101100000110011101111
10011001100011101101111111111101111
10011001011011101111111001111101111
10011001010011110001110011111101111
10011001001011110011101110011101111
10011001000111110101101000111101111
10011001000011110111100011111101111
10011000111011111001011111011101111
10011000110111111011011010111101111
10011000110011111101010110011101111
10011000110011111111010001111101111
10011000101100000001001101111101111
10011000101100000011001001111101111
10011000101000000101000101111101111
10011000101000000111000001111101111
10011110110000001000111001111101110
10011110110100001010101101111101110
10011110110100001100100001011101110
10011110110100001110010100111101110
10011110111000010000001000011101110
10011110111100010001111011111101110
10011110111100010011101111011101110
10011111000000010101100010011101110
10011111001000010111010101011101110
10011111001100011001000111111101110
10011111010000011010111010111101110
10011111011000011100101100111101110
10011111011100011110011110111101110
10011111100100100000010000111101110
10011111101100100010000010011101110
10011111110100100011110011111101110
10011111110111101100001100011101110
10011111101111101101111101111101110
10011111100111101111101111011101110
10011111011111110001100001011101110
10011111011011110011010011011101110
10011111010011110101000101011101110
10011111001111110110111000011101110
10011111001011111000101010111101110
10011111000011111010011101111101110
10011110111111111100010000111101110
10011110111111111110000100011101110
10011110111011111111110111111101110
10011110110100000001101011011101110
10011110110100000011011110111101110
10011110110100000101010010011101110
10011110110000000111000110011101110
10011110011000001000111010011101111
10011110011000001010101110011101111
10011110011000001100100010111101111
10011110011100001110010110111101111
10011110011100010000001010111101111
10011110100000010001111110111101111
10011110100100010011110010011101111
10011110101000010101100110011101111
10011110101100010111011001111101111
10011110110000011001001100111101110
10011110111000011010111111111101110
10011110111100011100110010111101110
10011111000100011110100101011101110
10011111001100100000010111111101110
10011111010100100010001001111101110
10011111011100100011111011111101110
10011111011111101100000100011101110
10011111010111101101110110011101110
10011111001111101111101000011101110
10011111000111110001011010111101110
10011110111111110011001101011101110
10011110111011110101000000011101110
10011110110011110110110011011101110
10011110101111111000100110011101111
10011110101011111010011001111101111
10011110100111111100001101111101111
10011110100011111110000001011101111
10011110011111111111110101011101111
10011110011100000001101001011101111
10011110011000000011011101011101111
10011110011000000101010001111101111
10011110011000000111000101111101111
10011101111100001000111010011101111
10011110000000001010101111011101111
10011110000000001100100011111101111
10011110000000001110011000011101111
10011110000100010000001101011101111
10011110001000010010000001111101111
10011110001000010011110101111101111
10011110001100010101101010011101111
10011110010000010111011110011101111
10011110011000011001010001111101111
10011110011100011011000101011101111
10011110100100011100111000111101111
10011110101000011110101011111101111
10011110110000100000011110111101110
10011110111000100010010001011101110
10011111000000100100000011111101110
10011111000011101011111100011101110
10011110111011101101101110111101110
10011110110011101111100001011101110
10011110101011110001010100011101111
10011110100111110011000111011101111
10011110011111110100111010111101111
10011110011011110110101110011101111
10011110010011111000100001111101111
10011110001111111010010101111101111
10011110001011111100001010011101111
10011110001011111101111110011101111
10011110000111111111110010111101111
10011110000000000001100111111101111
10011110000000000011011100011101111
10011110000000000101010000111101111
10011101111100000111000101111101111
10011101100100001000111010111101111
10011101100100001010101111111101111
10011101100100001100100101011101111
10011101101000001110011010011101111
10011101101000010000001111011101111
10011101101100010010000100011101111
10011101110000010011111001011101111
10011101110100010101101110011101111
10011101111000010111100010111101111
10011101111100011001010110111101111
10011110000100011011001011011101111
10011110001000011100111110111101111
10011110010000011110110010111101111
10011110011000100000100101111101111
10011110100000100010011000111101111
10011110101000100100001011111101111
10011110101011101011110100011101111
10011110100011101101100111011101111
10011110011011101111011010011101111
10011110010011110001001101011101111
10011110001011110011000001011101111
10011110000111110100110100111101111
10011101111111110110101001011101111
10011101111011111000011101011101111
10011101110111111010010001111101111
10011101110011111100000110111101111
10011101101111111101111011111101111
10011101101011111111110000111101111
10011101101000000001100101111101111
10011101100100000011011010111101111
10011101100100000101010000011101111
10011101100100000111000101011101111
10011101001000001000111010111101111
10011101001000001010110000111101111
10011101001100001100100110111101111
10011101001100001110011100011101111
10011101010000010000010001111101111
10011101010000010010000111011101111
10011101010100010011111100111101111
10011101011000010101110010011101111
10011101011100010111100111011101111
10011101100100011001011100011101111
10011101101000011011010000111101111
10011101110000011101000101011101111
10011101110100011110111001011101111
10011101111100100000101101011101111
10011110000100100010100000111101111
10011110001100100100010011111101111
10011110001111101011101100011101111
10011110000111101101011111011101111
10011101111111101111010010111101111
10011101110111110001000110111101111
10011101110011110010111010111101111
10011101101011110100101111011101111
10011101100111110110100011111101111
10011101011111111000011000111101111
10011101011011111010001101111101111
10011101010111111100000011011101111
10011101010011111101111000111101111
10011101010011111111101110011101111
10011101001100000001100011111101111
10011101001100000011011001011101111
10011101001000000101001111011101111
10011101001000000111000101011101111
10011100110000001000111011011101111
10011100110000001010110001111101111
10011100110000001100100111111101111
10011100110100001110011110011101111
10011100110100010000010100011101111
10011100111000010010001010011101111
10011100111100010100000000011101111
10011101000000010101110110011101111
10011101000100010111101011111101111
10011101001000011001100001011101111
10011101010000011011010110011101111
10011101010100011101001011011101111
10011101011100011110111111111101111
10011101100100100000110100011101111
10011101101100100010101000011101111
10011101110100100100011100011101111
10011101110111101011100011111101111
10011101101111101101010111111101111
10011101100111101111001011111101111
10011101011111110001000000011101111
10011101010111110010110100111101111
10011101010011110100101001111101111
10011101001011110110011110111101111
10011101000111111000010100011101111
10011101000011111010001001111101111
10011100111111111011111111111101111
10011100111011111101110101111101111
10011100110111111111101011111101111
10011100110100000001100001111101111
10011100110000000011011000011101111
10011100110000000101001110011101111
10011100110000000111000100111101111
10011100010100001000111011011101111
10011100010100001010110010011101111
10011100011000001100101001011101111
10011100011000001110100000011101111
10011100011100010000010110111101111
10011100011100010010001101011101111
10011100100000010100000011111101111
10011100100100010101111010011101111
10011100101000010111110000011101111
10011100110000011001100110011101111
10011100110100011011011100011101111
10011100111100011101010001011101111
10011101000000011111000110111101111
10011101001000100000111011111101111
10011101010000100010110000011101111
10011101011000100100100100011101111
10011101011011101011011011111101111
10011101010011101101001111111101111
10011101001011101111000100011101111
10011101000011110000111001011101111
10011100111111110010101110111101111
10011100110111110100100011111101111
10011100110011110110011001111101111
10011100101011111000001111111101111
10011100100111111010000101111101111
10011100100011111011111100011101111
10011100011111111101110010111101111
10011100011111111111101001011101111
10011100011000000001011111111101111
10011100011000000011010110111101111
10011100010100000101001101111101111
10011100010100000111000100111101111
10011011111100001000111011111101111
10011011111100001010110011011101111
10011011111100001100101010111101111
10011011111100001110100010011101111
10011100000000010000011001011101111
10011100000100010010010000011101111
10011100001000010100000111011101111
10011100001100010101111110011101111
10011100010000010111110101011101111
10011100010100011001101011111101111
10011100011100011011100001111101111
10011100100000011101010111111101111
10011100101000011111001101111101111
10011100110000100001000010111101111
10011100111000100010111000011101111
10011101000000100100101100111101111
10011101000011101011010011011101111
10011100111011101101000111111101111
10011100110011101110111101011101111
10011100101011110000110010011101111
10011100100011110010101000011101111
10011100011111110100011110011101111
10011100010111110110010100011101111
10011100010011111000001010111101111
10011100001111111010000001111101111
10011100001011111011111000111101111
10011100000111111101101111111101111
10011100000011111111100110111101111
10011011111100000001011101111101111
10011011111100000011010101011101111
10011011111100000101001100111101111
10011011111100000111000100011101111
