10010100111100001001000000111101111
10010100111100001011000010111101111
10010101000000001101000100011101111
10010101000000001111000101111101111
10010101000100010001000111111101111
10010101001000010011001000111101111
10010101001000010101001010011101111
10010101010000010111001011011101111
10010101010100011001001011111101111
10010101011000011011001100011101111
10010101100000011101001100111101111
10010101101000011111001100011101111
10010101101100100001001100011101111
10010101110100100011001011011101111
10010110000000100101001001111101111
10010110001000100111001000011101111
10010110001011101000110111111101111
10010110000011101010110110011101111
10010101110111101100110100111101111
10010101101111101110110011111101111
10010101101011110000110011111101111
10010101100011110010110011011101111
10010101011011110100110011111101111
10010101010111110110110100011101111
10010101010011111000110100111101111
10010101001011111010110101111101111
10010101001011111100110111011101111
10010101000111111110111000011101111
10010101000000000000111010011101111
10010101000000000010111011111101111
10010100111100000100111101011101111
10010100111100000110111111011101111
10010100100100001001000001011101111
10010100100100001011000011111101111
10010100100100001101000110011101111
10010100101000001111001000011101111
10010100101000010001001010011101111
10010100101100010011001100111101111
10010100110000010101001110011101111
10010100110100010111010000011101111
10010100111000011001010001011101111
10010101000000011011010010111101111
10010101000100011101010011011101111
10010101001100011111010011111101111
10010101010100100001010100011101111
10010101011100100011010011111101111
10010101100100100101010011011101111
10010101110000100111010010011101111
10010101110011101000101101111101111
10010101100111101010101100111101111
10010101011111101100101100011101111
10010101010111101110101011111101111
10010101001111110000101100011101111
10010101000111110010101100111101111
10010101000011110100101101011101111
10010100111011110110101110111101111
10010100110111111000101111111101111
10010100110011111010110001111101111
10010100101111111100110011011101111
10010100101011111110110101111101111
10010100101000000000110111111101111
10010100100100000010111001111101111
10010100100100000100111100011101111
10010100100100000110111110111101111
10010100001000001001000001111101111
10010100001000001011000100111101111
10010100001100001101000111111101111
10010100001100001111001010111101111
10010100010000010001001101011101111
10010100010000010011010000011101111
10010100010100010101010010111101111
10010100011100010111010101011101111
10010100100000011001010111011101111
10010100100100011011011000111101111
10010100101100011101011010011101111
10010100110100011111011011111101111
10010100111000100001011100011101111
10010101000000100011011100111101111
10010101001100100101011100111101111
10010101010100100111011100011101111
10010101010111101000100011111101111
10010101001111101010100011011101111
10010101000011101100100011011101111
10010100111011101110100011111101111
10010100110111110000100100011101111
10010100101111110010100101111101111
10010100100111110100100111011101111
10010100100011110110101000111101111
10010100011111111000101010111101111
10010100010111111010101101011101111
10010100010011111100101111111101111
10010100010011111110110010111101111
10010100001100000000110101011101111
10010100001100000010111000011101111
10010100001000000100111011011101111
10010100001000000110111110011101111
10010011101100001001000001111111111
10010011110000001011000101111111111
10010011110000001101001001011111111
10010011110000001111001101011111111
10010011110100010001010000111111111
10010011111000010011010011111111111
10010011111100010101010111011111111
10010100000000010111011010011111111
10010100000100011001011100111111111
10010100001100011011011111011101111
10010100010000011101100001011101111
10010100011000011111100011011101111
10010100100000100001100100111101111
10010100101000100011100101111101111
10010100110000100101100110011101111
10010100111100100111100110011101111
10010100111111101000011001111101111
10010100110011101010011001111101111
10010100101011101100011010011101111
10010100100011101110011011011101111
10010100011011110000011100111101111
10010100010011110010011110111101111
10010100001111110100100000111101111
10010100000111110110100011011111111
10010100000011111000100101111111111
10010011111111111010101000111111111
10010011111011111100101100011111111
10010011110111111110101111011111111
10010011110000000000110010111111111
10010011110000000010110110111111111
10010011110000000100111010011111111
10010011101100000110111110011111111
10010011010100001001000010011111111
10010011010100001011000110111111111
10010011010100001101001011011111111
10010011011000001111001111011111111
10010011011100010001010011111111111
10010011011100010011010111111111111
10010011100000010101011011011111111
10010011100100010111011111011111111
10010011101100011001100010111111111
10010011110000011011100101111111111
10010011111000011101101000011111111
10010100000000011111101010111111111
10010100000100100001101100111101111
10010100010000100011101110111101111
10010100011000100101101111111101111
10010100100000100111110000111101111
10010100100011101000001111011101111
10010100011011101010010000011101111
10010100010011101100010001011101111
10010100000111101110010011011101111
10010100000011110000010101011111111
10010011111011110010010111111111111
10010011110011110100011010011111111
10010011101111110110011101011111111
10010011100111111000100000111111111
10010011100011111010100100111111111
10010011011111111100101000011111111
10010011011111111110101100011111111
10010011011000000000110000111111111
10010011010100000010110100111111111
10010011010100000100111001011111111
10010011010100000110111101111111111
10010010111000001001000010111111111
10010010111100001011000111111111111
10010010111100001101001100111111111
10010010111100001111010001111111111
10010011000000010001010110111111111
10010011000100010011011011011111111
10010011001000010101011111111111111
10010011001100010111100100011111111
10010011010000011001101000011111111
10010011011000011011101100011111111
10010011011100011101101111111111111
10010011100100011111110010111111111
10010011101100100001110101011111111
10010011110100100011110111111111111
10010011111100100101111001111111111
10010100001000100111111010111101111
10010100001011101000000101011101111
10010011111111101010000110011111111
10010011110111101100001000011111111
10010011101111101110001010111111111
10010011100111110000001101011111111
10010011011111110010010000011111111
10010011011011110100010011111111111
10010011010011110110010111111111111
10010011001111111000011011111111111
10010011001011111010100000011111111
10010011000111111100100100111111111
10010011000011111110101001011111111
10010010111100000000101110011111111
10010010111100000010110011011111111
10010010111100000100111000011111111
10010010111000000110111101011111111
10010010100000001001000010111111111
10010010100000001011001000111111111
10010010100000001101001110111111111
10010010100100001111010100011111111
10010010100100010001011001111111111
10010010101000010011011111011111111
10010010101100010101100100011111111
10010010110000010111101001011111111
10010010111000011001101110011111111
10010010111100011011110010111111111
10010011000100011101110110111111111
10010011001100011111111010111111111
10010011010000100001111101111111111
10010011011100100100000000111111111
10010011100100100110000011011111111
10010011101100101000000101011111111
10010011101111100111111010111111111
10010011100111101001111100111111111
10010011011111101011111111011111111
10010011010011101110000010011111111
10010011001111110000000101011111111
10010011000111110010001001011111111
10010010111111110100001101011111111
10010010111011110110010001111111111
10010010110011111000010110111111111
10010010101111111010011011111111111
10010010101011111100100000111111111
10010010100111111110100110011111111
10010010100100000000101011111111111
10010010100000000010110001011111111
10010010100000000100110111011111111
10010010100000000110111101011111111
10010010000100001001000011011111111
10010010000100001011001001111111111
10010010001000001101010000011111111
10010010001000001111010110111111111
10010010001100010001011100111111111
10010010010000010011100011011111111
10010010010100010101101000111111111
10010010011000010111101110111111111
10010010011100011001110100011111111
10010010100100011011111001011111111
10010010101000011101111110011111111
10010010110000100000000010011111111
10010010111000100010000110111111111
10010011000000100100001010011111111
10010011001000100110001101011111111
10010011010100101000010000011111111
10010011010111100111101111111111111
10010011001011101001110010111111111
10010011000011101011110101111111111
10010010111011101101111001011111111
10010010110011101111111101111111111
10010010101011110010000001111111111
10010010100111110100000110111111111
10010010011111110110001011111111111
10010010011011111000010001011111111
10010010010111111010010111011111111
10010010010011111100011100111111111
10010010001111111110100011011111111
10010010001000000000101001011111111
10010010001000000010101111111111111
10010010000100000100110110011111111
10010010000100000110111100111111111
10011000010000001000111110011101111
10011000010000001010111011011101111
10011000010000001100110111111101111
10011000010100001110110100011101111
10011000010100010000110000111101111
10011000011000010010101101011101111
10011000011100010100101001011101111
10011000100000010110100101011101111
10011000100100011000100001011101111
10011000101000011010011100111101111
10011000110000011100011000011101111
10011000111000011110010011011101111
10011000111100100000001101111101111
10011001000100100010001000011101111
10011001001100100100000010011101111
10011001011000100101111011111101111
10011001011011101010000100011101111
10011001001111101011111101111101111
10011001000111101101110111111101111
10011000111111101111110010011101111
10011000111011110001101100111101111
10011000110011110011100111111101111
10011000101011110101100011011101111
10011000100111110111011110111101111
10011000100011111001011010111101111
10011000011111111011010110111101111
10011000011011111101010010111101111
10011000010111111111001111011101111
10011000010100000001001011111101111
10011000010000000011001000011101111
10011000010000000101000100111101111
10011000010000000111000001111101111
10010111110100001000111110111101111
10010111110100001010111011111101111
10010111110100001100111001011101111
10010111111000001110110110011101111
10010111111100010000110011111101111
10010111111100010010110000111101111
10011000000000010100101101011101111
10011000000100010110101001111101111
10011000001100011000100110011101111
10011000010000011010100010111101111
10011000010100011100011110011101111
10011000011100011110011010011101111
10011000100100100000010101011101111
10011000101100100010010000011101111
10011000110100100100001010111101111
10011000111100100110000101011101111
10011000111111101001111010111101111
10011000110111101011110101011101111
10011000101111101101101111111101111
10011000100111101111101010111101111
10011000011111110001100101111101111
10011000010111110011100001111101111
10011000010011110101011101011101111
10011000001111110111011001111101111
10011000000111111001010110011101111
10011000000011111011010010111101111
10010111111111111101001111011101111
10010111111111111111001100011101111
10010111111000000001001001111101111
10010111110100000011000110111101111
10010111110100000101000100011101111
10010111110100000111000001011101111
10010111011000001000111110111101111
10010111011100001010111100111101111
10010111011100001100111010111101111
10010111011100001110111000111101111
10010111100000010000110110011101111
10010111100100010010110011111101111
10010111101000010100110001011101111
10010111101100010110101110111101111
10010111110000011000101011111101111
10010111110100011010101000011101111
10010111111100011100100100111101111
10011000000100011110100001011101111
10011000001000100000011100111101111
10011000010000100010011000111101111
10011000011100100100010011111101111
10011000100100100110001110011101111
10011000100111101001110001111101111
10011000011111101011101100011101111
10011000010011101101100111011101111
10011000001011101111100011011101111
10011000000111110001011110111101111
10010111111111110011011011011101111
10010111110111110101010111111101111
10010111110011110111010100011101111
10010111101111111001010001011101111
10010111101011111011001110111101111
10010111100111111101001100011101111
10010111100011111111001001111101111
10010111011100000001000111011101111
10010111011100000011000101011101111
10010111011100000101000011011101111
10010111011000000111000001011101111
10010111000000001000111111011101111
10010111000000001010111101111101111
10010111000000001100111100011101111
10010111000100001110111010111101111
10010111000100010000111001011101111
10010111001000010010110111011101111
10010111001100010100110101011101111
10010111010000010110110011011101111
10010111010100011000110000111101111
10010111011100011010101110011101111
10010111100000011100101011011101111
10010111101000011110101000011101111
10010111110000100000100100111101111
10010111111000100010100000111101111
10011000000000100100011100111101111
10011000001000100110010111111101111
10011000001011101001101000011101111
10011000000011101011100011011101111
10010111111011101101011111011101111
10010111110011101111011011011101111
10010111101011110001010111111101111
10010111100011110011010100111101111
10010111011111110101010001111101111
10010111010111110111001111011101111
10010111010011111001001100111101111
10010111001111111011001010111101111
10010111001011111101001000111101111
10010111000111111111000110111101111
10010111000100000001000101011101111
10010111000000000011000011111101111
10010111000000000101000010011101111
10010111000000000111000000111101111
10010110100100001000111111111101111
10010110101000001010111110111101111
10010110101000001100111101111101111
10010110101000001110111100111101111
10010110101100010000111011111101111
10010110110000010010111010111101111
10010110110100010100111001011101111
10010110111000010110110111111101111
10010110111100011000110110011101111
10010111000000011010110100011101111
10010111001000011100110001111101111
10010111010000011110101111011101111
10010111010100100000101100011101111
10010111011100100010101001011101111
10010111101000100100100101011101111
10010111110000100110100001011101111
10010111110011101001011110111101111
10010111101011101011011010111101111
10010111011111101101010110111101111
10010111010111101111010011111101111
10010111010011110001010000111101111
10010111001011110011001110011101111
10010111000011110101001011111101111
10010110111111110111001001111101111
10010110111011111001001000011101111
10010110110111111011000110111101111
10010110110011111101000101011101111
10010110101111111111000100011101111
10010110101000000001000011011101111
10010110101000000011000010011101111
10010110101000000101000001011101111
10010110100100000111000000011101111
10010110001100001000111111111101111
10010110001100001010111111111101111
10010110001100001100111111111101111
10010110010000001110111111011101111
10010110010000010000111110111101111
10010110010100010010111110011101111
10010110011000010100111101111101111
10010110011100010110111100111101111
10010110100000011000111011111101111
10010110101000011010111010011101111
10010110101100011100111000011101111
10010110110100011110110110011101111
10010110111100100000110100011101111
10010111000100100010110001011101111
10010111001100100100101110011101111
10010111010100100110101010111101111
10010111010111101001010101011101111
10010111001111101011010001111101111
10010111000111101101001110111101111
10010110111111101111001011111101111
10010110110111110001001001111101111
10010110101111110011000111111101111
10010110101011110101000101111101111
10010110100011110111000100011101111
10010110011111111001000011011101111
10010110011011111011000010011101111
10010110010111111101000001111101111
10010110010011111111000001011101111
10010110010000000001000000111101111
10010110001100000011000000011101111
10010110001100000101000000011101111
10010110001100000111000000011101111
10010101110000001001000000011101111
10010101110000001011000000111101111
10010101110100001101000001011101111
10010101110100001111000001011101111
10010101111000010001000001111101111
10010101111100010011000001111101111
10010110000000010101000001111101111
10010110000100010111000001011101111
10010110001000011001000000111101111
10010110001100011011000000011101111
10010110010100011100111111011101111
10010110011100011110111101111101111
10010110100000100000111100011101111
10010110101000100010111001111101111
10010110110100100100110111011101111
10010110111100100110110100111101111
10010110111111101001001011011101111
10010110110111101011001000111101111
10010110101011101101000110011101111
10010110100011101111000011111101111
10010110011111110001000010011101111
10010110010111110011000000111101111
10010110001111110100111111111101111
10010110001011110110111111011101111
10010110000111111000111110111101111
10010110000011111010111110011101111
10010101111111111100111110011101111
10010101111011111110111110011101111
10010101110100000000111110111101111
10010101110100000010111110111101111
10010101110000000100111111011101111
10010101110000000110111111111101111
10010101011000001001000000111101111
10010101011000001011000001111101111
10010101011000001101000010111101111
10010101011100001111000011111101111
10010101011100010001000100111101111
10010101100000010011000101011101111
10010101100100010101000101111101111
10010101101000010111000110011101111
10010101101100011001000110011101111
10010101110100011011000110011101111
10010101111000011101000101111101111
10010110000000011111000101011101111
10010110001000100001000011111101111
10010110010000100011000010111101111
10010110011000100101000000111101111
10010110100000100110111110011101111
10010110100011101001000001111101111
10010110011011101010111111011101111
10010110010011101100111101011101111
10010110001011101110111100011101111
10010110000011110000111010111101111
10010101111011110010111010011101111
10010101110111110100111001111101111
10010101101111110110111001111101111
10010101101011111000111001111101111
10010101100111111010111010011101111
10010101100011111100111010111101111
10010101011111111110111011011101111
10010101011100000000111100011101111
10010101011000000010111101011101111
10010101011000000100111110011101111
10010101011000000110111111011101111
