10101000111111110001110000101001000000000000000000000000000000000000000000000000000000000000000000000000000000000000000000000000000000010000000101110000100000111101011100000000000000000000000000000010111111110001100101011100011001000000000000000000000000000000000100000000010101000111010101001111000000000000000000000000000000
10101000111111110001110000101001000000000000000000000000000000000000000000000000000000000000000000000000000000000000000000000000000000010000000101110000001111101011100010000000000000000000000000000010111111110001100101011100011001000000000000000000000000000000000100000000101110010101011000000100000000000000000000000000000000
10101000111111110001110000101001000000000000000000000000000000000000000000000000000000000000000000000000000000000000000000000000000000010000000101110000100000111101011100000000000000000000000000000010111111110001100101011100011001000000000000000000000000000000000100000000111001001111111010101011000000000000000000000000000000
10101000111111110001110000101001000000000000000000000000000000000000000000000000000000000000000000000000000000000000000000000000000000010000000101110000001111101011100010000000000000000000000000000010111111110001100101011100011001000000000000000000000000000000000100000001000001011110011010101000000000000000000000000000000000
10101000111111110001110000101001000000000000000000000000000000000000000000000000000000000000000000000000000000000000000000000000000000010000000101110000100000111101011100000000000000000000000000000010111111110001100101011100011001000000000000000000000000000000000100000001000110100010100011011011100000000000000000000000000000
10101000111111110001110000101001000000000000000000000000000000000000000000000000000000000000000000000000000000000000000000000000000000010000000101110000001111101011100010000000000000000000000000000010111111110001100101011100011001000000000000000000000000000000000100000001001011010011000101001110000000000000000000000000000000
10101000111111110001110000101001000000000000000000000000000000000000000000000000000000000000000000000000000000000000000000000000000000010000000101110000100000111101011100000000000000000000000000000010111111110001100101011100011001000000000000000000000000000000000100000001010000001100010111011101000000000000000000000000000000
10101000111111110001110000101001000000000000000000000000000000000000000000000000000000000000000000000000000000000000000000000000000000010000000101110000001111101011100010000000000000000000000000000010111111110001100101011100011001000000000000000000000000000000000100000001010010100001001010101001100000000000000000000000000000
10101000111111110001110000101001000000000000000000000000000000000000000000000000000000000000000000000000000000000000000000000000000000010000000101110000100000111101011100000000000000000000000000000010111111110001100101011100011001000000000000000000000000000000000100000001010101000100101111011010100000000000000000000000000000
10101000111111110001110000101001000000000000000000000000000000000000000000000000000000000000000000000000000000000000000000000000000000010000000101110000001111101011100010000000000000000000000000000010111111110001100101011100011001000000000000000000000000000000000100000001010111010110010101110100000000000000000000000000000000
10101000111111110001110000101001000000000000000000000000000000000000000000000000000000000000000000000000000000000000000000000000000000010000000101110000100000111101011100000000000000000000000000000010111111110001100101011100011001000000000000000000000000000000000100000001011001111010101001111111000000000000000000000000000000
10101000111111110001110000101001000000000000000000000000000000000000000000000000000000000000000000000000000000000000000000000000000000010000000101110000001111101011100010000000000000000000000000000010111111110001100101011100011001000000000000000000000000000000000100000001011100001010001010001111100000000000000000000000000000
10101000111111110001110000101000100000101000000000000000000000000000000000000000000000000000000000000000000000000000000000000000000000010000000101101101010110101110000110000000000000000000000000000010111111101110000000111100001000000000000000000000000000000000000100000000010101000111010101001111000000000000000000000000000000
10101000111111110001110000101000100000101000000000000000000000000000000000000000000000000000000000000000000000000000000000000000000000010000000101101101000101011100001010000000000000000000000000000010111111101110000000111100001000000000000000000000000000000000000100000000101110010101011000000100000000000000000000000000000000
10101000111111110001110000101000100000101000000000000000000000000000000000000000000000000000000000000000000000000000000000000000000000010000000101101101010110101110000110000000000000000000000000000010111111101110000000111100001000000000000000000000000000000000000100000000111001001111111010101011000000000000000000000000000000
10101000111111110001110000101000100000101000000000000000000000000000000000000000000000000000000000000000000000000000000000000000000000010000000101101101000101011100001010000000000000000000000000000010111111101110000000111100001000000000000000000000000000000000000100000001000001011110011010101000000000000000000000000000000000
10101000111111110001110000101000100000101000000000000000000000000000000000000000000000000000000000000000000000000000000000000000000000010000000101101101010110101110000110000000000000000000000000000010111111101110000000111100001000000000000000000000000000000000000100000001000110100010100011011011100000000000000000000000000000
10101000111111110001110000101000100000101000000000000000000000000000000000000000000000000000000000000000000000000000000000000000000000010000000101101101000101011100001010000000000000000000000000000010111111101110000000111100001000000000000000000000000000000000000100000001001011010011000101001110000000000000000000000000000000
10101000111111110001110000101000100000101000000000000000000000000000000000000000000000000000000000000000000000000000000000000000000000010000000101101101010110101110000110000000000000000000000000000010111111101110000000111100001000000000000000000000000000000000000100000001010000001100010111011101000000000000000000000000000000
10101000111111110001110000101000100000101000000000000000000000000000000000000000000000000000000000000000000000000000000000000000000000010000000101101101000101011100001010000000000000000000000000000010111111101110000000111100001000000000000000000000000000000000000100000001010010100001001010101001100000000000000000000000000000
10101000111111110001110000101000100000101000000000000000000000000000000000000000000000000000000000000000000000000000000000000000000000010000000101101101010110101110000110000000000000000000000000000010111111101110000000111100001000000000000000000000000000000000000100000001010101000100101111011010100000000000000000000000000000
10101000111111110001110000101000100000101000000000000000000000000000000000000000000000000000000000000000000000000000000000000000000000010000000101101101000101011100001010000000000000000000000000000010111111101110000000111100001000000000000000000000000000000000000100000001010111010110010101110100000000000000000000000000000000
10101000111111110001110000101000100000101000000000000000000000000000000000000000000000000000000000000000000000000000000000000000000000010000000101101101010110101110000110000000000000000000000000000010111111101110000000111100001000000000000000000000000000000000000100000001011001111010101001111111000000000000000000000000000000
10101000111111110001110000101000100000101000000000000000000000000000000000000000000000000000000000000000000000000000000000000000000000010000000101101101000101011100001010000000000000000000000000000010111111101110000000111100001000000000000000000000000000000000000100000001011100001010001010001111100000000000000000000000000000
10101000111111110001110000101000100110100000000000000000000000000000000000000000000000000000000000000000000000000000000000000000000000010000000101101101010110101110000110000000000000000000000000000000111111101100010010111101001110000000000000000000000000000000000100000000010101000111010101001111000000000000000000000000000000
10101000111111110001110000101001100100100000000000000000000000000000000000000000000000000000000000000000000000000000000000000000000000010000000101101101000101011100001010000000000000000000000000000000111111101100010010111101001110000000000000000000000000000000000100000000101110010101011000000100000000000000000000000000000000
10101000111111110001110000101000100110100000000000000000000000000000000000000000000000000000000000000000000000000000000000000000000000010000000101101101010110101110000110000000000000000000000000000000111111101100010010111101001110000000000000000000000000000000000100000000111001001111111010101011000000000000000000000000000000
10101000111111110001110000101001100100100000000000000000000000000000000000000000000000000000000000000000000000000000000000000000000000010000000101101101000101011100001010000000000000000000000000000000111111101100010010111101001110000000000000000000000000000000000100000001000001011110011010101000000000000000000000000000000000
10101000111111110001110000101000100110100000000000000000000000000000000000000000000000000000000000000000000000000000000000000000000000010000000101101101010110101110000110000000000000000000000000000000111111101100010010111101001110000000000000000000000000000000000100000001000110100010100011011011100000000000000000000000000000
10101000111111110001110000101001100100100000000000000000000000000000000000000000000000000000000000000000000000000000000000000000000000010000000101101101000101011100001010000000000000000000000000000000111111101100010010111101001110000000000000000000000000000000000100000001001011010011000101001110000000000000000000000000000000
10101000111111110001110000101000100110100000000000000000000000000000000000000000000000000000000000000000000000000000000000000000000000010000000101101101010110101110000110000000000000000000000000000000111111101100010010111101001110000000000000000000000000000000000100000001010000001100010111011101000000000000000000000000000000
10101000111111110001110000101001100100100000000000000000000000000000000000000000000000000000000000000000000000000000000000000000000000010000000101101101000101011100001010000000000000000000000000000000111111101100010010111101001110000000000000000000000000000000000100000001010010100001001010101001100000000000000000000000000000
10101000111111110001110000101000100110100000000000000000000000000000000000000000000000000000000000000000000000000000000000000000000000010000000101101101010110101110000110000000000000000000000000000000111111101100010010111101001110000000000000000000000000000000000100000001010101000100101111011010100000000000000000000000000000
10101000111111110001110000101001100100100000000000000000000000000000000000000000000000000000000000000000000000000000000000000000000000010000000101101101000101011100001010000000000000000000000000000000111111101100010010111101001110000000000000000000000000000000000100000001010111010110010101110100000000000000000000000000000000
10101000111111110001110000101000100110100000000000000000000000000000000000000000000000000000000000000000000000000000000000000000000000010000000101101101010110101110000110000000000000000000000000000000111111101100010010111101001110000000000000000000000000000000000100000001011001111010101001111111000000000000000000000000000000
10101000111111110001110000101001100100100000000000000000000000000000000000000000000000000000000000000000000000000000000000000000000000010000000101101101000101011100001010000000000000000000000000000000111111101100010010111101001110000000000000000000000000000000000100000001011100001010001010001111100000000000000000000000000000
10101000111111110001110000101001010010000000000000000000000000000000000000000000000000000000000000000000000000000000000000000000000000010000000101110000100000111101011100000000000000000000000000000000111111110000101110011100111100000000000000000000000000000000000100000000010101000111010101001111000000000000000000000000000000
10101000111111110001110000101001001000000000000000000000000000000000000000000000000000000000000000000000000000000000000000000000000000010000000101110000001111101011100010000000000000000000000000000000111111110000101110011100111100000000000000000000000000000000000100000000101110010101011000000100000000000000000000000000000000
10101000111111110001110000101001010010000000000000000000000000000000000000000000000000000000000000000000000000000000000000000000000000010000000101110000100000111101011100000000000000000000000000000000111111110000101110011100111100000000000000000000000000000000000100000000111001001111111010101011000000000000000000000000000000
10101000111111110001110000101001001000000000000000000000000000000000000000000000000000000000000000000000000000000000000000000000000000010000000101110000001111101011100010000000000000000000000000000000111111110000101110011100111100000000000000000000000000000000000100000001000001011110011010101000000000000000000000000000000000
10101000111111110001110000101001010010000000000000000000000000000000000000000000000000000000000000000000000000000000000000000000000000010000000101110000100000111101011100000000000000000000000000000000111111110000101110011100111100000000000000000000000000000000000100000001000110100010100011011011100000000000000000000000000000
10101000111111110001110000101001001000000000000000000000000000000000000000000000000000000000000000000000000000000000000000000000000000010000000101110000001111101011100010000000000000000000000000000000111111110000101110011100111100000000000000000000000000000000000100000001001011010011000101001110000000000000000000000000000000
10101000111111110001110000101001010010000000000000000000000000000000000000000000000000000000000000000000000000000000000000000000000000010000000101110000100000111101011100000000000000000000000000000000111111110000101110011100111100000000000000000000000000000000000100000001010000001100010111011101000000000000000000000000000000
10101000111111110001110000101001001000000000000000000000000000000000000000000000000000000000000000000000000000000000000000000000000000010000000101110000001111101011100010000000000000000000000000000000111111110000101110011100111100000000000000000000000000000000000100000001010010100001001010101001100000000000000000000000000000
10101000111111110001110000101001010010000000000000000000000000000000000000000000000000000000000000000000000000000000000000000000000000010000000101110000100000111101011100000000000000000000000000000000111111110000101110011100111100000000000000000000000000000000000100000001010101000100101111011010100000000000000000000000000000
10101000111111110001110000101001001000000000000000000000000000000000000000000000000000000000000000000000000000000000000000000000000000010000000101110000001111101011100010000000000000000000000000000000111111110000101110011100111100000000000000000000000000000000000100000001010111010110010101110100000000000000000000000000000000
10101000111111110001110000101001010010000000000000000000000000000000000000000000000000000000000000000000000000000000000000000000000000010000000101110000100000111101011100000000000000000000000000000000111111110000101110011100111100000000000000000000000000000000000100000001011001111010101001111111000000000000000000000000000000
10101000111111110001110000101001001000000000000000000000000000000000000000000000000000000000000000000000000000000000000000000000000000010000000101110000001111101011100010000000000000000000000000000000111111110000101110011100111100000000000000000000000000000000000100000001011100001010001010001111100000000000000000000000000000
10101000111111110001110000101001100001010000000000000000000000000000000000000000000000000000000000000000000000000000000000000000000000010000000101110000100000111101011100000000000000000000000000000000111111110100111100001100110010100000000000000000000000000000000100000000010101000111010101001111000000000000000000000000000000
10101000111111110001110000101000101000100000000000000000000000000000000000000000000000000000000000000000000000000000000000000000000000010000000101110000001111101011100000000000000000000000000000000000111111110100111100001100110010100000000000000000000000000000000100000000101110010101011000000100000000000000000000000000000000
10101000111111110001110000101001100001010000000000000000000000000000000000000000000000000000000000000000000000000000000000000000000000010000000101110000100000111101011100000000000000000000000000000000111111110100111100001100110010100000000000000000000000000000000100000000111001001111111010101011000000000000000000000000000000
10101000111111110001110000101000101000100000000000000000000000000000000000000000000000000000000000000000000000000000000000000000000000010000000101110000001111101011100000000000000000000000000000000000111111110100111100001100110010100000000000000000000000000000000100000001000001011110011010101000000000000000000000000000000000
10101000111111110001110000101001100001010000000000000000000000000000000000000000000000000000000000000000000000000000000000000000000000010000000101110000100000111101011100000000000000000000000000000000111111110100111100001100110010100000000000000000000000000000000100000001000110100010100011011011100000000000000000000000000000
10101000111111110001110000101000101000100000000000000000000000000000000000000000000000000000000000000000000000000000000000000000000000010000000101110000001111101011100000000000000000000000000000000000111111110100111100001100110010100000000000000000000000000000000100000001001011010011000101001110000000000000000000000000000000
10101000111111110001110000101001100001010000000000000000000000000000000000000000000000000000000000000000000000000000000000000000000000010000000101110000100000111101011100000000000000000000000000000000111111110100111100001100110010100000000000000000000000000000000100000001010000001100010111011101000000000000000000000000000000
10101000111111110001110000101000101000100000000000000000000000000000000000000000000000000000000000000000000000000000000000000000000000010000000101110000001111101011100000000000000000000000000000000000111111110100111100001100110010100000000000000000000000000000000100000001010010100001001010101001100000000000000000000000000000
10101000111111110001110000101001100001010000000000000000000000000000000000000000000000000000000000000000000000000000000000000000000000010000000101110000100000111101011100000000000000000000000000000000111111110100111100001100110010100000000000000000000000000000000100000001010101000100101111011010100000000000000000000000000000
10101000111111110001110000101000101000100000000000000000000000000000000000000000000000000000000000000000000000000000000000000000000000010000000101110000001111101011100000000000000000000000000000000000111111110100111100001100110010100000000000000000000000000000000100000001010111010110010101110100000000000000000000000000000000
10101000111111110001110000101001100001010000000000000000000000000000000000000000000000000000000000000000000000000000000000000000000000010000000101110000100000111101011100000000000000000000000000000000111111110100111100001100110010100000000000000000000000000000000100000001011001111010101001111111000000000000000000000000000000
10101000111111110001110000101000101000100000000000000000000000000000000000000000000000000000000000000000000000000000000000000000000000010000000101110000001111101011100000000000000000000000000000000000111111110100111100001100110010100000000000000000000000000000000100000001011100001010001010001111100000000000000000000000000000
10101000111111110001110000101000100000101000000000000000000000000000000000000000000000000000000000000000000000000000000000000000000000010000000101101101010110101110000110000000000000000000000000000010111111110100000101001101010110100000000000000000000000000000000100000000010101000111010101001111000000000000000000000000000000
10101000111111110001110000101000100000101000000000000000000000000000000000000000000000000000000000000000000000000000000000000000000000010000000101101101000101011100001010000000000000000000000000000010111111110100000101001101010110100000000000000000000000000000000100000000101110010101011000000100000000000000000000000000000000
10101000111111110001110000101000100000101000000000000000000000000000000000000000000000000000000000000000000000000000000000000000000000010000000101101101010110101110000110000000000000000000000000000010111111110100000101001101010110100000000000000000000000000000000100000000111001001111111010101011000000000000000000000000000000
10101000111111110001110000101000100000101000000000000000000000000000000000000000000000000000000000000000000000000000000000000000000000010000000101101101000101011100001010000000000000000000000000000010111111110100000101001101010110100000000000000000000000000000000100000001000001011110011010101000000000000000000000000000000000
10101000111111110001110000101000100000101000000000000000000000000000000000000000000000000000000000000000000000000000000000000000000000010000000101101101010110101110000110000000000000000000000000000010111111110100000101001101010110100000000000000000000000000000000100000001000110100010100011011011100000000000000000000000000000
10101000111111110001110000101000100000101000000000000000000000000000000000000000000000000000000000000000000000000000000000000000000000010000000101101101000101011100001010000000000000000000000000000010111111110100000101001101010110100000000000000000000000000000000100000001001011010011000101001110000000000000000000000000000000
10101000111111110001110000101000100000101000000000000000000000000000000000000000000000000000000000000000000000000000000000000000000000010000000101101101010110101110000110000000000000000000000000000010111111110100000101001101010110100000000000000000000000000000000100000001010000001100010111011101000000000000000000000000000000
10101000111111110001110000101000100000101000000000000000000000000000000000000000000000000000000000000000000000000000000000000000000000010000000101101101000101011100001010000000000000000000000000000010111111110100000101001101010110100000000000000000000000000000000100000001010010100001001010101001100000000000000000000000000000
10101000111111110001110000101000100000101000000000000000000000000000000000000000000000000000000000000000000000000000000000000000000000010000000101101101010110101110000110000000000000000000000000000010111111110100000101001101010110100000000000000000000000000000000100000001010101000100101111011010100000000000000000000000000000
10101000111111110001110000101000100000101000000000000000000000000000000000000000000000000000000000000000000000000000000000000000000000010000000101101101000101011100001010000000000000000000000000000010111111110100000101001101010110100000000000000000000000000000000100000001010111010110010101110100000000000000000000000000000000
10101000111111110001110000101000100000101000000000000000000000000000000000000000000000000000000000000000000000000000000000000000000000010000000101101101010110101110000110000000000000000000000000000010111111110100000101001101010110100000000000000000000000000000000100000001011001111010101001111111000000000000000000000000000000
10101000111111110001110000101000100000101000000000000000000000000000000000000000000000000000000000000000000000000000000000000000000000010000000101101101000101011100001010000000000000000000000000000010111111110100000101001101010110100000000000000000000000000000000100000001011100001010001010001111100000000000000000000000000000
