11111000111111110001000111101011001100011000000000000000000000000000001011110010100110100111110010100011000000000000000000000000000000010000000100101001101101101100100100000000000000000000000000000010111111110101100101011100010110000000000000000000000000000000000011110100010000100100001010110101000000000000000000000000000000
11111000111111110001000111101011101010011000000000000000000000000000000000000000000000000000000000000000000000000000000000000000000000010000000100101000101001010110000000000000000000000000000000000010111111110101100101011100010110000000000000000000000000000000000100000000010010001001011010010001100000000000000000000000000000
11111000111111110001000111101011001100011000000000000000000000000000000000000000000000000000000000000000000000000000000000000000000000010000000100101001101101101100100100000000000000000000000000000010111111110101100101011100010110000000000000000000000000000000000100000000100010011101010101010111000000000000000000000000000000
11111000111111110001000111101011101010011000000000000000000000000000000000000000000000000000000000000000000000000000000000000000000000010000000100101000101001010110000000000000000000000000000000000010111111110101100101011100010110000000000000000000000000000000000100000000101011001110000111100101000000000000000000000000000000
11111000111111110001000111101011001100011000000000000000000000000000000000000000000000000000000000000000000000000000000000000000000000010000000100101001101101101100100100000000000000000000000000000010111111110101100101011100010110000000000000000000000000000000000100000000110010011001010110011011000000000000000000000000000000
11111000111111110001000111101011101010011000000000000000000000000000000000000000000000000000000000000000000000000000000000000000000000010000000100101000101001010110000000000000000000000000000000000010111111110101100101011100010110000000000000000000000000000000000100000000110110100111110110001011000000000000000000000000000000
11111000111111110001000111101011001100011000000000000000000000000000000000000000000000000000000000000000000000000000000000000000000000010000000100101001101101101100100100000000000000000000000000000010111111110101100101011100010110000000000000000000000000000000000100000000111011100000000001101001000000000000000000000000000000
11111000111111110001000111101011101010011000000000000000000000000000000000000000000000000000000000000000000000000000000000000000000000010000000100101000101001010110000000000000000000000000000000000010111111110101100101011100010110000000000000000000000000000000000100000000111111100100101100101001100000000000000000000000000000
11111000111111110001000111101011101010011000000000000000000000000000000000000000000000000000000000000000000000000000000000000000000000010000000100101000101001010110000000000000000000000000000000000010111111110101100101011100010110000000000000000000000000000000001100000000010010001001011010010001100000000000000000000000000000
11111000111111110001000111101011001100011000000000000000000000000000000000000000000000000000000000000000000000000000000000000000000000010000000100101001101101101100100100000000000000000000000000000010111111110101100101011100010110000000000000000000000000000000001100000000100010011101010101010111000000000000000000000000000000
11111000111111110001000111101011101010011000000000000000000000000000000000000000000000000000000000000000000000000000000000000000000000010000000100101000101001010110000000000000000000000000000000000010111111110101100101011100010110000000000000000000000000000000001100000000101011001110000111100101000000000000000000000000000000
11111000111111110001000111101011001100011000000000000000000000000000000000000000000000000000000000000000000000000000000000000000000000010000000100101001101101101100100100000000000000000000000000000010111111110101100101011100010110000000000000000000000000000000001100000000110010011001010110011011000000000000000000000000000000
11111000111111110001000111101011101010011000000000000000000000000000000000000000000000000000000000000000000000000000000000000000000000010000000100101000101001010110000000000000000000000000000000000010111111110101100101011100010110000000000000000000000000000000001100000000110110100111110110001011000000000000000000000000000000
11111000111111110001000111101011001100011000000000000000000000000000000000000000000000000000000000000000000000000000000000000000000000010000000100101001101101101100100100000000000000000000000000000010111111110101100101011100010110000000000000000000000000000000001100000000111011100000000001101001000000000000000000000000000000
11111000111111110001000111101011101010011000000000000000000000000000000000000000000000000000000000000000000000000000000000000000000000010000000100101000101001010110000000000000000000000000000000000010111111110101100101011100010110000000000000000000000000000000001100000000111111100100101100101001100000000000000000000000000000
11111000111111110001000111101011010010000000000000000000000000000000001011110010101000110111010110010001100000000000000000000000000000010000000100101001101101101100100100000000000000000000000000000000111110100101000100010000101101001000000000000000000000000000000011110100010001011111011101100101100000000000000000000000000000
11111000111111110001000111101011101010100000000000000000000000000000000000000000000000000000000000000000000000000000000000000000000000010000000100101000101001010110000000000000000000000000000000000000111110100101000100010000101101001000000000000000000000000000000100000000010010001001011010010001100000000000000000000000000000
11111000111111110001000111101011010010000000000000000000000000000000000000000000000000000000000000000000000000000000000000000000000000010000000100101001101101101100100100000000000000000000000000000000111110100101000100010000101101001000000000000000000000000000000100000000100010011101010101010111000000000000000000000000000000
11111000111111110001000111101011101010100000000000000000000000000000000000000000000000000000000000000000000000000000000000000000000000010000000100101000101001010110000000000000000000000000000000000000111110100101000100010000101101001000000000000000000000000000000100000000101011001110000111100101000000000000000000000000000000
11111000111111110001000111101011010010000000000000000000000000000000000000000000000000000000000000000000000000000000000000000000000000010000000100101001101101101100100100000000000000000000000000000000111110100101000100010000101101001000000000000000000000000000000100000000110010011001010110011011000000000000000000000000000000
11111000111111110001000111101011101010100000000000000000000000000000000000000000000000000000000000000000000000000000000000000000000000010000000100101000101001010110000000000000000000000000000000000000111110100101000100010000101101001000000000000000000000000000000100000000110110100111110110001011000000000000000000000000000000
11111000111111110001000111101011010010000000000000000000000000000000000000000000000000000000000000000000000000000000000000000000000000010000000100101001101101101100100100000000000000000000000000000000111110100101000100010000101101001000000000000000000000000000000100000000111011100000000001101001000000000000000000000000000000
11111000111111110001000111101011101010100000000000000000000000000000000000000000000000000000000000000000000000000000000000000000000000010000000100101000101001010110000000000000000000000000000000000000111110100101000100010000101101001000000000000000000000000000000100000000111111100100101100101001100000000000000000000000000000
11111000111111110001000111101011101010100000000000000000000000000000000000000000000000000000000000000000000000000000000000000000000000010000000100101000101001010110000000000000000000000000000000000000111110100101000100010000101101001000000000000000000000000000001100000000010010001001011010010001100000000000000000000000000000
11111000111111110001000111101011010010000000000000000000000000000000000000000000000000000000000000000000000000000000000000000000000000010000000100101001101101101100100100000000000000000000000000000000111110100101000100010000101101001000000000000000000000000000001100000000100010011101010101010111000000000000000000000000000000
11111000111111110001000111101011101010100000000000000000000000000000000000000000000000000000000000000000000000000000000000000000000000010000000100101000101001010110000000000000000000000000000000000000111110100101000100010000101101001000000000000000000000000000001100000000101011001110000111100101000000000000000000000000000000
11111000111111110001000111101011010010000000000000000000000000000000000000000000000000000000000000000000000000000000000000000000000000010000000100101001101101101100100100000000000000000000000000000000111110100101000100010000101101001000000000000000000000000000001100000000110010011001010110011011000000000000000000000000000000
11111000111111110001000111101011101010100000000000000000000000000000000000000000000000000000000000000000000000000000000000000000000000010000000100101000101001010110000000000000000000000000000000000000111110100101000100010000101101001000000000000000000000000000001100000000110110100111110110001011000000000000000000000000000000
11111000111111110001000111101011010010000000000000000000000000000000000000000000000000000000000000000000000000000000000000000000000000010000000100101001101101101100100100000000000000000000000000000000111110100101000100010000101101001000000000000000000000000000001100000000111011100000000001101001000000000000000000000000000000
11111000111111110001000111101011101010100000000000000000000000000000000000000000000000000000000000000000000000000000000000000000000000010000000100101000101001010110000000000000000000000000000000000000111110100101000100010000101101001000000000000000000000000000001100000000111111100100101100101001100000000000000000000000000000
11001100111111110110011001100110000000000000000000000000000000000000000011111111111001001000011111101101100000000000000000000000000000010000000100101110101110101010000000000000000000000000000000000000111111110101001010101000101001010000000000000000000000000000001100000001100011011111110000101001000000000000000000000000000000
11001100111111110110011001100111000000000000000000000000000000000000000011111111111001001000011111101101100000000000000000000000000000010000000100101110101110101001111110000000000000000000000000000000111111110001010011100100100010100000000000000000000000000000001100000001100011101000010111000010100000000000000000000000000000
11001100111111110110011001100110000000000000000000000000000000000000000011111111111001001000011111101101100000000000000000000000000000010000000100101110101110101001111110000000000000000000000000000000111111100000011101111100101000100000000000000000000000000000001100000001100011011111110000101001000000000000000000000000000000
11001100111111110110011001100111000000000000000000000000000000000000000011111111111001001000011111101101100000000000000000000000000000010000000100101110101110101010000000000000000000000000000000000010111111110000101111110100111100000000000000000000000000000000001100000001100011101000010111000010100000000000000000000000000000
11001100111111110110011001100110000000000000000000000000000000000000000011111111111001001000011111101101100000000000000000000000000000010000000100101110101110101001111110000000000000000000000000000010111111110100111000110000110100000000000000000000000000000000001100000001100011011111110000101001000000000000000000000000000000
11001100111111110110011001100111000000000000000000000000000000000000000011111111111001001000011111101101100000000000000000000000000000010000000100110100001110010100101010000000000000000000000000000000111111110101001010101000101001010000000000000000000000000000001100000001100011000111101000111101100000000000000000000000000000
11001100111111110110011001100110000000000000000000000000000000000000000011111111111001001000011111101101100000000000000000000000000000010000000100110100001110010100101100000000000000000000000000000000111111110001010011100100100010100000000000000000000000000000001100000001100011010000001111010111000000000000000000000000000000
11001100111111110110011001100111000000000000000000000000000000000000000011111111111001001000011111101101100000000000000000000000000000010000000100110100001110010100101100000000000000000000000000000000111111100000011101111100101000100000000000000000000000000000001100000001100011000111101000111101100000000000000000000000000000
11001100111111110110011001100110000000000000000000000000000000000000000011111111111001001000011111101101100000000000000000000000000000010000000100110100001110010100101010000000000000000000000000000010111111110000101111110100111100000000000000000000000000000000001100000001100011010000001111010111000000000000000000000000000000
11001100111111110110011001100111000000000000000000000000000000000000000011111111111001001000011111101101100000000000000000000000000000010000000100110100001110010100101100000000000000000000000000000010111111110100111000110000110100000000000000000000000000000000001100000001100011000111101000111101100000000000000000000000000000
11001100111111110110011001100110000000000000000000000000000000000000000011111111111001001000011111101101100000000000000000000000000000010000000100111111010011010100001010000000000000000000000000000000111111110011010111001011010010100000000000000000000000000000001100000001100011011111110000101001000000000000000000000000000000
11001100111111110110011001100111000000000000000000000000000000000000000011111111111001001000011111101101100000000000000000000000000000010000000100111111010011010100001100000000000000000000000000000000111111101101100101011100010101001000000000000000000000000000001100000001100011101000010111000010100000000000000000000000000000
11001100111111110110011001100110000000000000000000000000000000000000000011111111111001001000011111101101100000000000000000000000000000010000000100111111010011010100001010000000000000000000000000000010111111101011000110111011000000000000000000000000000000000000001100000001100011011111110000101001000000000000000000000000000000
11001100111111110110011001100111000000000000000000000000000000000000000011111111111001001000011111101101100000000000000000000000000000010000000100111111010011010100001100000000000000000000000000000010111111110010010110001011110100000000000000000000000000000000001100000001100011101000010111000010100000000000000000000000000000
11001100111111110110011001100110000000000000000000000000000000000000000011111111111001001000011111101101100000000000000000000000000000010000000100111111010011010100001100000000000000000000000000000010111111110101011101010100011010000000000000000000000000000000001100000001100011011111110000101001000000000000000000000000000000
00000000000000000000000000000000000000000000000000000000000000000000000000000000000000000000000000000000000000000000000000000000000000000000000000000000000000000000000000000000000000000000000000000000000000000000000000000000000000000000000000000000000000000000000000000000000000000000000000000000000000000000000000000000000000
00000000000000000000000000000000000000000000000000000000000000000000000000000000000000000000000000000000000000000000000000000000000000000000000000000000000000000000000000000000000000000000000000000000000000000000000000000000000000000000000000000000000000000000000000000000000000000000000000000000000000000000000000000000000000
00000000000000000000000000000000000000000000000000000000000000000000000000000000000000000000000000000000000000000000000000000000000000000000000000000000000000000000000000000000000000000000000000000000000000000000000000000000000000000000000000000000000000000000000000000000000000000000000000000000000000000000000000000000000000
00000000000000000000000000000000000000000000000000000000000000000000000000000000000000000000000000000000000000000000000000000000000000000000000000000000000000000000000000000000000000000000000000000000000000000000000000000000000000000000000000000000000000000000000000000000000000000000000000000000000000000000000000000000000000
00000000000000000000000000000000000000000000000000000000000000000000000000000000000000000000000000000000000000000000000000000000000000000000000000000000000000000000000000000000000000000000000000000000000000000000000000000000000000000000000000000000000000000000000000000000000000000000000000000000000000000000000000000000000000
00000000000000000000000000000000000000000000000000000000000000000000000000000000000000000000000000000000000000000000000000000000000000000000000000000000000000000000000000000000000000000000000000000000000000000000000000000000000000000000000000000000000000000000000000000000000000000000000000000000000000000000000000000000000000
00000000000000000000000000000000000000000000000000000000000000000000000000000000000000000000000000000000000000000000000000000000000000000000000000000000000000000000000000000000000000000000000000000000000000000000000000000000000000000000000000000000000000000000000000000000000000000000000000000000000000000000000000000000000000
00000000000000000000000000000000000000000000000000000000000000000000000000000000000000000000000000000000000000000000000000000000000000000000000000000000000000000000000000000000000000000000000000000000000000000000000000000000000000000000000000000000000000000000000000000000000000000000000000000000000000000000000000000000000000
00000000000000000000000000000000000000000000000000000000000000000000000000000000000000000000000000000000000000000000000000000000000000000000000000000000000000000000000000000000000000000000000000000000000000000000000000000000000000000000000000000000000000000000000000000000000000000000000000000000000000000000000000000000000000
00000000000000000000000000000000000000000000000000000000000000000000000000000000000000000000000000000000000000000000000000000000000000000000000000000000000000000000000000000000000000000000000000000000000000000000000000000000000000000000000000000000000000000000000000000000000000000000000000000000000000000000000000000000000000
00000000000000000000000000000000000000000000000000000000000000000000000000000000000000000000000000000000000000000000000000000000000000000000000000000000000000000000000000000000000000000000000000000000000000000000000000000000000000000000000000000000000000000000000000000000000000000000000000000000000000000000000000000000000000
00000000000000000000000000000000000000000000000000000000000000000000000000000000000000000000000000000000000000000000000000000000000000000000000000000000000000000000000000000000000000000000000000000000000000000000000000000000000000000000000000000000000000000000000000000000000000000000000000000000000000000000000000000000000000
00000000000000000000000000000000000000000000000000000000000000000000000000000000000000000000000000000000000000000000000000000000000000000000000000000000000000000000000000000000000000000000000000000000000000000000000000000000000000000000000000000000000000000000000000000000000000000000000000000000000000000000000000000000000000
00000000000000000000000000000000000000000000000000000000000000000000000000000000000000000000000000000000000000000000000000000000000000000000000000000000000000000000000000000000000000000000000000000000000000000000000000000000000000000000000000000000000000000000000000000000000000000000000000000000000000000000000000000000000000
00000000000000000000000000000000000000000000000000000000000000000000000000000000000000000000000000000000000000000000000000000000000000000000000000000000000000000000000000000000000000000000000000000000000000000000000000000000000000000000000000000000000000000000000000000000000000000000000000000000000000000000000000000000000000
00000000000000000000000000000000000000000000000000000000000000000000000000000000000000000000000000000000000000000000000000000000000000000000000000000000000000000000000000000000000000000000000000000000000000000000000000000000000000000000000000000000000000000000000000000000000000000000000000000000000000000000000000000000000000
00000000000000000000000000000000000000000000000000000000000000000000000000000000000000000000000000000000000000000000000000000000000000000000000000000000000000000000000000000000000000000000000000000000000000000000000000000000000000000000000000000000000000000000000000000000000000000000000000000000000000000000000000000000000000
00000000000000000000000000000000000000000000000000000000000000000000000000000000000000000000000000000000000000000000000000000000000000000000000000000000000000000000000000000000000000000000000000000000000000000000000000000000000000000000000000000000000000000000000000000000000000000000000000000000000000000000000000000000000000
00000000000000000000000000000000000000000000000000000000000000000000000000000000000000000000000000000000000000000000000000000000000000000000000000000000000000000000000000000000000000000000000000000000000000000000000000000000000000000000000000000000000000000000000000000000000000000000000000000000000000000000000000000000000000
00000000000000000000000000000000000000000000000000000000000000000000000000000000000000000000000000000000000000000000000000000000000000000000000000000000000000000000000000000000000000000000000000000000000000000000000000000000000000000000000000000000000000000000000000000000000000000000000000000000000000000000000000000000000000
00000000000000000000000000000000000000000000000000000000000000000000000000000000000000000000000000000000000000000000000000000000000000000000000000000000000000000000000000000000000000000000000000000000000000000000000000000000000000000000000000000000000000000000000000000000000000000000000000000000000000000000000000000000000000
00000000000000000000000000000000000000000000000000000000000000000000000000000000000000000000000000000000000000000000000000000000000000000000000000000000000000000000000000000000000000000000000000000000000000000000000000000000000000000000000000000000000000000000000000000000000000000000000000000000000000000000000000000000000000
00000000000000000000000000000000000000000000000000000000000000000000000000000000000000000000000000000000000000000000000000000000000000000000000000000000000000000000000000000000000000000000000000000000000000000000000000000000000000000000000000000000000000000000000000000000000000000000000000000000000000000000000000000000000000
00000000000000000000000000000000000000000000000000000000000000000000000000000000000000000000000000000000000000000000000000000000000000000000000000000000000000000000000000000000000000000000000000000000000000000000000000000000000000000000000000000000000000000000000000000000000000000000000000000000000000000000000000000000000000
00000000000000000000000000000000000000000000000000000000000000000000000000000000000000000000000000000000000000000000000000000000000000000000000000000000000000000000000000000000000000000000000000000000000000000000000000000000000000000000000000000000000000000000000000000000000000000000000000000000000000000000000000000000000000
00000000000000000000000000000000000000000000000000000000000000000000000000000000000000000000000000000000000000000000000000000000000000000000000000000000000000000000000000000000000000000000000000000000000000000000000000000000000000000000000000000000000000000000000000000000000000000000000000000000000000000000000000000000000000
00000000000000000000000000000000000000000000000000000000000000000000000000000000000000000000000000000000000000000000000000000000000000000000000000000000000000000000000000000000000000000000000000000000000000000000000000000000000000000000000000000000000000000000000000000000000000000000000000000000000000000000000000000000000000
