10101000111111110001110000101001100000001000000000000000000000000000000000000000000000000000000000000000000000000000000000000000000000010000000101110000001111101011100010000000000000000000000000000010111111100010110111111011100000000000000000000000000000000000001100000000010010110101010101010010000000000000000000000000000000
10101000111111110001110000101000100001000000000000000000000000000000000000000000000000000000000000000000000000000000000000000000000000010000000101110000100000111101011100000000000000000000000000000010111111100010110111111011100000000000000000000000000000000000001100000000101101100001111010000100000000000000000000000000000000
10101000111111110001110000101001100000001000000000000000000000000000000000000000000000000000000000000000000000000000000000000000000000010000000101110000001111101011100010000000000000000000000000000010111111100010110111111011100000000000000000000000000000000000001100000000111000100100001000100110100000000000000000000000000000
10101000111111110001110000101000100001000000000000000000000000000000000000000000000000000000000000000000000000000000000000000000000000010000000101110000100000111101011100000000000000000000000000000010111111100010110111111011100000000000000000000000000000000000001100000001000001010101011010000111000000000000000000000000000000
10101000111111110001110000101001100000001000000000000000000000000000000000000000000000000000000000000000000000000000000000000000000000010000000101110000001111101011100010000000000000000000000000000010111111100010110111111011100000000000000000000000000000000000001100000001000110001001000010111110000000000000000000000000000000
10101000111111110001110000101000100001000000000000000000000000000000000000000000000000000000000000000000000000000000000000000000000000010000000101110000100000111101011100000000000000000000000000000010111111100010110111111011100000000000000000000000000000000000001100000001001011001101111001110111000000000000000000000000000000
10101000111111110001110000101001100000001000000000000000000000000000000000000000000000000000000000000000000000000000000000000000000000010000000101110000001111101011100010000000000000000000000000000010111111100010110111111011100000000000000000000000000000000000001100000001001111110111100000010000100000000000000000000000000000
10101000111111110001110000101000100001000000000000000000000000000000000000000000000000000000000000000000000000000000000000000000000000010000000101110000100000111101011100000000000000000000000000000010111111100010110111111011100000000000000000000000000000000000001100000001010010011110111011011111100000000000000000000000000000
10101000111111110001110000101001100000001000000000000000000000000000000000000000000000000000000000000000000000000000000000000000000000010000000101110000001111101011100010000000000000000000000000000010111111100010110111111011100000000000000000000000000000000000001100000001010100110000100001111001000000000000000000000000000000
10101000111111110001110000101000100001000000000000000000000000000000000000000000000000000000000000000000000000000000000000000000000000010000000101110000100000111101011100000000000000000000000000000010111111100010110111111011100000000000000000000000000000000000001100000001010111010100011100101011000000000000000000000000000000
10101000111111110001110000101001100000001000000000000000000000000000000000000000000000000000000000000000000000000000000000000000000000010000000101110000001111101011100010000000000000000000000000000010111111100010110111111011100000000000000000000000000000000000001100000001011001100101100000010000100000000000000000000000000000
10101000111111110001110000101000100001000000000000000000000000000000000000000000000000000000000000000000000000000000000000000000000000010000000101110000100000111101011100000000000000000000000000000010111111100010110111111011100000000000000000000000000000000000001100000001011100001010001011010001000000000000000000000000000000
10101000111111110001110000101001000100000000000000000000000000000000000000000000000000000000000000000000000000000000000000000000000000010000000101101101000101011100001010000000000000000000000000000000111111110011010011011011010001000000000000000000000000000000001100000000010010110101010101010010000000000000000000000000000000
10101000111111110001110000101000110111011000000000000000000000000000000000000000000000000000000000000000000000000000000000000000000000010000000101101101010110101110000110000000000000000000000000000000111111110011010011011011010001000000000000000000000000000000001100000000101101100001111010000100000000000000000000000000000000
10101000111111110001110000101001000100000000000000000000000000000000000000000000000000000000000000000000000000000000000000000000000000010000000101101101000101011100001010000000000000000000000000000000111111110011010011011011010001000000000000000000000000000000001100000000111000100100001000100110100000000000000000000000000000
10101000111111110001110000101000110111011000000000000000000000000000000000000000000000000000000000000000000000000000000000000000000000010000000101101101010110101110000110000000000000000000000000000000111111110011010011011011010001000000000000000000000000000000001100000001000001010101011010000111000000000000000000000000000000
10101000111111110001110000101001000100000000000000000000000000000000000000000000000000000000000000000000000000000000000000000000000000010000000101101101000101011100001010000000000000000000000000000000111111110011010011011011010001000000000000000000000000000000001100000001000110001001000010111110000000000000000000000000000000
10101000111111110001110000101000110111011000000000000000000000000000000000000000000000000000000000000000000000000000000000000000000000010000000101101101010110101110000110000000000000000000000000000000111111110011010011011011010001000000000000000000000000000000001100000001001011001101111001110111000000000000000000000000000000
10101000111111110001110000101001000100000000000000000000000000000000000000000000000000000000000000000000000000000000000000000000000000010000000101101101000101011100001010000000000000000000000000000000111111110011010011011011010001000000000000000000000000000000001100000001001111110111100000010000100000000000000000000000000000
10101000111111110001110000101000110111011000000000000000000000000000000000000000000000000000000000000000000000000000000000000000000000010000000101101101010110101110000110000000000000000000000000000000111111110011010011011011010001000000000000000000000000000000001100000001010010011110111011011111100000000000000000000000000000
10101000111111110001110000101001000100000000000000000000000000000000000000000000000000000000000000000000000000000000000000000000000000010000000101101101000101011100001010000000000000000000000000000000111111110011010011011011010001000000000000000000000000000000001100000001010100110000100001111001000000000000000000000000000000
10101000111111110001110000101000110111011000000000000000000000000000000000000000000000000000000000000000000000000000000000000000000000010000000101101101010110101110000110000000000000000000000000000000111111110011010011011011010001000000000000000000000000000000001100000001010111010100011100101011000000000000000000000000000000
10101000111111110001110000101001000100000000000000000000000000000000000000000000000000000000000000000000000000000000000000000000000000010000000101101101000101011100001010000000000000000000000000000000111111110011010011011011010001000000000000000000000000000000001100000001011001100101100000010000100000000000000000000000000000
10101000111111110001110000101000110111011000000000000000000000000000000000000000000000000000000000000000000000000000000000000000000000010000000101101101010110101110000110000000000000000000000000000000111111110011010011011011010001000000000000000000000000000000001100000001011100001010001011010001000000000000000000000000000000
10101000111111110001110000101001100000001000000000000000000000000000000000000000000000000000000000000000000000000000000000000000000000010000000101110000001111101011100010000000000000000000000000000010111111110101010111101100100001100000000000000000000000000000001100000000010010110101010101010010000000000000000000000000000000
10101000111111110001110000101000100001000000000000000000000000000000000000000000000000000000000000000000000000000000000000000000000000010000000101110000100000111101011100000000000000000000000000000010111111110101010111101100100001100000000000000000000000000000001100000000101101100001111010000100000000000000000000000000000000
10101000111111110001110000101001100000001000000000000000000000000000000000000000000000000000000000000000000000000000000000000000000000010000000101110000001111101011100010000000000000000000000000000010111111110101010111101100100001100000000000000000000000000000001100000000111000100100001000100110100000000000000000000000000000
10101000111111110001110000101000100001000000000000000000000000000000000000000000000000000000000000000000000000000000000000000000000000010000000101110000100000111101011100000000000000000000000000000010111111110101010111101100100001100000000000000000000000000000001100000001000001010101011010000111000000000000000000000000000000
10101000111111110001110000101001100000001000000000000000000000000000000000000000000000000000000000000000000000000000000000000000000000010000000101110000001111101011100010000000000000000000000000000010111111110101010111101100100001100000000000000000000000000000001100000001000110001001000010111110000000000000000000000000000000
10101000111111110001110000101000100001000000000000000000000000000000000000000000000000000000000000000000000000000000000000000000000000010000000101110000100000111101011100000000000000000000000000000010111111110101010111101100100001100000000000000000000000000000001100000001001011001101111001110111000000000000000000000000000000
10101000111111110001110000101001100000001000000000000000000000000000000000000000000000000000000000000000000000000000000000000000000000010000000101110000001111101011100010000000000000000000000000000010111111110101010111101100100001100000000000000000000000000000001100000001001111110111100000010000100000000000000000000000000000
10101000111111110001110000101000100001000000000000000000000000000000000000000000000000000000000000000000000000000000000000000000000000010000000101110000100000111101011100000000000000000000000000000010111111110101010111101100100001100000000000000000000000000000001100000001010010011110111011011111100000000000000000000000000000
10101000111111110001110000101001100000001000000000000000000000000000000000000000000000000000000000000000000000000000000000000000000000010000000101110000001111101011100010000000000000000000000000000010111111110101010111101100100001100000000000000000000000000000001100000001010100110000100001111001000000000000000000000000000000
10101000111111110001110000101000100001000000000000000000000000000000000000000000000000000000000000000000000000000000000000000000000000010000000101110000100000111101011100000000000000000000000000000010111111110101010111101100100001100000000000000000000000000000001100000001010111010100011100101011000000000000000000000000000000
10101000111111110001110000101001100000001000000000000000000000000000000000000000000000000000000000000000000000000000000000000000000000010000000101110000001111101011100010000000000000000000000000000010111111110101010111101100100001100000000000000000000000000000001100000001011001100101100000010000100000000000000000000000000000
10101000111111110001110000101000100001000000000000000000000000000000000000000000000000000000000000000000000000000000000000000000000000010000000101110000100000111101011100000000000000000000000000000010111111110101010111101100100001100000000000000000000000000000001100000001011100001010001011010001000000000000000000000000000000
10010000111111110110011001100111000000000000000000000000000000000000000011111111111001001000011111101101100000000000000000000000000000010000000101000011101000011011011100000000000000000000000000000000111111110011111100101010111000000000000000000000000000000000001100000001100110111001011010111000100000000000000000000000000000
10010000111111110110011001100110000000000000000000000000000000000000000011111111111001001000011111101101100000000000000000000000000000010000000101000011101000011011011100000000000000000000000000000000111111110000000101001101010110000000000000000000000000000000001100000001100111000011111001100110100000000000000000000000000000
10010000111111110110011001100111000000000000000000000000000000000000000011111111111001001000011111101101100000000000000000000000000000010000000101000011101000011011011100000000000000000000000000000000111111011110110111111100100000000000000000000000000000000000001100000001100110111001011010111000100000000000000000000000000000
10010000111111110110011001100110000000000000000000000000000000000000000011111111111001001000011111101101100000000000000000000000000000010000000101000011101000011011011100000000000000000000000000000010111111101111010011011011010010000000000000000000000000000000001100000001100111000011111001100110100000000000000000000000000000
10010000111111110110011001100111000000000000000000000000000000000000000011111111111001001000011111101101100000000000000000000000000000010000000101000011101000011011011100000000000000000000000000000010111111110011100001001011000110000000000000000000000000000000001100000001100110111001011010111000100000000000000000000000000000
10010000111111110001110000101010000000000000000000000000000000000000000011111111111001001000011111101101100000000000000000000000000000010000000101001110001000010100011110000000000000000000000000000000111111110101010010010010110110100000000000000000000000000000001100000001100111010001100010100100000000000000000000000000000000
10010000111111110001110000101000000000000000000000000000000000000000000011111111111001001000011111101101100000000000000000000000000000010000000101001110001000010100011110000000000000000000000000000000111111110010111110110011011110000000000000000000000000000000001100000001100111011100000001010010000000000000000000000000000000
10010000111111110001110000101010000000000000000000000000000000000000000011111111111001001000011111101101100000000000000000000000000000010000000101001110001000010100011110000000000000000000000000000000111111101110110010000010011100000000000000000000000000000000001100000001100111010001100010100100000000000000000000000000000000
10010000111111110001110000101000000000000000000000000000000000000000000011111111111001001000011111101101100000000000000000000000000000010000000101001110001000010100011110000000000000000000000000000010111111011110011000100001000000000000000000000000000000000000001100000001100111011100000001010010000000000000000000000000000000
10010000111111110001110000101010000000000000000000000000000000000000000011111111111001001000011111101101100000000000000000000000000000010000000101001110001000010100100000000000000000000000000000000010111111101111100101000110100010000000000000000000000000000000001100000001100111010001100010100100000000000000000000000000000000
10010000111111110001110000101000000000000000000000000000000000000000000011111111111001001000011111101101100000000000000000000000000000010000000101001110001000010100100000000000000000000000000000000010111111110011011000010101100001000000000000000000000000000000001100000001100111011100000001010010000000000000000000000000000000
10010000111111110001110000101010000000000000000000000000000000000000000011111111111001001000011111101101100000000000000000000000000000010000000101001110001000010100011110000000000000000000000000000010111111110101011111000011111000000000000000000000000000000000001100000001100111010001100010100100000000000000000000000000000000
10010000111111110001110000101010000000000000000000000000000000000000000011111111111001001000011111101101100000000000000000000000000000010000000101010110011011011110011100000000000000000000000000000000111111110100010001101010101110100000000000000000000000000000001100000001100110111001011010111000100000000000000000000000000000
10010000111111110001110000101000000000000000000000000000000000000000000011111111111001001000011111101101100000000000000000000000000000010000000101010110011011011110011010000000000000000000000000000000111111110001011010010001011111000000000000000000000000000000001100000001100111000011111001100110100000000000000000000000000000
10010000111111110001110000101010000000000000000000000000000000000000000011111111111001001000011111101101100000000000000000000000000000010000000101010110011011011110011010000000000000000000000000000000111111101100100010011011000100000000000000000000000000000000001100000001100110111001011010111000100000000000000000000000000000
10010000111111110001110000101000000000000000000000000000000000000000000011111111111001001000011111101101100000000000000000000000000000010000000101010110011011011110011100000000000000000000000000000010111111100110111110110011100000000000000000000000000000000000001100000001100111000011111001100110100000000000000000000000000000
10010000111111110001110000101010000000000000000000000000000000000000000011111111111001001000011111101101100000000000000000000000000000010000000101010110011011011110011100000000000000000000000000000010111111110000000000111010011010000000000000000000000000000000001100000001100110111001011010111000100000000000000000000000000000
10010000111111110001110000101000000000000000000000000000000000000000000011111111111001001000011111101101100000000000000000000000000000010000000101010110011011011110011100000000000000000000000000000010111111110011001001111110010111000000000000000000000000000000001100000001100111000011111001100110100000000000000000000000000000
10010000111111110001110000101010000000000000000000000000000000000000000011111111111001001000011111101101100000000000000000000000000000010000000101010110011011011110011100000000000000000000000000000010111111110101001001100001001010100000000000000000000000000000001100000001100110111001011010111000100000000000000000000000000000
10010000111111110001110000101000000000000000000000000000000000000000000011111111111001001000011111101101100000000000000000000000000000010000000101100001001000011011000010000000000000000000000000000000111111110100111000110000110100100000000000000000000000000000001100000001100111011100000001010010000000000000000000000000000000
10010000111111110001110000101010000000000000000000000000000000000000000011111111111001001000011111101101100000000000000000000000000000010000000101100001001000011011000010000000000000000000000000000000111111110010111110110011011110000000000000000000000000000000001100000001100111010001100010100100000000000000000000000000000000
10010000111111110001110000101000000000000000000000000000000000000000000011111111111001001000011111101101100000000000000000000000000000010000000101100001001000011011000010000000000000000000000000000000111111110000001100000101010010000000000000000000000000000000001100000001100111011100000001010010000000000000000000000000000000
10010000111111110001110000101010000000000000000000000000000000000000000011111111111001001000011111101101100000000000000000000000000000010000000101100001001000011011000010000000000000000000000000000000111111101001100101011100011000000000000000000000000000000000001100000001100111010001100010100100000000000000000000000000000000
10010000111111110001110000101000000000000000000000000000000000000000000011111111111001001000011111101101100000000000000000000000000000010000000101100001001000011011000100000000000000000000000000000010111111101001100101011100011000000000000000000000000000000000001100000001100111011100000001010010000000000000000000000000000000
10010000111111110001110000101010000000000000000000000000000000000000000011111111111001001000011111101101100000000000000000000000000000010000000101100001001000011011000010000000000000000000000000000010111111110000001100000101010011000000000000000000000000000000001100000001100111010001100010100100000000000000000000000000000000
10010000111111110001110000101000000000000000000000000000000000000000000011111111111001001000011111101101100000000000000000000000000000010000000101100001001000011011000010000000000000000000000000000010111111110010111110110011011110000000000000000000000000000000001100000001100111011100000001010010000000000000000000000000000000
10010000111111110001110000101010000000000000000000000000000000000000000011111111111001001000011111101101100000000000000000000000000000010000000101100001001000011011000100000000000000000000000000000010111111110100111000110000110101100000000000000000000000000000001100000001100111010001100010100100000000000000000000000000000000
10010000111111110001110000101000000000000000000000000000000000000000000011111111111001001000011111101101100000000000000000000000000000010000000101101000111110011001100110000000000000000000000000000000111111110101110011100011011000100000000000000000000000000000001100000001100111000011111001100110100000000000000000000000000000
10010000111111110001110000101010000000000000000000000000000000000000000011111111111001001000011111101101100000000000000000000000000000010000000101101000111110011001101000000000000000000000000000000000111111110100011110111001010011100000000000000000000000000000001100000001100110111001011010111000100000000000000000000000000000
10010000111111110001110000101000000000000000000000000000000000000000000011111111111001001000011111101101100000000000000000000000000000010000000101101000111110011001101000000000000000000000000000000000111111110010010100011110011011000000000000000000000000000000001100000001100111000011111001100110100000000000000000000000000000
10010000111111110001110000101010000000000000000000000000000000000000000011111111111001001000011111101101100000000000000000000000000000010000000101101000111110011001100110000000000000000000000000000000111111101111010110010100100000000000000000000000000000000000001100000001100110111001011010111000100000000000000000000000000000
10010000111111110001110000101000000000000000000000000000000000000000000011111111111001001000011111101101100000000000000000000000000000010000000101101000111110011001100110000000000000000000000000000000111111101000000111011000010000000000000000000000000000000000001100000001100111000011111001100110100000000000000000000000000000
10010000111111110001110000101010000000000000000000000000000000000000000011111111111001001000011111101101100000000000000000000000000000010000000101101000111110011001100110000000000000000000000000000010111111101010011101111000011100000000000000000000000000000000001100000001100110111001011010111000100000000000000000000000000000
10010000111111110001110000101000000000000000000000000000000000000000000011111111111001001000011111101101100000000000000000000000000000010000000101101000111110011001100110000000000000000000000000000010111111110000010000110010010011000000000000000000000000000000001100000001100111000011111001100110100000000000000000000000000000
10010000111111110001110000101010000000000000000000000000000000000000000011111111111001001000011111101101100000000000000000000000000000010000000101101000111110011001100110000000000000000000000000000010111111110010111010000110011110000000000000000000000000000000001100000001100110111001011010111000100000000000000000000000000000
10010000111111110001110000101000000000000000000000000000000000000000000011111111111001001000011111101101100000000000000000000000000000010000000101101000111110011001100110000000000000000000000000000010111111110100110001101101010100100000000000000000000000000000001100000001100111000011111001100110100000000000000000000000000000
