10000011111111010000101000111101011010100000000000000000000000000000101111001010011010011110111110110000000000000000000000000000000000111111110000101100011100010000110000000000000000000000000000000011111110000100011110101110000101100000000000000000000000000000010000000011011001010110000101001000000000000000000000000000000010111111110001100101011100011000000000000000000000000000000000000011110011111100101100000001011101000000000000000000000000000000
10000011111111010000101000111101011010100000000000000000000000000000000000000000000000000000000000000000000000000000000000000000000000111111110000101100011100010000110000000000000000000000000000000011111110000100011110101110000101100000000000000000000000000000010000000011010111100010001111011000000000000000000000000000000010111111110001100101011100011000000000000000000000000000000000000100000000010001001010110001111011100000000000000000000000000000
10000011111111010000101000111101011010100000000000000000000000000000000000000000000000000000000000000000000000000000000000000000000000111111110000101100011100010000110000000000000000000000000000000011111110000100011110101110000101100000000000000000000000000000010000000011011001010110000101001000000000000000000000000000000010111111110001100101011100011000000000000000000000000000000000000100000000100001111100001100100111100000000000000000000000000000
10000011111111010000101000111101011010100000000000000000000000000000000000000000000000000000000000000000000000000000000000000000000000111111110000101100011100010000110000000000000000000000000000000011111110000100011110101110000101100000000000000000000000000000010000000011010111100010001111011000000000000000000000000000000010111111110001100101011100011000000000000000000000000000000000000100000000101001110000001010101001100000000000000000000000000000
10000011111111010000101000111101011010100000000000000000000000000000000000000000000000000000000000000000000000000000000000000000000000111111110000101100011100010000110000000000000000000000000000000011111110000100011110101110000101100000000000000000000000000000010000000011010111100010001111011000000000000000000000000000000010111111110001100101011100011000000000000000000000000000000000001100000000010001001010110001111011100000000000000000000000000000
10000011111111010000101000111101011010100000000000000000000000000000000000000000000000000000000000000000000000000000000000000000000000111111110000101100011100010000110000000000000000000000000000000011111110000100011110101110000101100000000000000000000000000000010000000011011001010110000101001000000000000000000000000000000010111111110001100101011100011000000000000000000000000000000000001100000000100001111100001100100111100000000000000000000000000000
10000011111111010000101000111101011010100000000000000000000000000000000000000000000000000000000000000000000000000000000000000000000000111111110000101100011100010000110000000000000000000000000000000011111110000100011110101110000101100000000000000000000000000000010000000011010111100010001111011000000000000000000000000000000010111111110001100101011100011000000000000000000000000000000000001100000000101001110000001010101001100000000000000000000000000000
10100011111111011001100110011000000000000000000000000000000000000000001111111111100100100001111110110110000000000000000000000000000000111111110000101100011100010000110000000000000000000000000000000011111110000100011110101110000101100000000000000000000000000000010000000011100100111001000100000000000000000000000000000000000000111111110101010011100100100011010000000000000000000000000000001100000001100000010001101011100001100000000000000000000000000000
10100011111111011001100110011000000000000000000000000000000000000000001111111111100100100001111110110110000000000000000000000000000000111111110000101100011100010000110000000000000000000000000000000011111110000100011110101110000101100000000000000000000000000000010000000011100100111001000100000000000000000000000000000000000000111111100100011101111101010100010000000000000000000000000000001100000001100000001001000101000111100000000000000000000000000000
10100011111111011001100110011000000000000000000000000000000000000000001111111111100100100001111110110110000000000000000000000000000000111111110000101100011100010000110000000000000000000000000000000011111110000100011110101110000101100000000000000000000000000000010000000011100100111001000100000000000000000000000000000000000010111111110100101111110100111010000000000000000000000000000000001100000001100000010001101011100001100000000000000000000000000000
10100011111111011001100110011000000000000000000000000000000000000000001111111111100100100001111110110110000000000000000000000000000000111111110000101100011100010000110000000000000000000000000000000011111110000100011110101110000101100000000000000000000000000000010000000011111000101110001010000010000000000000000000000000000000111111110100111000110000110101010000000000000000000000000000001100000001100000100001001100110011000000000000000000000000000000
10100011111111011001100110011000000000000000000000000000000000000000001111111111100100100001111110110110000000000000000000000000000000111111110000101100011100010000110000000000000000000000000000000011111110000100011110101110000101100000000000000000000000000000010000000011111000101110001010000010000000000000000000000000000000111111101001100101011100011010001000000000000000000000000000001100000001100000101001110011001101000000000000000000000000000000
10100011111111011001100110011000000000000000000000000000000000000000001111111111100100100001111110110110000000000000000000000000000000111111110000101100011100010000110000000000000000000000000000000011111110000100011110101110000101100000000000000000000000000000010000000011111000101110001010000010000000000000000000000000000010111111110010111110110011011100000000000000000000000000000000001100000001100000100001001100110011000000000000000000000000000000
10100011111111011001100110011000000000000000000000000000000000000000001111111111100100100001111110110110000000000000000000000000000000111111110000101100011100010000110000000000000000000000000000000011111110000100011110101110000101100000000000000000000000000000010000000100000011101000100010011010000000000000000000000000000000111111110100111000110000110101010000000000000000000000000000001100000001100000001001000101000111100000000000000000000000000000
10100011111111011001100110011000000000000000000000000000000000000000001111111111100100100001111110110110000000000000000000000000000000111111110000101100011100010000110000000000000000000000000000000011111110000100011110101110000101100000000000000000000000000000010000000100000011101000100010011010000000000000000000000000000000111111101001100101011100011010001000000000000000000000000000001100000001100000010001101011100001100000000000000000000000000000
10100011111111011001100110011000000000000000000000000000000000000000001111111111100100100001111110110110000000000000000000000000000000111111110000101100011100010000110000000000000000000000000000000011111110000100011110101110000101100000000000000000000000000000010000000100000011101000100010011010000000000000000000000000000010111111110010111110110011011100000000000000000000000000000000001100000001100000001001000101000111100000000000000000000000000000
10100011111111011001100110011000000000000000000000000000000000000000001111111111100100100001111110110110000000000000000000000000000000111111110000101100011100010000110000000000000000000000000000000011111110000100011110101110000101100000000000000000000000000000010000000100001101101001110100010110000000000000000000000000000000111111110100100101100111010011010000000000000000000000000000001100000001100000101001110011001101000000000000000000000000000000
10100011111111011001100110011000000000000000000000000000000000000000001111111111100100100001111110110110000000000000000000000000000000111111110000101100011100010000110000000000000000000000000000000011111110000100011110101110000101100000000000000000000000000000010000000100001101101001110100010100000000000000000000000000000000111111101011111110101000101010001000000000000000000000000000001100000001100000100001001100110011000000000000000000000000000000
10100011111111011001100110011000000000000000000000000000000000000000001111111111100100100001111110110110000000000000000000000000000000111111110000101100011100010000110000000000000000000000000000000011111110000100011110101110000101100000000000000000000000000000010000000100001101101001110100010110000000000000000000000000000010111111110001001011111010010100000000000000000000000000000000001100000001100000101001110011001101000000000000000000000000000000
10100011111111011001100110011000000000000000000000000000000000000000001111111111100100100001111110110110000000000000000000000000000000111111110000101100011100010000110000000000000000000000000000000011111110000100011110101110000101100000000000000000000000000000010000000100010100010100001101100010000000000000000000000000000000111111110100010111010000001011010000000000000000000000000000001100000001100000001001000101000111100000000000000000000000000000
10100011111111011001100110011000000000000000000000000000000000000000001111111111100100100001111110110110000000000000000000000000000000111111110000101100011100010000110000000000000000000000000000000011111110000100011110101110000101100000000000000000000000000000010000000100010100010100001101100010000000000000000000000000000000111111101100111000110000110101001000000000000000000000000000001100000001100000010001101011100001100000000000000000000000000000
10100011111111011001100110011000000000000000000000000000000000000000001111111111100100100001111110110110000000000000000000000000000000111111110000101100011100010000110000000000000000000000000000000011111110000100011110101110000101100000000000000000000000000000010000000100010100010100001101100000000000000000000000000000000010111111101111101011011111000000000000000000000000000000000000001100000001100000001001000101000111100000000000000000000000000000
10100011111111011001100110011000000000000000000000000000000000000000001111111111100100100001111110110110000000000000000000000000000000111111110000101100011100010000110000000000000000000000000000000011111110000100011110101110000101100000000000000000000000000000010000000100010100010100001101100000000000000000000000000000000010111111110101000011111011101110000000000000000000000000000000001100000001100000010001101011100001100000000000000000000000000000
10100011111111011001100110011000000000000000000000000000000000000000001111111111100100100001111110110110000000000000000000000000000000111111110000101100011100010000110000000000000000000000000000000011111110000100011110101110000101100000000000000000000000000000010000000100011110011100000001001110000000000000000000000000000000111111110100010111010000001011010000000000000000000000000000001100000001100000100001001100110011000000000000000000000000000000
10100011111111011001100110011000000000000000000000000000000000000000001111111111100100100001111110110110000000000000000000000000000000111111110000101100011100010000110000000000000000000000000000000011111110000100011110101110000101100000000000000000000000000000010000000100011110011100000001001110000000000000000000000000000000111111101100111000110000110101001000000000000000000000000000001100000001100000101001110011001101000000000000000000000000000000
10100011111111011001100110011000000000000000000000000000000000000000001111111111100100100001111110110110000000000000000000000000000000111111110000101100011100010000110000000000000000000000000000000011111110000100011110101110000101100000000000000000000000000000010000000100011110011100000001001110000000000000000000000000000010111111101111101011011111000000000000000000000000000000000000001100000001100000100001001100110011000000000000000000000000000000
10100011111111011001100110011000000000000000000000000000000000000000001111111111100100100001111110110110000000000000000000000000000000111111110000101100011100010000110000000000000000000000000000000011111110000100011110101110000101100000000000000000000000000000010000000100011110011100000001001110000000000000000000000000000010111111110101000011111011101110000000000000000000000000000000001100000001100000101001110011001101000000000000000000000000000000
10100011111111011001100110011000000000000000000000000000000000000000001111111111100100100001111110110110000000000000000000000000000000111111110000101100011100010000110000000000000000000000000000000011111110000100011110101110000101100000000000000000000000000000010000000100100100100000011111111100000000000000000000000000000000111111110100001100000101010001010000000000000000000000000000001100000001100000010001101011100001100000000000000000000000000000
10100011111111011001100110011000000000000000000000000000000000000000001111111111100100100001111110110110000000000000000000000000000000111111110000101100011100010000110000000000000000000000000000000011111110000100011110101110000101100000000000000000000000000000010000000100100100100000011111111100000000000000000000000000000000111111101101100101011100010101001000000000000000000000000000001100000001100000001001000101000111100000000000000000000000000000
10100011111111011001100110011000000000000000000000000000000000000000001111111111100100100001111110110110000000000000000000000000000000111111110000101100011100010000110000000000000000000000000000000011111110000100011110101110000101100000000000000000000000000000010000000100100100100000011111111100000000000000000000000000000010111111101101100101011100011000000000000000000000000000000000001100000001100000010001101011100001100000000000000000000000000000
10100011111111011001100110011000000000000000000000000000000000000000001111111111100100100001111110110110000000000000000000000000000000111111110000101100011100010000110000000000000000000000000000000011111110000100011110101110000101100000000000000000000000000000010000000100100100100000011111111110000000000000000000000000000010111111110100001100000101010010000000000000000000000000000000001100000001100000001001000101000111100000000000000000000000000000
11100011111111011001100110011000000000000000000000000000000000000000001111111111100100100001111110110110000000000000000000000000000000111111110000101100011100010000110000000000000000000000000000000011111110000100011110101110000101100000000000000000000000000000010000000100000110011011010010100010000000000000000000000000000000111111110100100101100111010011010000000000000000000000000000001100000001110000101100001011100001100000000000000000000000000000
11100011111111011001100110011000000000000000000000000000000000000000001111111111100100100001111110110110000000000000000000000000000000111111110000101100011100010000110000000000000000000000000000000011111110000100011110101110000101100000000000000000000000000000010000000100000110011011010010100010000000000000000000000000000000111111101011111110101000101010001000000000000000000000000000001100000001110000100111111000010100100000000000000000000000000000
11100011111111011001100110011000000000000000000000000000000000000000001111111111100100100001111110110110000000000000000000000000000000111111110000101100011100010000110000000000000000000000000000000011111110000100011110101110000101100000000000000000000000000000010000000100000110011011010010100010000000000000000000000000000010111111110001001011111010010100000000000000000000000000000000001100000001110000101100001011100001100000000000000000000000000000
11100011111111011001100110011000000000000000000000000000000000000000001111111111100100100001111110110110000000000000000000000000000000111111110000101100011100010000110000000000000000000000000000000011111110000100011110101110000101100000000000000000000000000000010000000100001110010010000101100010000000000000000000000000000000111111110100100101100111010011010000000000000000000000000000001100000001110000100000000111101011100000000000000000000000000000
11100011111111011001100110011000000000000000000000000000000000000000001111111111100100100001111110110110000000000000000000000000000000111111110000101100011100010000110000000000000000000000000000000011111110000100011110101110000101100000000000000000000000000000010000000100001110010010000101100010000000000000000000000000000000111111101011111110101000101010001000000000000000000000000000001100000001110000011011110100011110100000000000000000000000000000
11100011111111011001100110011000000000000000000000000000000000000000001111111111100100100001111110110110000000000000000000000000000000111111110000101100011100010000110000000000000000000000000000000011111110000100011110101110000101100000000000000000000000000000010000000100001110010010000101100010000000000000000000000000000010111111110001001011111010010100000000000000000000000000000000001100000001110000100000000111101011100000000000000000000000000000
11100011111111011001100110011000000000000000000000000000000000000000001111111111100100100001111110110110000000000000000000000000000000111111110000101100011100010000110000000000000000000000000000000011111110000100011110101110000101100000000000000000000000000000010000000100011000010101010011001010000000000000000000000000000000111111110100010111010000001011010000000000000000000000000000001100000001110000100111111000010100100000000000000000000000000000
11100011111111011001100110011000000000000000000000000000000000000000001111111111100100100001111110110110000000000000000000000000000000111111110000101100011100010000110000000000000000000000000000000011111110000100011110101110000101100000000000000000000000000000010000000100011000010101010011001010000000000000000000000000000000111111101100111000110000110101001000000000000000000000000000001100000001110000101100001011100001100000000000000000000000000000
11100011111111011001100110011000000000000000000000000000000000000000001111111111100100100001111110110110000000000000000000000000000000111111110000101100011100010000110000000000000000000000000000000011111110000100011110101110000101100000000000000000000000000000010000000100011000010101010011001010000000000000000000000000000010111111101111101011011111000000000000000000000000000000000000001100000001110000100111111000010100100000000000000000000000000000
11100011111111011001100110011000000000000000000000000000000000000000001111111111100100100001111110110110000000000000000000000000000000111111110000101100011100010000110000000000000000000000000000000011111110000100011110101110000101100000000000000000000000000000010000000100011000010101010011001010000000000000000000000000000010111111110101000011111011101110000000000000000000000000000000001100000001110000101100001011100001100000000000000000000000000000
11000011111111011001100110011100000000000000000000000000000000000000001111111111100100100001111110110110000000000000000000000000000000111111110000101100011100010000110000000000000000000000000000000011111110000100011110101110000101100000000000000000000000000000010000000100000110011011010010100010000000000000000000000000000000111111110100100101100111010011010000000000000000000000000000001100000001100111011011000101000111100000000000000000000000000000
11000011111111011001100110011000000000000000000000000000000000000000001111111111100100100001111110110110000000000000000000000000000000111111110000101100011100010000110000000000000000000000000000000011111110000100011110101110000101100000000000000000000000000000010000000100000110011011010010100010000000000000000000000000000000111111101011111110101000101010001000000000000000000000000000001100000001100111010010011110101110000000000000000000000000000000
11000011111111011001100110011100000000000000000000000000000000000000001111111111100100100001111110110110000000000000000000000000000000111111110000101100011100010000110000000000000000000000000000000011111110000100011110101110000101100000000000000000000000000000010000000100000110011011010010100010000000000000000000000000000010111111110001001011111010010100000000000000000000000000000000001100000001100111011011000101000111100000000000000000000000000000
11000011111111011001100110011100000000000000000000000000000000000000001111111111100100100001111110110110000000000000000000000000000000111111110000101100011100010000110000000000000000000000000000000011111110000100011110101110000101100000000000000000000000000000010000000100001110010010000101100010000000000000000000000000000000111111110100100101100111010011010000000000000000000000000000001100000001100111000010111101011100000000000000000000000000000000
11000011111111011001100110011000000000000000000000000000000000000000001111111111100100100001111110110110000000000000000000000000000000111111110000101100011100010000110000000000000000000000000000000011111110000100011110101110000101100000000000000000000000000000010000000100001110010010000101100010000000000000000000000000000000111111101011111110101000101010001000000000000000000000000000001100000001100110111010010111000010100000000000000000000000000000
11000011111111011001100110011100000000000000000000000000000000000000001111111111100100100001111110110110000000000000000000000000000000111111110000101100011100010000110000000000000000000000000000000011111110000100011110101110000101100000000000000000000000000000010000000100001110010010000101100010000000000000000000000000000010111111110001001011111010010100000000000000000000000000000000001100000001100111000010111101011100000000000000000000000000000000
11000011111111011001100110011000000000000000000000000000000000000000001111111111100100100001111110110110000000000000000000000000000000111111110000101100011100010000110000000000000000000000000000000011111110000100011110101110000101100000000000000000000000000000010000000100011000010101010011001010000000000000000000000000000000111111110100010111010000001011010000000000000000000000000000001100000001100111010010011110101110000000000000000000000000000000
11000011111111011001100110011100000000000000000000000000000000000000001111111111100100100001111110110110000000000000000000000000000000111111110000101100011100010000110000000000000000000000000000000011111110000100011110101110000101100000000000000000000000000000010000000100011000010101010011001010000000000000000000000000000000111111101100111000110000110101001000000000000000000000000000001100000001100111011011000101000111100000000000000000000000000000
11000011111111011001100110011000000000000000000000000000000000000000001111111111100100100001111110110110000000000000000000000000000000111111110000101100011100010000110000000000000000000000000000000011111110000100011110101110000101100000000000000000000000000000010000000100011000010101010011001010000000000000000000000000000010111111101111101011011111000000000000000000000000000000000000001100000001100111010010011110101110000000000000000000000000000000
11000011111111011001100110011100000000000000000000000000000000000000001111111111100100100001111110110110000000000000000000000000000000111111110000101100011100010000110000000000000000000000000000000011111110000100011110101110000101100000000000000000000000000000010000000100011000010101010011001010000000000000000000000000000010111111110101000011111011101110000000000000000000000000000000001100000001100111011011000101000111100000000000000000000000000000
00000000000000000000000000000000000000000000000000000000000000000000000000000000000000000000000000000000000000000000000000000000000000000000000000000000000000000000000000000000000000000000000000000000000000000000000000000000000000000000000000000000000000000000000000000000000000000000000000000000000000000000000000000000000000000000000000000000000000000000000000000000000000000000000000000000000000000000000000000000000000000000000000000000000000000000
00000000000000000000000000000000000000000000000000000000000000000000000000000000000000000000000000000000000000000000000000000000000000000000000000000000000000000000000000000000000000000000000000000000000000000000000000000000000000000000000000000000000000000000000000000000000000000000000000000000000000000000000000000000000000000000000000000000000000000000000000000000000000000000000000000000000000000000000000000000000000000000000000000000000000000000
00000000000000000000000000000000000000000000000000000000000000000000000000000000000000000000000000000000000000000000000000000000000000000000000000000000000000000000000000000000000000000000000000000000000000000000000000000000000000000000000000000000000000000000000000000000000000000000000000000000000000000000000000000000000000000000000000000000000000000000000000000000000000000000000000000000000000000000000000000000000000000000000000000000000000000000
00000000000000000000000000000000000000000000000000000000000000000000000000000000000000000000000000000000000000000000000000000000000000000000000000000000000000000000000000000000000000000000000000000000000000000000000000000000000000000000000000000000000000000000000000000000000000000000000000000000000000000000000000000000000000000000000000000000000000000000000000000000000000000000000000000000000000000000000000000000000000000000000000000000000000000000
00000000000000000000000000000000000000000000000000000000000000000000000000000000000000000000000000000000000000000000000000000000000000000000000000000000000000000000000000000000000000000000000000000000000000000000000000000000000000000000000000000000000000000000000000000000000000000000000000000000000000000000000000000000000000000000000000000000000000000000000000000000000000000000000000000000000000000000000000000000000000000000000000000000000000000000
00000000000000000000000000000000000000000000000000000000000000000000000000000000000000000000000000000000000000000000000000000000000000000000000000000000000000000000000000000000000000000000000000000000000000000000000000000000000000000000000000000000000000000000000000000000000000000000000000000000000000000000000000000000000000000000000000000000000000000000000000000000000000000000000000000000000000000000000000000000000000000000000000000000000000000000
00000000000000000000000000000000000000000000000000000000000000000000000000000000000000000000000000000000000000000000000000000000000000000000000000000000000000000000000000000000000000000000000000000000000000000000000000000000000000000000000000000000000000000000000000000000000000000000000000000000000000000000000000000000000000000000000000000000000000000000000000000000000000000000000000000000000000000000000000000000000000000000000000000000000000000000
00000000000000000000000000000000000000000000000000000000000000000000000000000000000000000000000000000000000000000000000000000000000000000000000000000000000000000000000000000000000000000000000000000000000000000000000000000000000000000000000000000000000000000000000000000000000000000000000000000000000000000000000000000000000000000000000000000000000000000000000000000000000000000000000000000000000000000000000000000000000000000000000000000000000000000000
00000000000000000000000000000000000000000000000000000000000000000000000000000000000000000000000000000000000000000000000000000000000000000000000000000000000000000000000000000000000000000000000000000000000000000000000000000000000000000000000000000000000000000000000000000000000000000000000000000000000000000000000000000000000000000000000000000000000000000000000000000000000000000000000000000000000000000000000000000000000000000000000000000000000000000000
00000000000000000000000000000000000000000000000000000000000000000000000000000000000000000000000000000000000000000000000000000000000000000000000000000000000000000000000000000000000000000000000000000000000000000000000000000000000000000000000000000000000000000000000000000000000000000000000000000000000000000000000000000000000000000000000000000000000000000000000000000000000000000000000000000000000000000000000000000000000000000000000000000000000000000000
00000000000000000000000000000000000000000000000000000000000000000000000000000000000000000000000000000000000000000000000000000000000000000000000000000000000000000000000000000000000000000000000000000000000000000000000000000000000000000000000000000000000000000000000000000000000000000000000000000000000000000000000000000000000000000000000000000000000000000000000000000000000000000000000000000000000000000000000000000000000000000000000000000000000000000000
00000000000000000000000000000000000000000000000000000000000000000000000000000000000000000000000000000000000000000000000000000000000000000000000000000000000000000000000000000000000000000000000000000000000000000000000000000000000000000000000000000000000000000000000000000000000000000000000000000000000000000000000000000000000000000000000000000000000000000000000000000000000000000000000000000000000000000000000000000000000000000000000000000000000000000000
00000000000000000000000000000000000000000000000000000000000000000000000000000000000000000000000000000000000000000000000000000000000000000000000000000000000000000000000000000000000000000000000000000000000000000000000000000000000000000000000000000000000000000000000000000000000000000000000000000000000000000000000000000000000000000000000000000000000000000000000000000000000000000000000000000000000000000000000000000000000000000000000000000000000000000000
00000000000000000000000000000000000000000000000000000000000000000000000000000000000000000000000000000000000000000000000000000000000000000000000000000000000000000000000000000000000000000000000000000000000000000000000000000000000000000000000000000000000000000000000000000000000000000000000000000000000000000000000000000000000000000000000000000000000000000000000000000000000000000000000000000000000000000000000000000000000000000000000000000000000000000000
00000000000000000000000000000000000000000000000000000000000000000000000000000000000000000000000000000000000000000000000000000000000000000000000000000000000000000000000000000000000000000000000000000000000000000000000000000000000000000000000000000000000000000000000000000000000000000000000000000000000000000000000000000000000000000000000000000000000000000000000000000000000000000000000000000000000000000000000000000000000000000000000000000000000000000000
00000000000000000000000000000000000000000000000000000000000000000000000000000000000000000000000000000000000000000000000000000000000000000000000000000000000000000000000000000000000000000000000000000000000000000000000000000000000000000000000000000000000000000000000000000000000000000000000000000000000000000000000000000000000000000000000000000000000000000000000000000000000000000000000000000000000000000000000000000000000000000000000000000000000000000000
00000000000000000000000000000000000000000000000000000000000000000000000000000000000000000000000000000000000000000000000000000000000000000000000000000000000000000000000000000000000000000000000000000000000000000000000000000000000000000000000000000000000000000000000000000000000000000000000000000000000000000000000000000000000000000000000000000000000000000000000000000000000000000000000000000000000000000000000000000000000000000000000000000000000000000000
00000000000000000000000000000000000000000000000000000000000000000000000000000000000000000000000000000000000000000000000000000000000000000000000000000000000000000000000000000000000000000000000000000000000000000000000000000000000000000000000000000000000000000000000000000000000000000000000000000000000000000000000000000000000000000000000000000000000000000000000000000000000000000000000000000000000000000000000000000000000000000000000000000000000000000000
00000000000000000000000000000000000000000000000000000000000000000000000000000000000000000000000000000000000000000000000000000000000000000000000000000000000000000000000000000000000000000000000000000000000000000000000000000000000000000000000000000000000000000000000000000000000000000000000000000000000000000000000000000000000000000000000000000000000000000000000000000000000000000000000000000000000000000000000000000000000000000000000000000000000000000000
00000000000000000000000000000000000000000000000000000000000000000000000000000000000000000000000000000000000000000000000000000000000000000000000000000000000000000000000000000000000000000000000000000000000000000000000000000000000000000000000000000000000000000000000000000000000000000000000000000000000000000000000000000000000000000000000000000000000000000000000000000000000000000000000000000000000000000000000000000000000000000000000000000000000000000000
00000000000000000000000000000000000000000000000000000000000000000000000000000000000000000000000000000000000000000000000000000000000000000000000000000000000000000000000000000000000000000000000000000000000000000000000000000000000000000000000000000000000000000000000000000000000000000000000000000000000000000000000000000000000000000000000000000000000000000000000000000000000000000000000000000000000000000000000000000000000000000000000000000000000000000000
