10101000111111110001110000101000110101111000000000000000000000000000000000000000000000000000000000000000000000000000000000000000000000010000000101101101010110101110000100000000000000000000000000000010111111110100000101001101010110000000000000000000000000000000000100000000010101000111010101001111000000000000000000000000000000
10101000111111110001110000101000110101111000000000000000000000000000000000000000000000000000000000000000000000000000000000000000000000010000000101101101000101011100001010000000000000000000000000000010111111110100000101001101010110000000000000000000000000000000000100000000101110010101011000000100000000000000000000000000000000
10101000111111110001110000101000110101111000000000000000000000000000000000000000000000000000000000000000000000000000000000000000000000010000000101101101010110101110000100000000000000000000000000000010111111110100000101001101010110000000000000000000000000000000000100000000111001001111111010101011000000000000000000000000000000
10101000111111110001110000101000110101111000000000000000000000000000000000000000000000000000000000000000000000000000000000000000000000010000000101101101000101011100001010000000000000000000000000000010111111110100000101001101010110000000000000000000000000000000000100000001000001011110011010101000000000000000000000000000000000
10101000111111110001110000101000110101111000000000000000000000000000000000000000000000000000000000000000000000000000000000000000000000010000000101101101010110101110000100000000000000000000000000000010111111110100000101001101010110000000000000000000000000000000000100000001000110100010100011011011100000000000000000000000000000
10101000111111110001110000101000110101111000000000000000000000000000000000000000000000000000000000000000000000000000000000000000000000010000000101101101000101011100001010000000000000000000000000000010111111110100000101001101010110000000000000000000000000000000000100000001001011010011000101001110000000000000000000000000000000
10101000111111110001110000101000110101111000000000000000000000000000000000000000000000000000000000000000000000000000000000000000000000010000000101101101010110101110000100000000000000000000000000000010111111110100000101001101010110000000000000000000000000000000000100000001010000001100010111011101000000000000000000000000000000
10101000111111110001110000101000110101111000000000000000000000000000000000000000000000000000000000000000000000000000000000000000000000010000000101101101000101011100001010000000000000000000000000000010111111110100000101001101010110000000000000000000000000000000000100000001010010100001001010101001100000000000000000000000000000
10101000111111110001110000101000110101111000000000000000000000000000000000000000000000000000000000000000000000000000000000000000000000010000000101101101010110101110000100000000000000000000000000000010111111110100000101001101010110000000000000000000000000000000000100000001010101000100101111011010100000000000000000000000000000
10101000111111110001110000101000110101111000000000000000000000000000000000000000000000000000000000000000000000000000000000000000000000010000000101101101000101011100001010000000000000000000000000000010111111110100000101001101010110000000000000000000000000000000000100000001010111010110010101110100000000000000000000000000000000
10101000111111110001110000101000110101111000000000000000000000000000000000000000000000000000000000000000000000000000000000000000000000010000000101101101010110101110000100000000000000000000000000000010111111110100000101001101010110000000000000000000000000000000000100000001011001111010101001111111000000000000000000000000000000
10101000111111110001110000101000110101111000000000000000000000000000000000000000000000000000000000000000000000000000000000000000000000010000000101101101000101011100001010000000000000000000000000000010111111110100000101001101010110000000000000000000000000000000000100000001011100001010001010001111100000000000000000000000000000
10101000111111110001110000101000111000011000000000000000000000000000000000000000000000000000000000000000000000000000000000000000000000010000000101110000100000111101011100000000000000000000000000000010111111110001100101011100010100000000000000000000000000000000000100000000010101000111010101001111000000000000000000000000000000
10101000111111110001110000101000111000011000000000000000000000000000000000000000000000000000000000000000000000000000000000000000000000010000000101110000001111101011100010000000000000000000000000000010111111110001100101011100010100000000000000000000000000000000000100000000101110010101011000000100000000000000000000000000000000
10101000111111110001110000101000111000011000000000000000000000000000000000000000000000000000000000000000000000000000000000000000000000010000000101110000100000111101011100000000000000000000000000000010111111110001100101011100010100000000000000000000000000000000000100000000111001001111111010101011000000000000000000000000000000
10101000111111110001110000101000111000011000000000000000000000000000000000000000000000000000000000000000000000000000000000000000000000010000000101110000001111101011100010000000000000000000000000000010111111110001100101011100010100000000000000000000000000000000000100000001000001011110011010101000000000000000000000000000000000
10101000111111110001110000101000111000011000000000000000000000000000000000000000000000000000000000000000000000000000000000000000000000010000000101110000100000111101011100000000000000000000000000000010111111110001100101011100010100000000000000000000000000000000000100000001000110100010100011011011100000000000000000000000000000
10101000111111110001110000101000111000011000000000000000000000000000000000000000000000000000000000000000000000000000000000000000000000010000000101110000001111101011100010000000000000000000000000000010111111110001100101011100010100000000000000000000000000000000000100000001001011010011000101001110000000000000000000000000000000
10101000111111110001110000101000111000011000000000000000000000000000000000000000000000000000000000000000000000000000000000000000000000010000000101110000100000111101011100000000000000000000000000000010111111110001100101011100010100000000000000000000000000000000000100000001010000001100010111011101000000000000000000000000000000
10101000111111110001110000101000111000011000000000000000000000000000000000000000000000000000000000000000000000000000000000000000000000010000000101110000001111101011100010000000000000000000000000000010111111110001100101011100010100000000000000000000000000000000000100000001010010100001001010101001100000000000000000000000000000
10101000111111110001110000101000111000011000000000000000000000000000000000000000000000000000000000000000000000000000000000000000000000010000000101110000100000111101011100000000000000000000000000000010111111110001100101011100010100000000000000000000000000000000000100000001010101000100101111011010100000000000000000000000000000
10101000111111110001110000101000111000011000000000000000000000000000000000000000000000000000000000000000000000000000000000000000000000010000000101110000001111101011100010000000000000000000000000000010111111110001100101011100010100000000000000000000000000000000000100000001010111010110010101110100000000000000000000000000000000
10101000111111110001110000101000111000011000000000000000000000000000000000000000000000000000000000000000000000000000000000000000000000010000000101110000100000111101011100000000000000000000000000000010111111110001100101011100010100000000000000000000000000000000000100000001011001111010101001111111000000000000000000000000000000
10101000111111110001110000101000111000011000000000000000000000000000000000000000000000000000000000000000000000000000000000000000000000010000000101110000001111101011100010000000000000000000000000000010111111110001100101011100010100000000000000000000000000000000000100000001011100001010001010001111100000000000000000000000000000
10101000111111110001110000101001010111011000000000000000000000000000000000000000000000000000000000000000000000000000000000000000000000010000000101101101010110101110000100000000000000000000000000000010111111101110000000111100001000000000000000000000000000000000000100000000010101000111010101001111000000000000000000000000000000
10101000111111110001110000101000100010110000000000000000000000000000000000000000000000000000000000000000000000000000000000000000000000010000000101101101000101011100001000000000000000000000000000000010111111101110000000111100001000000000000000000000000000000000000100000000101110010101011000000100000000000000000000000000000000
10101000111111110001110000101001010111011000000000000000000000000000000000000000000000000000000000000000000000000000000000000000000000010000000101101101010110101110000100000000000000000000000000000010111111101110000000111100001000000000000000000000000000000000000100000000111001001111111010101011000000000000000000000000000000
10101000111111110001110000101000100010110000000000000000000000000000000000000000000000000000000000000000000000000000000000000000000000010000000101101101000101011100001000000000000000000000000000000010111111101110000000111100001000000000000000000000000000000000000100000001000001011110011010101000000000000000000000000000000000
10101000111111110001110000101001010111011000000000000000000000000000000000000000000000000000000000000000000000000000000000000000000000010000000101101101010110101110000100000000000000000000000000000010111111101110000000111100001000000000000000000000000000000000000100000001000110100010100011011011100000000000000000000000000000
10101000111111110001110000101000100010110000000000000000000000000000000000000000000000000000000000000000000000000000000000000000000000010000000101101101000101011100001000000000000000000000000000000010111111101110000000111100001000000000000000000000000000000000000100000001001011010011000101001110000000000000000000000000000000
10101000111111110001110000101001010111011000000000000000000000000000000000000000000000000000000000000000000000000000000000000000000000010000000101101101010110101110000100000000000000000000000000000010111111101110000000111100001000000000000000000000000000000000000100000001010000001100010111011101000000000000000000000000000000
10101000111111110001110000101000100010110000000000000000000000000000000000000000000000000000000000000000000000000000000000000000000000010000000101101101000101011100001000000000000000000000000000000010111111101110000000111100001000000000000000000000000000000000000100000001010010100001001010101001100000000000000000000000000000
10101000111111110001110000101001010111011000000000000000000000000000000000000000000000000000000000000000000000000000000000000000000000010000000101101101010110101110000100000000000000000000000000000010111111101110000000111100001000000000000000000000000000000000000100000001010101000100101111011010100000000000000000000000000000
10101000111111110001110000101000100010110000000000000000000000000000000000000000000000000000000000000000000000000000000000000000000000010000000101101101000101011100001000000000000000000000000000000010111111101110000000111100001000000000000000000000000000000000000100000001010111010110010101110100000000000000000000000000000000
10101000111111110001110000101001010111011000000000000000000000000000000000000000000000000000000000000000000000000000000000000000000000010000000101101101010110101110000100000000000000000000000000000010111111101110000000111100001000000000000000000000000000000000000100000001011001111010101001111111000000000000000000000000000000
10101000111111110001110000101000100010110000000000000000000000000000000000000000000000000000000000000000000000000000000000000000000000010000000101101101000101011100001000000000000000000000000000000010111111101110000000111100001000000000000000000000000000000000000100000001011100001010001010001111100000000000000000000000000000
10101000111111110001110000101001001001011000000000000000000000000000000000000000000000000000000000000000000000000000000000000000000000010000000101101101010110101110000100000000000000000000000000000000111111101100010010111101001101001000000000000000000000000000000100000000010101000111010101001111000000000000000000000000000000
10101000111111110001110000101001001011001000000000000000000000000000000000000000000000000000000000000000000000000000000000000000000000010000000101101101000101011100001010000000000000000000000000000000111111101100010010111101001101001000000000000000000000000000000100000000101110010101011000000100000000000000000000000000000000
10101000111111110001110000101001001001011000000000000000000000000000000000000000000000000000000000000000000000000000000000000000000000010000000101101101010110101110000100000000000000000000000000000000111111101100010010111101001101001000000000000000000000000000000100000000111001001111111010101011000000000000000000000000000000
10101000111111110001110000101001001011001000000000000000000000000000000000000000000000000000000000000000000000000000000000000000000000010000000101101101000101011100001010000000000000000000000000000000111111101100010010111101001101001000000000000000000000000000000100000001000001011110011010101000000000000000000000000000000000
10101000111111110001110000101001001001011000000000000000000000000000000000000000000000000000000000000000000000000000000000000000000000010000000101101101010110101110000100000000000000000000000000000000111111101100010010111101001101001000000000000000000000000000000100000001000110100010100011011011100000000000000000000000000000
10101000111111110001110000101001001011001000000000000000000000000000000000000000000000000000000000000000000000000000000000000000000000010000000101101101000101011100001010000000000000000000000000000000111111101100010010111101001101001000000000000000000000000000000100000001001011010011000101001110000000000000000000000000000000
10101000111111110001110000101001001001011000000000000000000000000000000000000000000000000000000000000000000000000000000000000000000000010000000101101101010110101110000100000000000000000000000000000000111111101100010010111101001101001000000000000000000000000000000100000001010000001100010111011101000000000000000000000000000000
10101000111111110001110000101001001011001000000000000000000000000000000000000000000000000000000000000000000000000000000000000000000000010000000101101101000101011100001010000000000000000000000000000000111111101100010010111101001101001000000000000000000000000000000100000001010010100001001010101001100000000000000000000000000000
10101000111111110001110000101001001001011000000000000000000000000000000000000000000000000000000000000000000000000000000000000000000000010000000101101101010110101110000100000000000000000000000000000000111111101100010010111101001101001000000000000000000000000000000100000001010101000100101111011010100000000000000000000000000000
10101000111111110001110000101001001011001000000000000000000000000000000000000000000000000000000000000000000000000000000000000000000000010000000101101101000101011100001010000000000000000000000000000000111111101100010010111101001101001000000000000000000000000000000100000001010111010110010101110100000000000000000000000000000000
10101000111111110001110000101001001001011000000000000000000000000000000000000000000000000000000000000000000000000000000000000000000000010000000101101101010110101110000100000000000000000000000000000000111111101100010010111101001101001000000000000000000000000000000100000001011001111010101001111111000000000000000000000000000000
10101000111111110001110000101001001011001000000000000000000000000000000000000000000000000000000000000000000000000000000000000000000000010000000101101101000101011100001010000000000000000000000000000000111111101100010010111101001101001000000000000000000000000000000100000001011100001010001010001111100000000000000000000000000000
10101000111111110001110000101000100000011000000000000000000000000000000000000000000000000000000000000000000000000000000000000000000000010000000101110000100000111101011100000000000000000000000000000000111111110000101110011100111010100000000000000000000000000000000100000000010101000111010101001111000000000000000000000000000000
10101000111111110001110000101000100000011000000000000000000000000000000000000000000000000000000000000000000000000000000000000000000000010000000101110000001111101011100000000000000000000000000000000000111111110000101110011100111010100000000000000000000000000000000100000000101110010101011000000100000000000000000000000000000000
10101000111111110001110000101000100000011000000000000000000000000000000000000000000000000000000000000000000000000000000000000000000000010000000101110000100000111101011100000000000000000000000000000000111111110000101110011100111010100000000000000000000000000000000100000000111001001111111010101011000000000000000000000000000000
10101000111111110001110000101000100000011000000000000000000000000000000000000000000000000000000000000000000000000000000000000000000000010000000101110000001111101011100000000000000000000000000000000000111111110000101110011100111010100000000000000000000000000000000100000001000001011110011010101000000000000000000000000000000000
10101000111111110001110000101000100000011000000000000000000000000000000000000000000000000000000000000000000000000000000000000000000000010000000101110000100000111101011100000000000000000000000000000000111111110000101110011100111010100000000000000000000000000000000100000001000110100010100011011011100000000000000000000000000000
10101000111111110001110000101000100000011000000000000000000000000000000000000000000000000000000000000000000000000000000000000000000000010000000101110000001111101011100000000000000000000000000000000000111111110000101110011100111010100000000000000000000000000000000100000001001011010011000101001110000000000000000000000000000000
10101000111111110001110000101000100000011000000000000000000000000000000000000000000000000000000000000000000000000000000000000000000000010000000101110000100000111101011100000000000000000000000000000000111111110000101110011100111010100000000000000000000000000000000100000001010000001100010111011101000000000000000000000000000000
10101000111111110001110000101000100000011000000000000000000000000000000000000000000000000000000000000000000000000000000000000000000000010000000101110000001111101011100000000000000000000000000000000000111111110000101110011100111010100000000000000000000000000000000100000001010010100001001010101001100000000000000000000000000000
10101000111111110001110000101000100000011000000000000000000000000000000000000000000000000000000000000000000000000000000000000000000000010000000101110000100000111101011100000000000000000000000000000000111111110000101110011100111010100000000000000000000000000000000100000001010101000100101111011010100000000000000000000000000000
10101000111111110001110000101000100000011000000000000000000000000000000000000000000000000000000000000000000000000000000000000000000000010000000101110000001111101011100000000000000000000000000000000000111111110000101110011100111010100000000000000000000000000000000100000001010111010110010101110100000000000000000000000000000000
10101000111111110001110000101000100000011000000000000000000000000000000000000000000000000000000000000000000000000000000000000000000000010000000101110000100000111101011100000000000000000000000000000000111111110000101110011100111010100000000000000000000000000000000100000001011001111010101001111111000000000000000000000000000000
10101000111111110001110000101000100000011000000000000000000000000000000000000000000000000000000000000000000000000000000000000000000000010000000101110000001111101011100000000000000000000000000000000000111111110000101110011100111010100000000000000000000000000000000100000001011100001010001010001111100000000000000000000000000000
10101000111111110001110000101000011100000000000000000000000000000000000000000000000000000000000000000000000000000000000000000000000000010000000101110000100000111101011100000000000000000000000000000000111111110100111100001100110011010000000000000000000000000000000100000000010101000111010101001111000000000000000000000000000000
10101000111111110001110000101001010010000000000000000000000000000000000000000000000000000000000000000000000000000000000000000000000000010000000101110000001111101011100000000000000000000000000000000000111111110100111100001100110011010000000000000000000000000000000100000000101110010101011000000100000000000000000000000000000000
10101000111111110001110000101000011100000000000000000000000000000000000000000000000000000000000000000000000000000000000000000000000000010000000101110000100000111101011100000000000000000000000000000000111111110100111100001100110011010000000000000000000000000000000100000000111001001111111010101011000000000000000000000000000000
10101000111111110001110000101001010010000000000000000000000000000000000000000000000000000000000000000000000000000000000000000000000000010000000101110000001111101011100000000000000000000000000000000000111111110100111100001100110011010000000000000000000000000000000100000001000001011110011010101000000000000000000000000000000000
10101000111111110001110000101000011100000000000000000000000000000000000000000000000000000000000000000000000000000000000000000000000000010000000101110000100000111101011100000000000000000000000000000000111111110100111100001100110011010000000000000000000000000000000100000001000110100010100011011011100000000000000000000000000000
10101000111111110001110000101001010010000000000000000000000000000000000000000000000000000000000000000000000000000000000000000000000000010000000101110000001111101011100000000000000000000000000000000000111111110100111100001100110011010000000000000000000000000000000100000001001011010011000101001110000000000000000000000000000000
10101000111111110001110000101000011100000000000000000000000000000000000000000000000000000000000000000000000000000000000000000000000000010000000101110000100000111101011100000000000000000000000000000000111111110100111100001100110011010000000000000000000000000000000100000001010000001100010111011101000000000000000000000000000000
10101000111111110001110000101001010010000000000000000000000000000000000000000000000000000000000000000000000000000000000000000000000000010000000101110000001111101011100000000000000000000000000000000000111111110100111100001100110011010000000000000000000000000000000100000001010010100001001010101001100000000000000000000000000000
10101000111111110001110000101000011100000000000000000000000000000000000000000000000000000000000000000000000000000000000000000000000000010000000101110000100000111101011100000000000000000000000000000000111111110100111100001100110011010000000000000000000000000000000100000001010101000100101111011010100000000000000000000000000000
10101000111111110001110000101001010010000000000000000000000000000000000000000000000000000000000000000000000000000000000000000000000000010000000101110000001111101011100000000000000000000000000000000000111111110100111100001100110011010000000000000000000000000000000100000001010111010110010101110100000000000000000000000000000000
10101000111111110001110000101000011100000000000000000000000000000000000000000000000000000000000000000000000000000000000000000000000000010000000101110000100000111101011100000000000000000000000000000000111111110100111100001100110011010000000000000000000000000000000100000001011001111010101001111111000000000000000000000000000000
10101000111111110001110000101001010010000000000000000000000000000000000000000000000000000000000000000000000000000000000000000000000000010000000101110000001111101011100000000000000000000000000000000000111111110100111100001100110011010000000000000000000000000000000100000001011100001010001010001111100000000000000000000000000000
