11111000111111110001000111101011101000010000000000000000000000000000000011110010001001110101101101100110100000000000000000000000000000010000000100100100111101000011100110000000000000000000000000000010111111110001100101011100010100000000000000000000000000000000000011110011110010101101001010010011100000000000000000000000000000
11111000111111110001000111101011101000010000000000000000000000000000000000000000000000000000000000000000000000000000000000000000000000010000000100100011111000101101000100000000000000000000000000000010111111110001100101011100010100000000000000000000000000000000000100000000010010001001011010010001100000000000000000000000000000
11111000111111110001000111101011101000010000000000000000000000000000000000000000000000000000000000000000000000000000000000000000000000010000000100100100111101000011100110000000000000000000000000000010111111110001100101011100010100000000000000000000000000000000000100000000100010011101010101010111000000000000000000000000000000
11111000111111110001000111101011101000010000000000000000000000000000000000000000000000000000000000000000000000000000000000000000000000010000000100100011111000101101000100000000000000000000000000000010111111110001100101011100010100000000000000000000000000000000000100000000101011001110000111100101000000000000000000000000000000
11111000111111110001000111101011101000010000000000000000000000000000000000000000000000000000000000000000000000000000000000000000000000010000000100100100111101000011100110000000000000000000000000000010111111110001100101011100010100000000000000000000000000000000000100000000110010011001010110011011000000000000000000000000000000
11111000111111110001000111101011101000010000000000000000000000000000000000000000000000000000000000000000000000000000000000000000000000010000000100100011111000101101000100000000000000000000000000000010111111110001100101011100010100000000000000000000000000000000000100000000110110100111110110001011000000000000000000000000000000
11111000111111110001000111101011101000010000000000000000000000000000000000000000000000000000000000000000000000000000000000000000000000010000000100100100111101000011100110000000000000000000000000000010111111110001100101011100010100000000000000000000000000000000000100000000111011100000000001101001000000000000000000000000000000
11111000111111110001000111101011101000010000000000000000000000000000000000000000000000000000000000000000000000000000000000000000000000010000000100100011111000101101000100000000000000000000000000000010111111110001100101011100010100000000000000000000000000000000000100000000111111100100101100101001100000000000000000000000000000
11111000111111110001000111101011101000010000000000000000000000000000000000000000000000000000000000000000000000000000000000000000000000010000000100100011111000101101000100000000000000000000000000000010111111110001100101011100010100000000000000000000000000000000001100000000010010001001011010010001100000000000000000000000000000
11111000111111110001000111101011101000010000000000000000000000000000000000000000000000000000000000000000000000000000000000000000000000010000000100100100111101000011100110000000000000000000000000000010111111110001100101011100010100000000000000000000000000000000001100000000100010011101010101010111000000000000000000000000000000
11111000111111110001000111101011101000010000000000000000000000000000000000000000000000000000000000000000000000000000000000000000000000010000000100100011111000101101000100000000000000000000000000000010111111110001100101011100010100000000000000000000000000000000001100000000101011001110000111100101000000000000000000000000000000
11111000111111110001000111101011101000010000000000000000000000000000000000000000000000000000000000000000000000000000000000000000000000010000000100100100111101000011100110000000000000000000000000000010111111110001100101011100010100000000000000000000000000000000001100000000110010011001010110011011000000000000000000000000000000
11111000111111110001000111101011101000010000000000000000000000000000000000000000000000000000000000000000000000000000000000000000000000010000000100100011111000101101000100000000000000000000000000000010111111110001100101011100010100000000000000000000000000000000001100000000110110100111110110001011000000000000000000000000000000
11111000111111110001000111101011101000010000000000000000000000000000000000000000000000000000000000000000000000000000000000000000000000010000000100100100111101000011100110000000000000000000000000000010111111110001100101011100010100000000000000000000000000000000001100000000111011100000000001101001000000000000000000000000000000
11111000111111110001000111101011101000010000000000000000000000000000000000000000000000000000000000000000000000000000000000000000000000010000000100100011111000101101000100000000000000000000000000000010111111110001100101011100010100000000000000000000000000000000001100000000111111100100101100101001100000000000000000000000000000
11111000111111110001000111101011100111100000000000000000000000000000000011110010011100101000011110001111000000000000000000000000000000010000000100100100111101000011100110000000000000000000000000000000111111110001100101011100011010100000000000000000000000000000000011110011011001010000001100010011100000000000000000000000000000
11111000111111110001000111101011100111100000000000000000000000000000000000000000000000000000000000000000000000000000000000000000000000010000000100100011111000101101000100000000000000000000000000000000111111110001100101011100011010100000000000000000000000000000000100000000010010001001011010010001100000000000000000000000000000
11111000111111110001000111101011100111100000000000000000000000000000000000000000000000000000000000000000000000000000000000000000000000010000000100100100111101000011100110000000000000000000000000000000111111110001100101011100011010100000000000000000000000000000000100000000100010011101010101010111000000000000000000000000000000
11111000111111110001000111101011100111100000000000000000000000000000000000000000000000000000000000000000000000000000000000000000000000010000000100100011111000101101000100000000000000000000000000000000111111110001100101011100011010100000000000000000000000000000000100000000101011001110000111100101000000000000000000000000000000
11111000111111110001000111101011100111100000000000000000000000000000000000000000000000000000000000000000000000000000000000000000000000010000000100100100111101000011100110000000000000000000000000000000111111110001100101011100011010100000000000000000000000000000000100000000110010011001010110011011000000000000000000000000000000
11111000111111110001000111101011100111100000000000000000000000000000000000000000000000000000000000000000000000000000000000000000000000010000000100100011111000101101000100000000000000000000000000000000111111110001100101011100011010100000000000000000000000000000000100000000110110100111110110001011000000000000000000000000000000
11111000111111110001000111101011100111100000000000000000000000000000000000000000000000000000000000000000000000000000000000000000000000010000000100100100111101000011100110000000000000000000000000000000111111110001100101011100011010100000000000000000000000000000000100000000111011100000000001101001000000000000000000000000000000
11111000111111110001000111101011100111100000000000000000000000000000000000000000000000000000000000000000000000000000000000000000000000010000000100100011111000101101000100000000000000000000000000000000111111110001100101011100011010100000000000000000000000000000000100000000111111100100101100101001100000000000000000000000000000
11111000111111110001000111101011100111100000000000000000000000000000000000000000000000000000000000000000000000000000000000000000000000010000000100100011111000101101000100000000000000000000000000000000111111110001100101011100011010100000000000000000000000000000001100000000010010001001011010010001100000000000000000000000000000
11111000111111110001000111101011100111100000000000000000000000000000000000000000000000000000000000000000000000000000000000000000000000010000000100100100111101000011100110000000000000000000000000000000111111110001100101011100011010100000000000000000000000000000001100000000100010011101010101010111000000000000000000000000000000
11111000111111110001000111101011100111100000000000000000000000000000000000000000000000000000000000000000000000000000000000000000000000010000000100100011111000101101000100000000000000000000000000000000111111110001100101011100011010100000000000000000000000000000001100000000101011001110000111100101000000000000000000000000000000
11111000111111110001000111101011100111100000000000000000000000000000000000000000000000000000000000000000000000000000000000000000000000010000000100100100111101000011100110000000000000000000000000000000111111110001100101011100011010100000000000000000000000000000001100000000110010011001010110011011000000000000000000000000000000
11111000111111110001000111101011100111100000000000000000000000000000000000000000000000000000000000000000000000000000000000000000000000010000000100100011111000101101000100000000000000000000000000000000111111110001100101011100011010100000000000000000000000000000001100000000110110100111110110001011000000000000000000000000000000
11111000111111110001000111101011100111100000000000000000000000000000000000000000000000000000000000000000000000000000000000000000000000010000000100100100111101000011100110000000000000000000000000000000111111110001100101011100011010100000000000000000000000000000001100000000111011100000000001101001000000000000000000000000000000
11111000111111110001000111101011100111100000000000000000000000000000000000000000000000000000000000000000000000000000000000000000000000010000000100100011111000101101000100000000000000000000000000000000111111110001100101011100011010100000000000000000000000000000001100000000111111100100101100101001100000000000000000000000000000
11001100111111110110011001100111000000000000000000000000000000000000001011111111111001001000011111101101100000000000000000000000000000010000000100101110101110101010000000000000000000000000000000000010111111110010011011000011110100000000000000000000000000000000000100000001100011101000010111000010100000000000000000000000000000
11001100111111110110011001100110000000000000000000000000000000000000001011111111111001001000011111101101100000000000000000000000000000010000000100101110101110101001111110000000000000000000000000000010111111101001100101011100010000000000000000000000000000000000000100000001100011011111110000101001000000000000000000000000000000
11001100111111110110011001100111000000000000000000000000000000000000001011111111111001001000011111101101100000000000000000000000000000010000000100101110101110101001111110000000000000000000000000000000111111101111010000101011010101001000000000000000000000000000000100000001100011101000010111000010100000000000000000000000000000
11001100111111110110011001100110000000000000000000000000000000000000001011111111111001001000011111101101100000000000000000000000000000010000000100101110101110101001111110000000000000000000000000000000111111110100010101000001001101010000000000000000000000000000000100000001100011011111110000101001000000000000000000000000000000
11001100111111110110011001100110000000000000000000000000000000000000001011111111111001001000011111101101100000000000000000000000000000010000000100110100001110010100101010000000000000000000000000000010111111110010011011000011110100000000000000000000000000000000000100000001100011010000001111010111000000000000000000000000000000
11001100111111110110011001100111000000000000000000000000000000000000001011111111111001001000011111101101100000000000000000000000000000010000000100110100001110010100101100000000000000000000000000000010111111101001100101011100010000000000000000000000000000000000000100000001100011000111101000111101100000000000000000000000000000
11001100111111110110011001100110000000000000000000000000000000000000001011111111111001001000011111101101100000000000000000000000000000010000000100110100001110010100101100000000000000000000000000000000111111101111010000101011010101001000000000000000000000000000000100000001100011010000001111010111000000000000000000000000000000
11001100111111110110011001100111000000000000000000000000000000000000001011111111111001001000011111101101100000000000000000000000000000010000000100110100001110010100101100000000000000000000000000000000111111110100010101000001001101010000000000000000000000000000000100000001100011000111101000111101100000000000000000000000000000
11001100111111110110011001100110000000000000000000000000000000000000001011111111111001001000011111101101100000000000000000000000000000010000000100111111010011010100001010000000000000000000000000000010111111110100101100100100111110000000000000000000000000000000000100000001100011011111110000101001000000000000000000000000000000
11001100111111110110011001100111000000000000000000000000000000000000001011111111111001001000011111101101100000000000000000000000000000010000000100111111010011010100001100000000000000000000000000000010111111110000110100101100110100000000000000000000000000000000000100000001100011101000010111000010100000000000000000000000000000
11001100111111110110011001100110000000000000000000000000000000000000001011111111111001001000011111101101100000000000000000000000000000010000000100111111010011010100001100000000000000000000000000000010111111100000000011111101000000000000000000000000000000000000000100000001100011011111110000101001000000000000000000000000000000
11001100111111110110011001100111000000000000000000000000000000000000001011111111111001001000011111101101100000000000000000000000000000010000000100111111010011010100001010000000000000000000000000000000111111110000010100001101001110100000000000000000000000000000000100000001100011101000010111000010100000000000000000000000000000
11001100111111110110011001100110000000000000000000000000000000000000001011111111111001001000011111101101100000000000000000000000000000010000000100111111010011010100001100000000000000000000000000000000111111110100011100010101000111010000000000000000000000000000000100000001100011011111110000101001000000000000000000000000000000
00000000000000000000000000000000000000000000000000000000000000000000000000000000000000000000000000000000000000000000000000000000000000000000000000000000000000000000000000000000000000000000000000000000000000000000000000000000000000000000000000000000000000000000000000000000000000000000000000000000000000000000000000000000000000
00000000000000000000000000000000000000000000000000000000000000000000000000000000000000000000000000000000000000000000000000000000000000000000000000000000000000000000000000000000000000000000000000000000000000000000000000000000000000000000000000000000000000000000000000000000000000000000000000000000000000000000000000000000000000
00000000000000000000000000000000000000000000000000000000000000000000000000000000000000000000000000000000000000000000000000000000000000000000000000000000000000000000000000000000000000000000000000000000000000000000000000000000000000000000000000000000000000000000000000000000000000000000000000000000000000000000000000000000000000
00000000000000000000000000000000000000000000000000000000000000000000000000000000000000000000000000000000000000000000000000000000000000000000000000000000000000000000000000000000000000000000000000000000000000000000000000000000000000000000000000000000000000000000000000000000000000000000000000000000000000000000000000000000000000
00000000000000000000000000000000000000000000000000000000000000000000000000000000000000000000000000000000000000000000000000000000000000000000000000000000000000000000000000000000000000000000000000000000000000000000000000000000000000000000000000000000000000000000000000000000000000000000000000000000000000000000000000000000000000
00000000000000000000000000000000000000000000000000000000000000000000000000000000000000000000000000000000000000000000000000000000000000000000000000000000000000000000000000000000000000000000000000000000000000000000000000000000000000000000000000000000000000000000000000000000000000000000000000000000000000000000000000000000000000
00000000000000000000000000000000000000000000000000000000000000000000000000000000000000000000000000000000000000000000000000000000000000000000000000000000000000000000000000000000000000000000000000000000000000000000000000000000000000000000000000000000000000000000000000000000000000000000000000000000000000000000000000000000000000
00000000000000000000000000000000000000000000000000000000000000000000000000000000000000000000000000000000000000000000000000000000000000000000000000000000000000000000000000000000000000000000000000000000000000000000000000000000000000000000000000000000000000000000000000000000000000000000000000000000000000000000000000000000000000
00000000000000000000000000000000000000000000000000000000000000000000000000000000000000000000000000000000000000000000000000000000000000000000000000000000000000000000000000000000000000000000000000000000000000000000000000000000000000000000000000000000000000000000000000000000000000000000000000000000000000000000000000000000000000
00000000000000000000000000000000000000000000000000000000000000000000000000000000000000000000000000000000000000000000000000000000000000000000000000000000000000000000000000000000000000000000000000000000000000000000000000000000000000000000000000000000000000000000000000000000000000000000000000000000000000000000000000000000000000
00000000000000000000000000000000000000000000000000000000000000000000000000000000000000000000000000000000000000000000000000000000000000000000000000000000000000000000000000000000000000000000000000000000000000000000000000000000000000000000000000000000000000000000000000000000000000000000000000000000000000000000000000000000000000
00000000000000000000000000000000000000000000000000000000000000000000000000000000000000000000000000000000000000000000000000000000000000000000000000000000000000000000000000000000000000000000000000000000000000000000000000000000000000000000000000000000000000000000000000000000000000000000000000000000000000000000000000000000000000
00000000000000000000000000000000000000000000000000000000000000000000000000000000000000000000000000000000000000000000000000000000000000000000000000000000000000000000000000000000000000000000000000000000000000000000000000000000000000000000000000000000000000000000000000000000000000000000000000000000000000000000000000000000000000
00000000000000000000000000000000000000000000000000000000000000000000000000000000000000000000000000000000000000000000000000000000000000000000000000000000000000000000000000000000000000000000000000000000000000000000000000000000000000000000000000000000000000000000000000000000000000000000000000000000000000000000000000000000000000
00000000000000000000000000000000000000000000000000000000000000000000000000000000000000000000000000000000000000000000000000000000000000000000000000000000000000000000000000000000000000000000000000000000000000000000000000000000000000000000000000000000000000000000000000000000000000000000000000000000000000000000000000000000000000
00000000000000000000000000000000000000000000000000000000000000000000000000000000000000000000000000000000000000000000000000000000000000000000000000000000000000000000000000000000000000000000000000000000000000000000000000000000000000000000000000000000000000000000000000000000000000000000000000000000000000000000000000000000000000
00000000000000000000000000000000000000000000000000000000000000000000000000000000000000000000000000000000000000000000000000000000000000000000000000000000000000000000000000000000000000000000000000000000000000000000000000000000000000000000000000000000000000000000000000000000000000000000000000000000000000000000000000000000000000
00000000000000000000000000000000000000000000000000000000000000000000000000000000000000000000000000000000000000000000000000000000000000000000000000000000000000000000000000000000000000000000000000000000000000000000000000000000000000000000000000000000000000000000000000000000000000000000000000000000000000000000000000000000000000
00000000000000000000000000000000000000000000000000000000000000000000000000000000000000000000000000000000000000000000000000000000000000000000000000000000000000000000000000000000000000000000000000000000000000000000000000000000000000000000000000000000000000000000000000000000000000000000000000000000000000000000000000000000000000
00000000000000000000000000000000000000000000000000000000000000000000000000000000000000000000000000000000000000000000000000000000000000000000000000000000000000000000000000000000000000000000000000000000000000000000000000000000000000000000000000000000000000000000000000000000000000000000000000000000000000000000000000000000000000
00000000000000000000000000000000000000000000000000000000000000000000000000000000000000000000000000000000000000000000000000000000000000000000000000000000000000000000000000000000000000000000000000000000000000000000000000000000000000000000000000000000000000000000000000000000000000000000000000000000000000000000000000000000000000
00000000000000000000000000000000000000000000000000000000000000000000000000000000000000000000000000000000000000000000000000000000000000000000000000000000000000000000000000000000000000000000000000000000000000000000000000000000000000000000000000000000000000000000000000000000000000000000000000000000000000000000000000000000000000
00000000000000000000000000000000000000000000000000000000000000000000000000000000000000000000000000000000000000000000000000000000000000000000000000000000000000000000000000000000000000000000000000000000000000000000000000000000000000000000000000000000000000000000000000000000000000000000000000000000000000000000000000000000000000
00000000000000000000000000000000000000000000000000000000000000000000000000000000000000000000000000000000000000000000000000000000000000000000000000000000000000000000000000000000000000000000000000000000000000000000000000000000000000000000000000000000000000000000000000000000000000000000000000000000000000000000000000000000000000
00000000000000000000000000000000000000000000000000000000000000000000000000000000000000000000000000000000000000000000000000000000000000000000000000000000000000000000000000000000000000000000000000000000000000000000000000000000000000000000000000000000000000000000000000000000000000000000000000000000000000000000000000000000000000
00000000000000000000000000000000000000000000000000000000000000000000000000000000000000000000000000000000000000000000000000000000000000000000000000000000000000000000000000000000000000000000000000000000000000000000000000000000000000000000000000000000000000000000000000000000000000000000000000000000000000000000000000000000000000
00000000000000000000000000000000000000000000000000000000000000000000000000000000000000000000000000000000000000000000000000000000000000000000000000000000000000000000000000000000000000000000000000000000000000000000000000000000000000000000000000000000000000000000000000000000000000000000000000000000000000000000000000000000000000
00000000000000000000000000000000000000000000000000000000000000000000000000000000000000000000000000000000000000000000000000000000000000000000000000000000000000000000000000000000000000000000000000000000000000000000000000000000000000000000000000000000000000000000000000000000000000000000000000000000000000000000000000000000000000
00000000000000000000000000000000000000000000000000000000000000000000000000000000000000000000000000000000000000000000000000000000000000000000000000000000000000000000000000000000000000000000000000000000000000000000000000000000000000000000000000000000000000000000000000000000000000000000000000000000000000000000000000000000000000
