10101100111111110001110000101001100011001000000000000000000000000000000000000000000000000000000000000000000000000000000000000000000000010000000101010111011100011110101110000000000000000000000000000010111111110101000001101100101110000000000000000000000000000000001100000000010010110101010101010010000000000000000000000000000000
10101100111111110001110000101000100100100000000000000000000000000000000000000000000000000000000000000000000000000000000000000000000000010000000101010111101101110000101010000000000000000000000000000010111111110101000001101100101110000000000000000000000000000000001100000000101101100001111010000100000000000000000000000000000000
10101100111111110001110000101001100011001000000000000000000000000000000000000000000000000000000000000000000000000000000000000000000000010000000101010111011100011110101110000000000000000000000000000010111111110101000001101100101110000000000000000000000000000000001100000000111000100100001000100110100000000000000000000000000000
10101100111111110001110000101000100100100000000000000000000000000000000000000000000000000000000000000000000000000000000000000000000000010000000101010111101101110000101010000000000000000000000000000010111111110101000001101100101110000000000000000000000000000000001100000001000001010101011010000111000000000000000000000000000000
10101100111111110001110000101001100011001000000000000000000000000000000000000000000000000000000000000000000000000000000000000000000000010000000101010111011100011110101110000000000000000000000000000010111111110101000001101100101110000000000000000000000000000000001100000001000110001001000010111110000000000000000000000000000000
10101100111111110001110000101000100100100000000000000000000000000000000000000000000000000000000000000000000000000000000000000000000000010000000101010111101101110000101010000000000000000000000000000010111111110101000001101100101110000000000000000000000000000000001100000001001011001101111001110111000000000000000000000000000000
10101100111111110001110000101001100011001000000000000000000000000000000000000000000000000000000000000000000000000000000000000000000000010000000101010111011100011110101110000000000000000000000000000010111111110101000001101100101110000000000000000000000000000000001100000001001111110111100000010000100000000000000000000000000000
10101100111111110001110000101000100100100000000000000000000000000000000000000000000000000000000000000000000000000000000000000000000000010000000101010111101101110000101010000000000000000000000000000010111111110101000001101100101110000000000000000000000000000000001100000001010010011110111011011111100000000000000000000000000000
10101100111111110001110000101001100011001000000000000000000000000000000000000000000000000000000000000000000000000000000000000000000000010000000101010111011100011110101110000000000000000000000000000010111111110101000001101100101110000000000000000000000000000000001100000001010100110000100001111001000000000000000000000000000000
10101100111111110001110000101000100100100000000000000000000000000000000000000000000000000000000000000000000000000000000000000000000000010000000101010111101101110000101010000000000000000000000000000010111111110101000001101100101110000000000000000000000000000000001100000001010111010100011100101011000000000000000000000000000000
10101100111111110001110000101001100011001000000000000000000000000000000000000000000000000000000000000000000000000000000000000000000000010000000101010111011100011110101110000000000000000000000000000010111111110101000001101100101110000000000000000000000000000000001100000001011001100101100000010000100000000000000000000000000000
10101100111111110001110000101000100100100000000000000000000000000000000000000000000000000000000000000000000000000000000000000000000000010000000101010111101101110000101010000000000000000000000000000010111111110101000001101100101110000000000000000000000000000000001100000001011100001010001011010001000000000000000000000000000000
10101100111111110001110000101000110001011000000000000000000000000000000000000000000000000000000000000000000000000000000000000000000000010000000101010100010010001111011000000000000000000000000000000010111111110010101100111011101000000000000000000000000000000000001100000000010010110101010101010010000000000000000000000000000000
10101100111111110001110000101001101110010000000000000000000000000000000000000000000000000000000000000000000000000000000000000000000000010000000101010100100011100001010000000000000000000000000000000010111111110010101100111011101000000000000000000000000000000000001100000000101101100001111010000100000000000000000000000000000000
10101100111111110001110000101000110001011000000000000000000000000000000000000000000000000000000000000000000000000000000000000000000000010000000101010100010010001111011000000000000000000000000000000010111111110010101100111011101000000000000000000000000000000000001100000000111000100100001000100110100000000000000000000000000000
10101100111111110001110000101001101110010000000000000000000000000000000000000000000000000000000000000000000000000000000000000000000000010000000101010100100011100001010000000000000000000000000000000010111111110010101100111011101000000000000000000000000000000000001100000001000001010101011010000111000000000000000000000000000000
10101100111111110001110000101000110001011000000000000000000000000000000000000000000000000000000000000000000000000000000000000000000000010000000101010100010010001111011000000000000000000000000000000010111111110010101100111011101000000000000000000000000000000000001100000001000110001001000010111110000000000000000000000000000000
10101100111111110001110000101001101110010000000000000000000000000000000000000000000000000000000000000000000000000000000000000000000000010000000101010100100011100001010000000000000000000000000000000010111111110010101100111011101000000000000000000000000000000000001100000001001011001101111001110111000000000000000000000000000000
10101100111111110001110000101000110001011000000000000000000000000000000000000000000000000000000000000000000000000000000000000000000000010000000101010100010010001111011000000000000000000000000000000010111111110010101100111011101000000000000000000000000000000000001100000001001111110111100000010000100000000000000000000000000000
10101100111111110001110000101001101110010000000000000000000000000000000000000000000000000000000000000000000000000000000000000000000000010000000101010100100011100001010000000000000000000000000000000010111111110010101100111011101000000000000000000000000000000000001100000001010010011110111011011111100000000000000000000000000000
10101100111111110001110000101000110001011000000000000000000000000000000000000000000000000000000000000000000000000000000000000000000000010000000101010100010010001111011000000000000000000000000000000010111111110010101100111011101000000000000000000000000000000000001100000001010100110000100001111001000000000000000000000000000000
10101100111111110001110000101001101110010000000000000000000000000000000000000000000000000000000000000000000000000000000000000000000000010000000101010100100011100001010000000000000000000000000000000010111111110010101100111011101000000000000000000000000000000000001100000001010111010100011100101011000000000000000000000000000000
10101100111111110001110000101000110001011000000000000000000000000000000000000000000000000000000000000000000000000000000000000000000000010000000101010100010010001111011000000000000000000000000000000010111111110010101100111011101000000000000000000000000000000000001100000001011001100101100000010000100000000000000000000000000000
10101100111111110001110000101001101110010000000000000000000000000000000000000000000000000000000000000000000000000000000000000000000000010000000101010100100011100001010000000000000000000000000000000010111111110010101100111011101000000000000000000000000000000000001100000001011100001010001011010001000000000000000000000000000000
10101100111111110001110000101000101100001000000000000000000000000000000000000000000000000000000000000000000000000000000000000000000000010000000101010111011100011110101110000000000000000000000000000010111111101110101100111011101000000000000000000000000000000000001100000000010010110101010101010010000000000000000000000000000000
10101100111111110001110000101001110011101000000000000000000000000000000000000000000000000000000000000000000000000000000000000000000000010000000101010111101101110000101000000000000000000000000000000010111111101110101100111011101000000000000000000000000000000000001100000000101101100001111010000100000000000000000000000000000000
10101100111111110001110000101000101100001000000000000000000000000000000000000000000000000000000000000000000000000000000000000000000000010000000101010111011100011110101110000000000000000000000000000010111111101110101100111011101000000000000000000000000000000000001100000000111000100100001000100110100000000000000000000000000000
10101100111111110001110000101001110011101000000000000000000000000000000000000000000000000000000000000000000000000000000000000000000000010000000101010111101101110000101000000000000000000000000000000010111111101110101100111011101000000000000000000000000000000000001100000001000001010101011010000111000000000000000000000000000000
10101100111111110001110000101000101100001000000000000000000000000000000000000000000000000000000000000000000000000000000000000000000000010000000101010111011100011110101110000000000000000000000000000010111111101110101100111011101000000000000000000000000000000000001100000001000110001001000010111110000000000000000000000000000000
10101100111111110001110000101001110011101000000000000000000000000000000000000000000000000000000000000000000000000000000000000000000000010000000101010111101101110000101000000000000000000000000000000010111111101110101100111011101000000000000000000000000000000000001100000001001011001101111001110111000000000000000000000000000000
10101100111111110001110000101000101100001000000000000000000000000000000000000000000000000000000000000000000000000000000000000000000000010000000101010111011100011110101110000000000000000000000000000010111111101110101100111011101000000000000000000000000000000000001100000001001111110111100000010000100000000000000000000000000000
10101100111111110001110000101001110011101000000000000000000000000000000000000000000000000000000000000000000000000000000000000000000000010000000101010111101101110000101000000000000000000000000000000010111111101110101100111011101000000000000000000000000000000000001100000001010010011110111011011111100000000000000000000000000000
10101100111111110001110000101000101100001000000000000000000000000000000000000000000000000000000000000000000000000000000000000000000000010000000101010111011100011110101110000000000000000000000000000010111111101110101100111011101000000000000000000000000000000000001100000001010100110000100001111001000000000000000000000000000000
10101100111111110001110000101001110011101000000000000000000000000000000000000000000000000000000000000000000000000000000000000000000000010000000101010111101101110000101000000000000000000000000000000010111111101110101100111011101000000000000000000000000000000000001100000001010111010100011100101011000000000000000000000000000000
10101100111111110001110000101000101100001000000000000000000000000000000000000000000000000000000000000000000000000000000000000000000000010000000101010111011100011110101110000000000000000000000000000010111111101110101100111011101000000000000000000000000000000000001100000001011001100101100000010000100000000000000000000000000000
10101100111111110001110000101001110011101000000000000000000000000000000000000000000000000000000000000000000000000000000000000000000000010000000101010111101101110000101000000000000000000000000000000010111111101110101100111011101000000000000000000000000000000000001100000001011100001010001011010001000000000000000000000000000000
10101100111111110001110000101000110100011000000000000000000000000000000000000000000000000000000000000000000000000000000000000000000000010000000101010111011100011110101110000000000000000000000000000000111111101110101100111011101101001000000000000000000000000000001100000000010010110101010101010010000000000000000000000000000000
10101100111111110001110000101000110100011000000000000000000000000000000000000000000000000000000000000000000000000000000000000000000000010000000101010111101101110000101010000000000000000000000000000000111111101110101100111011101101001000000000000000000000000000001100000000101101100001111010000100000000000000000000000000000000
10101100111111110001110000101000110100011000000000000000000000000000000000000000000000000000000000000000000000000000000000000000000000010000000101010111011100011110101110000000000000000000000000000000111111101110101100111011101101001000000000000000000000000000001100000000111000100100001000100110100000000000000000000000000000
10101100111111110001110000101000110100011000000000000000000000000000000000000000000000000000000000000000000000000000000000000000000000010000000101010111101101110000101010000000000000000000000000000000111111101110101100111011101101001000000000000000000000000000001100000001000001010101011010000111000000000000000000000000000000
10101100111111110001110000101000110100011000000000000000000000000000000000000000000000000000000000000000000000000000000000000000000000010000000101010111011100011110101110000000000000000000000000000000111111101110101100111011101101001000000000000000000000000000001100000001000110001001000010111110000000000000000000000000000000
10101100111111110001110000101000110100011000000000000000000000000000000000000000000000000000000000000000000000000000000000000000000000010000000101010111101101110000101010000000000000000000000000000000111111101110101100111011101101001000000000000000000000000000001100000001001011001101111001110111000000000000000000000000000000
10101100111111110001110000101000110100011000000000000000000000000000000000000000000000000000000000000000000000000000000000000000000000010000000101010111011100011110101110000000000000000000000000000000111111101110101100111011101101001000000000000000000000000000001100000001001111110111100000010000100000000000000000000000000000
10101100111111110001110000101000110100011000000000000000000000000000000000000000000000000000000000000000000000000000000000000000000000010000000101010111101101110000101010000000000000000000000000000000111111101110101100111011101101001000000000000000000000000000001100000001010010011110111011011111100000000000000000000000000000
10101100111111110001110000101000110100011000000000000000000000000000000000000000000000000000000000000000000000000000000000000000000000010000000101010111011100011110101110000000000000000000000000000000111111101110101100111011101101001000000000000000000000000000001100000001010100110000100001111001000000000000000000000000000000
10101100111111110001110000101000110100011000000000000000000000000000000000000000000000000000000000000000000000000000000000000000000000010000000101010111101101110000101010000000000000000000000000000000111111101110101100111011101101001000000000000000000000000000001100000001010111010100011100101011000000000000000000000000000000
10101100111111110001110000101000110100011000000000000000000000000000000000000000000000000000000000000000000000000000000000000000000000010000000101010111011100011110101110000000000000000000000000000000111111101110101100111011101101001000000000000000000000000000001100000001011001100101100000010000100000000000000000000000000000
10101100111111110001110000101000110100011000000000000000000000000000000000000000000000000000000000000000000000000000000000000000000000010000000101010111101101110000101010000000000000000000000000000000111111101110101100111011101101001000000000000000000000000000001100000001011100001010001011010001000000000000000000000000000000
10101100111111110001110000101001000111111000000000000000000000000000000000000000000000000000000000000000000000000000000000000000000000010000000101010100010010001111011000000000000000000000000000000000111111110010101100111011101010100000000000000000000000000000001100000000010010110101010101010010000000000000000000000000000000
10101100111111110001110000101000110010011000000000000000000000000000000000000000000000000000000000000000000000000000000000000000000000010000000101010100100011100001010010000000000000000000000000000000111111110010101100111011101010100000000000000000000000000000001100000000101101100001111010000100000000000000000000000000000000
10101100111111110001110000101001000111111000000000000000000000000000000000000000000000000000000000000000000000000000000000000000000000010000000101010100010010001111011000000000000000000000000000000000111111110010101100111011101010100000000000000000000000000000001100000000111000100100001000100110100000000000000000000000000000
10101100111111110001110000101000110010011000000000000000000000000000000000000000000000000000000000000000000000000000000000000000000000010000000101010100100011100001010010000000000000000000000000000000111111110010101100111011101010100000000000000000000000000000001100000001000001010101011010000111000000000000000000000000000000
10101100111111110001110000101001000111111000000000000000000000000000000000000000000000000000000000000000000000000000000000000000000000010000000101010100010010001111011000000000000000000000000000000000111111110010101100111011101010100000000000000000000000000000001100000001000110001001000010111110000000000000000000000000000000
10101100111111110001110000101000110010011000000000000000000000000000000000000000000000000000000000000000000000000000000000000000000000010000000101010100100011100001010010000000000000000000000000000000111111110010101100111011101010100000000000000000000000000000001100000001001011001101111001110111000000000000000000000000000000
10101100111111110001110000101001000111111000000000000000000000000000000000000000000000000000000000000000000000000000000000000000000000010000000101010100010010001111011000000000000000000000000000000000111111110010101100111011101010100000000000000000000000000000001100000001001111110111100000010000100000000000000000000000000000
10101100111111110001110000101000110010011000000000000000000000000000000000000000000000000000000000000000000000000000000000000000000000010000000101010100100011100001010010000000000000000000000000000000111111110010101100111011101010100000000000000000000000000000001100000001010010011110111011011111100000000000000000000000000000
10101100111111110001110000101001000111111000000000000000000000000000000000000000000000000000000000000000000000000000000000000000000000010000000101010100010010001111011000000000000000000000000000000000111111110010101100111011101010100000000000000000000000000000001100000001010100110000100001111001000000000000000000000000000000
10101100111111110001110000101000110010011000000000000000000000000000000000000000000000000000000000000000000000000000000000000000000000010000000101010100100011100001010010000000000000000000000000000000111111110010101100111011101010100000000000000000000000000000001100000001010111010100011100101011000000000000000000000000000000
10101100111111110001110000101001000111111000000000000000000000000000000000000000000000000000000000000000000000000000000000000000000000010000000101010100010010001111011000000000000000000000000000000000111111110010101100111011101010100000000000000000000000000000001100000001011001100101100000010000100000000000000000000000000000
10101100111111110001110000101000110010011000000000000000000000000000000000000000000000000000000000000000000000000000000000000000000000010000000101010100100011100001010010000000000000000000000000000000111111110010101100111011101010100000000000000000000000000000001100000001011100001010001011010001000000000000000000000000000000
10101100111111110001110000101001000111111000000000000000000000000000000000000000000000000000000000000000000000000000000000000000000000010000000101010111011100011110101110000000000000000000000000000000111111110101000001101100101111010000000000000000000000000000001100000000010010110101010101010010000000000000000000000000000000
10101100111111110001110000101001000111111000000000000000000000000000000000000000000000000000000000000000000000000000000000000000000000010000000101010111101101110000101010000000000000000000000000000000111111110101000001101100101111010000000000000000000000000000001100000000101101100001111010000100000000000000000000000000000000
10101100111111110001110000101001000111111000000000000000000000000000000000000000000000000000000000000000000000000000000000000000000000010000000101010111011100011110101110000000000000000000000000000000111111110101000001101100101111010000000000000000000000000000001100000000111000100100001000100110100000000000000000000000000000
10101100111111110001110000101001000111111000000000000000000000000000000000000000000000000000000000000000000000000000000000000000000000010000000101010111101101110000101010000000000000000000000000000000111111110101000001101100101111010000000000000000000000000000001100000001000001010101011010000111000000000000000000000000000000
10101100111111110001110000101001000111111000000000000000000000000000000000000000000000000000000000000000000000000000000000000000000000010000000101010111011100011110101110000000000000000000000000000000111111110101000001101100101111010000000000000000000000000000001100000001000110001001000010111110000000000000000000000000000000
10101100111111110001110000101001000111111000000000000000000000000000000000000000000000000000000000000000000000000000000000000000000000010000000101010111101101110000101010000000000000000000000000000000111111110101000001101100101111010000000000000000000000000000001100000001001011001101111001110111000000000000000000000000000000
10101100111111110001110000101001000111111000000000000000000000000000000000000000000000000000000000000000000000000000000000000000000000010000000101010111011100011110101110000000000000000000000000000000111111110101000001101100101111010000000000000000000000000000001100000001001111110111100000010000100000000000000000000000000000
10101100111111110001110000101001000111111000000000000000000000000000000000000000000000000000000000000000000000000000000000000000000000010000000101010111101101110000101010000000000000000000000000000000111111110101000001101100101111010000000000000000000000000000001100000001010010011110111011011111100000000000000000000000000000
10101100111111110001110000101001000111111000000000000000000000000000000000000000000000000000000000000000000000000000000000000000000000010000000101010111011100011110101110000000000000000000000000000000111111110101000001101100101111010000000000000000000000000000001100000001010100110000100001111001000000000000000000000000000000
10101100111111110001110000101001000111111000000000000000000000000000000000000000000000000000000000000000000000000000000000000000000000010000000101010111101101110000101010000000000000000000000000000000111111110101000001101100101111010000000000000000000000000000001100000001010111010100011100101011000000000000000000000000000000
10101100111111110001110000101001000111111000000000000000000000000000000000000000000000000000000000000000000000000000000000000000000000010000000101010111011100011110101110000000000000000000000000000000111111110101000001101100101111010000000000000000000000000000001100000001011001100101100000010000100000000000000000000000000000
10101100111111110001110000101001000111111000000000000000000000000000000000000000000000000000000000000000000000000000000000000000000000010000000101010111101101110000101010000000000000000000000000000000111111110101000001101100101111010000000000000000000000000000001100000001011100001010001011010001000000000000000000000000000000
