10101000111111110001110000101000100111001000000000000000000000000000000000000000000000000000000000000000000000000000000000000000000000010000000101110000001111101011100000000000000000000000000000000010111111110011010011011011010000000000000000000000000000000000001100000000010010110101010101010010000000000000000000000000000000
10101000111111110001110000101001001101100000000000000000000000000000000000000000000000000000000000000000000000000000000000000000000000010000000101110000100000111101011100000000000000000000000000000010111111110011010011011011010000000000000000000000000000000000001100000000101101100001111010000100000000000000000000000000000000
10101000111111110001110000101000100111001000000000000000000000000000000000000000000000000000000000000000000000000000000000000000000000010000000101110000001111101011100000000000000000000000000000000010111111110011010011011011010000000000000000000000000000000000001100000000111000100100001000100110100000000000000000000000000000
10101000111111110001110000101001001101100000000000000000000000000000000000000000000000000000000000000000000000000000000000000000000000010000000101110000100000111101011100000000000000000000000000000010111111110011010011011011010000000000000000000000000000000000001100000001000001010101011010000111000000000000000000000000000000
10101000111111110001110000101000100111001000000000000000000000000000000000000000000000000000000000000000000000000000000000000000000000010000000101110000001111101011100000000000000000000000000000000010111111110011010011011011010000000000000000000000000000000000001100000001000110001001000010111110000000000000000000000000000000
10101000111111110001110000101001001101100000000000000000000000000000000000000000000000000000000000000000000000000000000000000000000000010000000101110000100000111101011100000000000000000000000000000010111111110011010011011011010000000000000000000000000000000000001100000001001011001101111001110111000000000000000000000000000000
10101000111111110001110000101000100111001000000000000000000000000000000000000000000000000000000000000000000000000000000000000000000000010000000101110000001111101011100000000000000000000000000000000010111111110011010011011011010000000000000000000000000000000000001100000001001111110111100000010000100000000000000000000000000000
10101000111111110001110000101001001101100000000000000000000000000000000000000000000000000000000000000000000000000000000000000000000000010000000101110000100000111101011100000000000000000000000000000010111111110011010011011011010000000000000000000000000000000000001100000001010010011110111011011111100000000000000000000000000000
10101000111111110001110000101000100111001000000000000000000000000000000000000000000000000000000000000000000000000000000000000000000000010000000101110000001111101011100000000000000000000000000000000010111111110011010011011011010000000000000000000000000000000000001100000001010100110000100001111001000000000000000000000000000000
10101000111111110001110000101001001101100000000000000000000000000000000000000000000000000000000000000000000000000000000000000000000000010000000101110000100000111101011100000000000000000000000000000010111111110011010011011011010000000000000000000000000000000000001100000001010111010100011100101011000000000000000000000000000000
10101000111111110001110000101000100111001000000000000000000000000000000000000000000000000000000000000000000000000000000000000000000000010000000101110000001111101011100000000000000000000000000000000010111111110011010011011011010000000000000000000000000000000000001100000001011001100101100000010000100000000000000000000000000000
10101000111111110001110000101001001101100000000000000000000000000000000000000000000000000000000000000000000000000000000000000000000000010000000101110000100000111101011100000000000000000000000000000010111111110011010011011011010000000000000000000000000000000000001100000001011100001010001011010001000000000000000000000000000000
10101000111111110001110000101001010000010000000000000000000000000000000000000000000000000000000000000000000000000000000000000000000000010000000101101101000101011100001100000000000000000000000000000010111111110000101110011100111100000000000000000000000000000000001100000000010010110101010101010010000000000000000000000000000000
10101000111111110001110000101000100000011000000000000000000000000000000000000000000000000000000000000000000000000000000000000000000000010000000101101101010110101110000100000000000000000000000000000010111111110000101110011100111100000000000000000000000000000000001100000000101101100001111010000100000000000000000000000000000000
10101000111111110001110000101001010000010000000000000000000000000000000000000000000000000000000000000000000000000000000000000000000000010000000101101101000101011100001100000000000000000000000000000010111111110000101110011100111100000000000000000000000000000000001100000000111000100100001000100110100000000000000000000000000000
10101000111111110001110000101000100000011000000000000000000000000000000000000000000000000000000000000000000000000000000000000000000000010000000101101101010110101110000100000000000000000000000000000010111111110000101110011100111100000000000000000000000000000000001100000001000001010101011010000111000000000000000000000000000000
10101000111111110001110000101001010000010000000000000000000000000000000000000000000000000000000000000000000000000000000000000000000000010000000101101101000101011100001100000000000000000000000000000010111111110000101110011100111100000000000000000000000000000000001100000001000110001001000010111110000000000000000000000000000000
10101000111111110001110000101000100000011000000000000000000000000000000000000000000000000000000000000000000000000000000000000000000000010000000101101101010110101110000100000000000000000000000000000010111111110000101110011100111100000000000000000000000000000000001100000001001011001101111001110111000000000000000000000000000000
10101000111111110001110000101001010000010000000000000000000000000000000000000000000000000000000000000000000000000000000000000000000000010000000101101101000101011100001100000000000000000000000000000010111111110000101110011100111100000000000000000000000000000000001100000001001111110111100000010000100000000000000000000000000000
10101000111111110001110000101000100000011000000000000000000000000000000000000000000000000000000000000000000000000000000000000000000000010000000101101101010110101110000100000000000000000000000000000010111111110000101110011100111100000000000000000000000000000000001100000001010010011110111011011111100000000000000000000000000000
10101000111111110001110000101001010000010000000000000000000000000000000000000000000000000000000000000000000000000000000000000000000000010000000101101101000101011100001100000000000000000000000000000010111111110000101110011100111100000000000000000000000000000000001100000001010100110000100001111001000000000000000000000000000000
10101000111111110001110000101000100000011000000000000000000000000000000000000000000000000000000000000000000000000000000000000000000000010000000101101101010110101110000100000000000000000000000000000010111111110000101110011100111100000000000000000000000000000000001100000001010111010100011100101011000000000000000000000000000000
10101000111111110001110000101001010000010000000000000000000000000000000000000000000000000000000000000000000000000000000000000000000000010000000101101101000101011100001100000000000000000000000000000010111111110000101110011100111100000000000000000000000000000000001100000001011001100101100000010000100000000000000000000000000000
10101000111111110001110000101000100000011000000000000000000000000000000000000000000000000000000000000000000000000000000000000000000000010000000101101101010110101110000100000000000000000000000000000010111111110000101110011100111100000000000000000000000000000000001100000001011100001010001011010001000000000000000000000000000000
10101000111111110001110000101001001011001000000000000000000000000000000000000000000000000000000000000000000000000000000000000000000000010000000101110000001111101011100010000000000000000000000000000010111111101100010010111101001100000000000000000000000000000000001100000000010010110101010101010010000000000000000000000000000000
10101000111111110001110000101001001001011000000000000000000000000000000000000000000000000000000000000000000000000000000000000000000000010000000101110000100000111101011100000000000000000000000000000010111111101100010010111101001100000000000000000000000000000000001100000000101101100001111010000100000000000000000000000000000000
10101000111111110001110000101001001011001000000000000000000000000000000000000000000000000000000000000000000000000000000000000000000000010000000101110000001111101011100010000000000000000000000000000010111111101100010010111101001100000000000000000000000000000000001100000000111000100100001000100110100000000000000000000000000000
10101000111111110001110000101001001001011000000000000000000000000000000000000000000000000000000000000000000000000000000000000000000000010000000101110000100000111101011100000000000000000000000000000010111111101100010010111101001100000000000000000000000000000000001100000001000001010101011010000111000000000000000000000000000000
10101000111111110001110000101001001011001000000000000000000000000000000000000000000000000000000000000000000000000000000000000000000000010000000101110000001111101011100010000000000000000000000000000010111111101100010010111101001100000000000000000000000000000000001100000001000110001001000010111110000000000000000000000000000000
10101000111111110001110000101001001001011000000000000000000000000000000000000000000000000000000000000000000000000000000000000000000000010000000101110000100000111101011100000000000000000000000000000010111111101100010010111101001100000000000000000000000000000000001100000001001011001101111001110111000000000000000000000000000000
10101000111111110001110000101001001011001000000000000000000000000000000000000000000000000000000000000000000000000000000000000000000000010000000101110000001111101011100010000000000000000000000000000010111111101100010010111101001100000000000000000000000000000000001100000001001111110111100000010000100000000000000000000000000000
10101000111111110001110000101001001001011000000000000000000000000000000000000000000000000000000000000000000000000000000000000000000000010000000101110000100000111101011100000000000000000000000000000010111111101100010010111101001100000000000000000000000000000000001100000001010010011110111011011111100000000000000000000000000000
10101000111111110001110000101001001011001000000000000000000000000000000000000000000000000000000000000000000000000000000000000000000000010000000101110000001111101011100010000000000000000000000000000010111111101100010010111101001100000000000000000000000000000000001100000001010100110000100001111001000000000000000000000000000000
10101000111111110001110000101001001001011000000000000000000000000000000000000000000000000000000000000000000000000000000000000000000000010000000101110000100000111101011100000000000000000000000000000010111111101100010010111101001100000000000000000000000000000000001100000001010111010100011100101011000000000000000000000000000000
10101000111111110001110000101001001011001000000000000000000000000000000000000000000000000000000000000000000000000000000000000000000000010000000101110000001111101011100010000000000000000000000000000010111111101100010010111101001100000000000000000000000000000000001100000001011001100101100000010000100000000000000000000000000000
10101000111111110001110000101001001001011000000000000000000000000000000000000000000000000000000000000000000000000000000000000000000000010000000101110000100000111101011100000000000000000000000000000010111111101100010010111101001100000000000000000000000000000000001100000001011100001010001011010001000000000000000000000000000000
10101000111111110001110000101001010111011000000000000000000000000000000000000000000000000000000000000000000000000000000000000000000000010000000101110000001111101011100010000000000000000000000000000000111111101110000000111100001000000000000000000000000000000000001100000000010010110101010101010010000000000000000000000000000000
10101000111111110001110000101001010111011000000000000000000000000000000000000000000000000000000000000000000000000000000000000000000000010000000101110000100000111101011110000000000000000000000000000000111111101110000000111100001000000000000000000000000000000000001100000000101101100001111010000100000000000000000000000000000000
10101000111111110001110000101001010111011000000000000000000000000000000000000000000000000000000000000000000000000000000000000000000000010000000101110000001111101011100010000000000000000000000000000000111111101110000000111100001000000000000000000000000000000000001100000000111000100100001000100110100000000000000000000000000000
10101000111111110001110000101001010111011000000000000000000000000000000000000000000000000000000000000000000000000000000000000000000000010000000101110000100000111101011110000000000000000000000000000000111111101110000000111100001000000000000000000000000000000000001100000001000001010101011010000111000000000000000000000000000000
10101000111111110001110000101001010111011000000000000000000000000000000000000000000000000000000000000000000000000000000000000000000000010000000101110000001111101011100010000000000000000000000000000000111111101110000000111100001000000000000000000000000000000000001100000001000110001001000010111110000000000000000000000000000000
10101000111111110001110000101001010111011000000000000000000000000000000000000000000000000000000000000000000000000000000000000000000000010000000101110000100000111101011110000000000000000000000000000000111111101110000000111100001000000000000000000000000000000000001100000001001011001101111001110111000000000000000000000000000000
10101000111111110001110000101001010111011000000000000000000000000000000000000000000000000000000000000000000000000000000000000000000000010000000101110000001111101011100010000000000000000000000000000000111111101110000000111100001000000000000000000000000000000000001100000001001111110111100000010000100000000000000000000000000000
10101000111111110001110000101001010111011000000000000000000000000000000000000000000000000000000000000000000000000000000000000000000000010000000101110000100000111101011110000000000000000000000000000000111111101110000000111100001000000000000000000000000000000000001100000001010010011110111011011111100000000000000000000000000000
10101000111111110001110000101001010111011000000000000000000000000000000000000000000000000000000000000000000000000000000000000000000000010000000101110000001111101011100010000000000000000000000000000000111111101110000000111100001000000000000000000000000000000000001100000001010100110000100001111001000000000000000000000000000000
10101000111111110001110000101001010111011000000000000000000000000000000000000000000000000000000000000000000000000000000000000000000000010000000101110000100000111101011110000000000000000000000000000000111111101110000000111100001000000000000000000000000000000000001100000001010111010100011100101011000000000000000000000000000000
10101000111111110001110000101001010111011000000000000000000000000000000000000000000000000000000000000000000000000000000000000000000000010000000101110000001111101011100010000000000000000000000000000000111111101110000000111100001000000000000000000000000000000000001100000001011001100101100000010000100000000000000000000000000000
10101000111111110001110000101001010111011000000000000000000000000000000000000000000000000000000000000000000000000000000000000000000000010000000101110000100000111101011110000000000000000000000000000000111111101110000000111100001000000000000000000000000000000000001100000001011100001010001011010001000000000000000000000000000000
10101000111111110001110000101000111000011000000000000000000000000000000000000000000000000000000000000000000000000000000000000000000000010000000101101101000101011100001010000000000000000000000000000000111111110001100101011100011000000000000000000000000000000000001100000000010010110101010101010010000000000000000000000000000000
10101000111111110001110000101000111000011000000000000000000000000000000000000000000000000000000000000000000000000000000000000000000000010000000101101101010110101110000100000000000000000000000000000000111111110001100101011100011000000000000000000000000000000000001100000000101101100001111010000100000000000000000000000000000000
10101000111111110001110000101000111000011000000000000000000000000000000000000000000000000000000000000000000000000000000000000000000000010000000101101101000101011100001010000000000000000000000000000000111111110001100101011100011000000000000000000000000000000000001100000000111000100100001000100110100000000000000000000000000000
10101000111111110001110000101000111000011000000000000000000000000000000000000000000000000000000000000000000000000000000000000000000000010000000101101101010110101110000100000000000000000000000000000000111111110001100101011100011000000000000000000000000000000000001100000001000001010101011010000111000000000000000000000000000000
10101000111111110001110000101000111000011000000000000000000000000000000000000000000000000000000000000000000000000000000000000000000000010000000101101101000101011100001010000000000000000000000000000000111111110001100101011100011000000000000000000000000000000000001100000001000110001001000010111110000000000000000000000000000000
10101000111111110001110000101000111000011000000000000000000000000000000000000000000000000000000000000000000000000000000000000000000000010000000101101101010110101110000100000000000000000000000000000000111111110001100101011100011000000000000000000000000000000000001100000001001011001101111001110111000000000000000000000000000000
10101000111111110001110000101000111000011000000000000000000000000000000000000000000000000000000000000000000000000000000000000000000000010000000101101101000101011100001010000000000000000000000000000000111111110001100101011100011000000000000000000000000000000000001100000001001111110111100000010000100000000000000000000000000000
10101000111111110001110000101000111000011000000000000000000000000000000000000000000000000000000000000000000000000000000000000000000000010000000101101101010110101110000100000000000000000000000000000000111111110001100101011100011000000000000000000000000000000000001100000001010010011110111011011111100000000000000000000000000000
10101000111111110001110000101000111000011000000000000000000000000000000000000000000000000000000000000000000000000000000000000000000000010000000101101101000101011100001010000000000000000000000000000000111111110001100101011100011000000000000000000000000000000000001100000001010100110000100001111001000000000000000000000000000000
10101000111111110001110000101000111000011000000000000000000000000000000000000000000000000000000000000000000000000000000000000000000000010000000101101101010110101110000100000000000000000000000000000000111111110001100101011100011000000000000000000000000000000000001100000001010111010100011100101011000000000000000000000000000000
10101000111111110001110000101000111000011000000000000000000000000000000000000000000000000000000000000000000000000000000000000000000000010000000101101101000101011100001010000000000000000000000000000000111111110001100101011100011000000000000000000000000000000000001100000001011001100101100000010000100000000000000000000000000000
10101000111111110001110000101000111000011000000000000000000000000000000000000000000000000000000000000000000000000000000000000000000000010000000101101101010110101110000100000000000000000000000000000000111111110001100101011100011000000000000000000000000000000000001100000001011100001010001011010001000000000000000000000000000000
10101000111111110001110000101001010000101000000000000000000000000000000000000000000000000000000000000000000000000000000000000000000000010000000101101101000101011100001010000000000000000000000000000000111111110101010111101100100001000000000000000000000000000000001100000000010010110101010101010010000000000000000000000000000000
10101000111111110001110000101001010000101000000000000000000000000000000000000000000000000000000000000000000000000000000000000000000000010000000101101101010110101110000100000000000000000000000000000000111111110101010111101100100001000000000000000000000000000000001100000000101101100001111010000100000000000000000000000000000000
10101000111111110001110000101001010000101000000000000000000000000000000000000000000000000000000000000000000000000000000000000000000000010000000101101101000101011100001010000000000000000000000000000000111111110101010111101100100001000000000000000000000000000000001100000000111000100100001000100110100000000000000000000000000000
10101000111111110001110000101001010000101000000000000000000000000000000000000000000000000000000000000000000000000000000000000000000000010000000101101101010110101110000100000000000000000000000000000000111111110101010111101100100001000000000000000000000000000000001100000001000001010101011010000111000000000000000000000000000000
10101000111111110001110000101001010000101000000000000000000000000000000000000000000000000000000000000000000000000000000000000000000000010000000101101101000101011100001010000000000000000000000000000000111111110101010111101100100001000000000000000000000000000000001100000001000110001001000010111110000000000000000000000000000000
10101000111111110001110000101001010000101000000000000000000000000000000000000000000000000000000000000000000000000000000000000000000000010000000101101101010110101110000100000000000000000000000000000000111111110101010111101100100001000000000000000000000000000000001100000001001011001101111001110111000000000000000000000000000000
10101000111111110001110000101001010000101000000000000000000000000000000000000000000000000000000000000000000000000000000000000000000000010000000101101101000101011100001010000000000000000000000000000000111111110101010111101100100001000000000000000000000000000000001100000001001111110111100000010000100000000000000000000000000000
10101000111111110001110000101001010000101000000000000000000000000000000000000000000000000000000000000000000000000000000000000000000000010000000101101101010110101110000100000000000000000000000000000000111111110101010111101100100001000000000000000000000000000000001100000001010010011110111011011111100000000000000000000000000000
10101000111111110001110000101001010000101000000000000000000000000000000000000000000000000000000000000000000000000000000000000000000000010000000101101101000101011100001010000000000000000000000000000000111111110101010111101100100001000000000000000000000000000000001100000001010100110000100001111001000000000000000000000000000000
10101000111111110001110000101001010000101000000000000000000000000000000000000000000000000000000000000000000000000000000000000000000000010000000101101101010110101110000100000000000000000000000000000000111111110101010111101100100001000000000000000000000000000000001100000001010111010100011100101011000000000000000000000000000000
10101000111111110001110000101001010000101000000000000000000000000000000000000000000000000000000000000000000000000000000000000000000000010000000101101101000101011100001010000000000000000000000000000000111111110101010111101100100001000000000000000000000000000000001100000001011001100101100000010000100000000000000000000000000000
10101000111111110001110000101001010000101000000000000000000000000000000000000000000000000000000000000000000000000000000000000000000000010000000101101101010110101110000100000000000000000000000000000000111111110101010111101100100001000000000000000000000000000000001100000001011100001010001011010001000000000000000000000000000000
