11001000111111110110011001100110000000000000000000000000000000000000001011111111111001001000011111101101100000000000000000000000000000010000000100101110101110101001111110000000000000000000000000000010111111110011100010100011001000000000000000000000000000000000000100000001100000101001110011001101000000000000000000000000000000
11001000111111110110011001100110000000000000000000000000000000000000001011111111111001001000011111101101100000000000000000000000000000010000000100101110101110101001111110000000000000000000000000000010111111101101000001101100110000000000000000000000000000000000000100000001100000100001001100110011000000000000000000000000000000
11001000111111110110011001100110000000000000000000000000000000000000001011111111111001001000011111101101100000000000000000000000000000010000000100101110101110101001111110000000000000000000000000000000111111101101000001101100101101001000000000000000000000000000000100000001100000101001110011001101000000000000000000000000000000
11001000111111110110011001100110000000000000000000000000000000000000001011111111111001001000011111101101100000000000000000000000000000010000000100101110101110101001111110000000000000000000000000000000111111110011100010100011000110100000000000000000000000000000000100000001100000100001001100110011000000000000000000000000000000
11001000111111110110011001100110000000000000000000000000000000000000001011111111111001001000011111101101100000000000000000000000000000010000000100110100001110010100101100000000000000000000000000000010111111110011100010100011001000000000000000000000000000000000000100000001100000010001101011100001100000000000000000000000000000
11001000111111110110011001100110000000000000000000000000000000000000001011111111111001001000011111101101100000000000000000000000000000010000000100110100001110010100101100000000000000000000000000000010111111101101000001101100110000000000000000000000000000000000000100000001100000001001000101000111100000000000000000000000000000
11001000111111110110011001100110000000000000000000000000000000000000001011111111111001001000011111101101100000000000000000000000000000010000000100110100001110010100101100000000000000000000000000000000111111101101000001101100101101001000000000000000000000000000000100000001100000010001101011100001100000000000000000000000000000
11001000111111110110011001100110000000000000000000000000000000000000001011111111111001001000011111101101100000000000000000000000000000010000000100110100001110010100101100000000000000000000000000000000111111110011100010100011000110100000000000000000000000000000000100000001100000001001000101000111100000000000000000000000000000
11001000111111110110011001100110000000000000000000000000000000000000001011111111111001001000011111101101100000000000000000000000000000010000000100111111010011010100001010000000000000000000000000000010111111110010110110101011100100000000000000000000000000000000000100000001100000101001110011001101000000000000000000000000000000
11001000111111110110011001100110000000000000000000000000000000000000001011111111111001001000011111101101100000000000000000000000000000010000000100111111010011010100001100000000000000000000000000000010111111101100100100011101001100000000000000000000000000000000000100000001100000100001001100110011000000000000000000000000000000
11001000111111110110011001100110000000000000000000000000000000000000001011111111111001001000011111101101100000000000000000000000000000010000000100111111010011010100001010000000000000000000000000000000111111101100100100011101000101001000000000000000000000000000000100000001100000101001110011001101000000000000000000000000000000
11001000111111110110011001100110000000000000000000000000000000000000001011111111111001001000011111101101100000000000000000000000000000010000000100111111010011010100001100000000000000000000000000000000111111110010110110101011011110100000000000000000000000000000000100000001100000100001001100110011000000000000000000000000000000
11010000111111110110011001100111000000000000000000000000000000000000001011111111111001001000011111101101100000000000000000000000000000010000000100011111101111010011110000000000000000000000000000000010111111110100001100000101010011000000000000000000000000000000000100000001100111000010111101011100000000000000000000000000000000
11010000111111110110011001100110000000000000000000000000000000000000001011111111111001001000011111101101100000000000000000000000000000010000000100011111101111010011110010000000000000000000000000000010111111101101100101011100011000000000000000000000000000000000000100000001100110111010010111000010100000000000000000000000000000
11010000111111110110011001100111000000000000000000000000000000000000001011111111111001001000011111101101100000000000000000000000000000010000000100011111101111010011110010000000000000000000000000000000111111101101100101011100010101001000000000000000000000000000000100000001100111000010111101011100000000000000000000000000000000
11010000111111110110011001100110000000000000000000000000000000000000001011111111111001001000011111101101100000000000000000000000000000010000000100011111101111010011110000000000000000000000000000000000111111110100001100000101010001010000000000000000000000000000000100000001100110111010010111000010100000000000000000000000000000
11010000111111110110011001100111000000000000000000000000000000000000001011111111111001001000011111101101100000000000000000000000000000010000000100101001110110100000001010000000000000000000000000000010111111110100001100000101010011000000000000000000000000000000000100000001100111011011000101000111100000000000000000000000000000
11010000111111110110011001100110000000000000000000000000000000000000001011111111111001001000011111101101100000000000000000000000000000010000000100101001110110100000001000000000000000000000000000000010111111101101100101011100011000000000000000000000000000000000000100000001100111010010011110101110000000000000000000000000000000
11010000111111110110011001100111000000000000000000000000000000000000001011111111111001001000011111101101100000000000000000000000000000010000000100101001110110100000001000000000000000000000000000000000111111101101100101011100010101001000000000000000000000000000000100000001100111011011000101000111100000000000000000000000000000
11010000111111110110011001100110000000000000000000000000000000000000001011111111111001001000011111101101100000000000000000000000000000010000000100101001110110100000001010000000000000000000000000000000111111110100001100000101010001010000000000000000000000000000000100000001100111010010011110101110000000000000000000000000000000
11010000111111110110011001100111000000000000000000000000000000000000001011111111111001001000011111101101100000000000000000000000000000010000000100110000110100010111011000000000000000000000000000000010111111110011100010100011001000000000000000000000000000000000000100000001100111000010111101011100000000000000000000000000000000
11010000111111110110011001100110000000000000000000000000000000000000001011111111111001001000011111101101100000000000000000000000000000010000000100110000110100010111010110000000000000000000000000000010111111101101000001101100110000000000000000000000000000000000000100000001100110111010010111000010100000000000000000000000000000
11010000111111110110011001100111000000000000000000000000000000000000001011111111111001001000011111101101100000000000000000000000000000010000000100110000110100010111010110000000000000000000000000000000111111101101000001101100101101001000000000000000000000000000000100000001100111000010111101011100000000000000000000000000000000
11010000111111110110011001100110000000000000000000000000000000000000001011111111111001001000011111101101100000000000000000000000000000010000000100110000110100010111011000000000000000000000000000000000111111110011100010100011000110100000000000000000000000000000000100000001100110111010010111000010100000000000000000000000000000
11010000111111110110011001100111000000000000000000000000000000000000001011111111111001001000011111101101100000000000000000000000000000010000000100111011001100010100000100000000000000000000000000000010111111110010110110101011100100000000000000000000000000000000000100000001100111011011000101000111100000000000000000000000000000
11010000111111110110011001100110000000000000000000000000000000000000001011111111111001001000011111101101100000000000000000000000000000010000000100111011001100010100000100000000000000000000000000000010111111101100100100011101001100000000000000000000000000000000000100000001100111010010011110101110000000000000000000000000000000
11010000111111110110011001100111000000000000000000000000000000000000001011111111111001001000011111101101100000000000000000000000000000010000000100111011001100010100000100000000000000000000000000000000111111101100100100011101000101001000000000000000000000000000000100000001100111011011000101000111100000000000000000000000000000
11010000111111110110011001100110000000000000000000000000000000000000001011111111111001001000011111101101100000000000000000000000000000010000000100111011001100010100000100000000000000000000000000000000111111110010110110101011011110100000000000000000000000000000000100000001100111010010011110101110000000000000000000000000000000
11011000111111110110011001100110000000000000000000000000000000000000001011111111111001001000011111101101100000000000000000000000000000010000000100011111101111010011110000000000000000000000000000000010111111110100001100000101010011000000000000000000000000000000000100000001110000100000000111101011100000000000000000000000000000
11011000111111110110011001100110000000000000000000000000000000000000001011111111111001001000011111101101100000000000000000000000000000010000000100011111101111010011110010000000000000000000000000000010111111101101100101011100011000000000000000000000000000000000000100000001110000011011110100011110100000000000000000000000000000
11011000111111110110011001100110000000000000000000000000000000000000001011111111111001001000011111101101100000000000000000000000000000010000000100011111101111010011110010000000000000000000000000000000111111101101100101011100010101001000000000000000000000000000000100000001110000100000000111101011100000000000000000000000000000
11011000111111110110011001100110000000000000000000000000000000000000001011111111111001001000011111101101100000000000000000000000000000010000000100011111101111010011110000000000000000000000000000000000111111110100001100000101010001010000000000000000000000000000000100000001110000011011110100011110100000000000000000000000000000
11011000111111110110011001100110000000000000000000000000000000000000001011111111111001001000011111101101100000000000000000000000000000010000000100101001110110100000001010000000000000000000000000000010111111110100001100000101010011000000000000000000000000000000000100000001110000101100001011100001100000000000000000000000000000
11011000111111110110011001100110000000000000000000000000000000000000001011111111111001001000011111101101100000000000000000000000000000010000000100101001110110100000001000000000000000000000000000000010111111101101100101011100011000000000000000000000000000000000000100000001110000100111111000010100100000000000000000000000000000
11011000111111110110011001100110000000000000000000000000000000000000001011111111111001001000011111101101100000000000000000000000000000010000000100101001110110100000001000000000000000000000000000000000111111101101100101011100010101001000000000000000000000000000000100000001110000101100001011100001100000000000000000000000000000
11011000111111110110011001100110000000000000000000000000000000000000001011111111111001001000011111101101100000000000000000000000000000010000000100101001110110100000001010000000000000000000000000000000111111110100001100000101010001010000000000000000000000000000000100000001110000100111111000010100100000000000000000000000000000
11011000111111110110011001100110000000000000000000000000000000000000001011111111111001001000011111101101100000000000000000000000000000010000000100110000110100010111011000000000000000000000000000000010111111110011100010100011001000000000000000000000000000000000000100000001110000100000000111101011100000000000000000000000000000
11011000111111110110011001100110000000000000000000000000000000000000001011111111111001001000011111101101100000000000000000000000000000010000000100110000110100010111010110000000000000000000000000000010111111101101000001101100110000000000000000000000000000000000000100000001110000011011110100011110100000000000000000000000000000
11011000111111110110011001100110000000000000000000000000000000000000001011111111111001001000011111101101100000000000000000000000000000010000000100110000110100010111010110000000000000000000000000000000111111101101000001101100101101001000000000000000000000000000000100000001110000100000000111101011100000000000000000000000000000
11011000111111110110011001100110000000000000000000000000000000000000001011111111111001001000011111101101100000000000000000000000000000010000000100110000110100010111011000000000000000000000000000000000111111110011100010100011000110100000000000000000000000000000000100000001110000011011110100011110100000000000000000000000000000
11011000111111110110011001100110000000000000000000000000000000000000001011111111111001001000011111101101100000000000000000000000000000010000000100111011001100010100000100000000000000000000000000000010111111110010110110101011100100000000000000000000000000000000000100000001110000101100001011100001100000000000000000000000000000
11011000111111110110011001100110000000000000000000000000000000000000001011111111111001001000011111101101100000000000000000000000000000010000000100111011001100010100000100000000000000000000000000000010111111101100100100011101001100000000000000000000000000000000000100000001110000100111111000010100100000000000000000000000000000
11011000111111110110011001100110000000000000000000000000000000000000001011111111111001001000011111101101100000000000000000000000000000010000000100111011001100010100000100000000000000000000000000000000111111101100100100011101000101001000000000000000000000000000000100000001110000101100001011100001100000000000000000000000000000
11011000111111110110011001100110000000000000000000000000000000000000001011111111111001001000011111101101100000000000000000000000000000010000000100111011001100010100000100000000000000000000000000000000111111110010110110101011011110100000000000000000000000000000000100000001110000100111111000010100100000000000000000000000000000
00000000000000000000000000000000000000000000000000000000000000000000000000000000000000000000000000000000000000000000000000000000000000000000000000000000000000000000000000000000000000000000000000000000000000000000000000000000000000000000000000000000000000000000000000000000000000000000000000000000000000000000000000000000000000
00000000000000000000000000000000000000000000000000000000000000000000000000000000000000000000000000000000000000000000000000000000000000000000000000000000000000000000000000000000000000000000000000000000000000000000000000000000000000000000000000000000000000000000000000000000000000000000000000000000000000000000000000000000000000
00000000000000000000000000000000000000000000000000000000000000000000000000000000000000000000000000000000000000000000000000000000000000000000000000000000000000000000000000000000000000000000000000000000000000000000000000000000000000000000000000000000000000000000000000000000000000000000000000000000000000000000000000000000000000
00000000000000000000000000000000000000000000000000000000000000000000000000000000000000000000000000000000000000000000000000000000000000000000000000000000000000000000000000000000000000000000000000000000000000000000000000000000000000000000000000000000000000000000000000000000000000000000000000000000000000000000000000000000000000
00000000000000000000000000000000000000000000000000000000000000000000000000000000000000000000000000000000000000000000000000000000000000000000000000000000000000000000000000000000000000000000000000000000000000000000000000000000000000000000000000000000000000000000000000000000000000000000000000000000000000000000000000000000000000
00000000000000000000000000000000000000000000000000000000000000000000000000000000000000000000000000000000000000000000000000000000000000000000000000000000000000000000000000000000000000000000000000000000000000000000000000000000000000000000000000000000000000000000000000000000000000000000000000000000000000000000000000000000000000
00000000000000000000000000000000000000000000000000000000000000000000000000000000000000000000000000000000000000000000000000000000000000000000000000000000000000000000000000000000000000000000000000000000000000000000000000000000000000000000000000000000000000000000000000000000000000000000000000000000000000000000000000000000000000
00000000000000000000000000000000000000000000000000000000000000000000000000000000000000000000000000000000000000000000000000000000000000000000000000000000000000000000000000000000000000000000000000000000000000000000000000000000000000000000000000000000000000000000000000000000000000000000000000000000000000000000000000000000000000
00000000000000000000000000000000000000000000000000000000000000000000000000000000000000000000000000000000000000000000000000000000000000000000000000000000000000000000000000000000000000000000000000000000000000000000000000000000000000000000000000000000000000000000000000000000000000000000000000000000000000000000000000000000000000
00000000000000000000000000000000000000000000000000000000000000000000000000000000000000000000000000000000000000000000000000000000000000000000000000000000000000000000000000000000000000000000000000000000000000000000000000000000000000000000000000000000000000000000000000000000000000000000000000000000000000000000000000000000000000
00000000000000000000000000000000000000000000000000000000000000000000000000000000000000000000000000000000000000000000000000000000000000000000000000000000000000000000000000000000000000000000000000000000000000000000000000000000000000000000000000000000000000000000000000000000000000000000000000000000000000000000000000000000000000
00000000000000000000000000000000000000000000000000000000000000000000000000000000000000000000000000000000000000000000000000000000000000000000000000000000000000000000000000000000000000000000000000000000000000000000000000000000000000000000000000000000000000000000000000000000000000000000000000000000000000000000000000000000000000
00000000000000000000000000000000000000000000000000000000000000000000000000000000000000000000000000000000000000000000000000000000000000000000000000000000000000000000000000000000000000000000000000000000000000000000000000000000000000000000000000000000000000000000000000000000000000000000000000000000000000000000000000000000000000
00000000000000000000000000000000000000000000000000000000000000000000000000000000000000000000000000000000000000000000000000000000000000000000000000000000000000000000000000000000000000000000000000000000000000000000000000000000000000000000000000000000000000000000000000000000000000000000000000000000000000000000000000000000000000
00000000000000000000000000000000000000000000000000000000000000000000000000000000000000000000000000000000000000000000000000000000000000000000000000000000000000000000000000000000000000000000000000000000000000000000000000000000000000000000000000000000000000000000000000000000000000000000000000000000000000000000000000000000000000
00000000000000000000000000000000000000000000000000000000000000000000000000000000000000000000000000000000000000000000000000000000000000000000000000000000000000000000000000000000000000000000000000000000000000000000000000000000000000000000000000000000000000000000000000000000000000000000000000000000000000000000000000000000000000
00000000000000000000000000000000000000000000000000000000000000000000000000000000000000000000000000000000000000000000000000000000000000000000000000000000000000000000000000000000000000000000000000000000000000000000000000000000000000000000000000000000000000000000000000000000000000000000000000000000000000000000000000000000000000
00000000000000000000000000000000000000000000000000000000000000000000000000000000000000000000000000000000000000000000000000000000000000000000000000000000000000000000000000000000000000000000000000000000000000000000000000000000000000000000000000000000000000000000000000000000000000000000000000000000000000000000000000000000000000
00000000000000000000000000000000000000000000000000000000000000000000000000000000000000000000000000000000000000000000000000000000000000000000000000000000000000000000000000000000000000000000000000000000000000000000000000000000000000000000000000000000000000000000000000000000000000000000000000000000000000000000000000000000000000
00000000000000000000000000000000000000000000000000000000000000000000000000000000000000000000000000000000000000000000000000000000000000000000000000000000000000000000000000000000000000000000000000000000000000000000000000000000000000000000000000000000000000000000000000000000000000000000000000000000000000000000000000000000000000
00000000000000000000000000000000000000000000000000000000000000000000000000000000000000000000000000000000000000000000000000000000000000000000000000000000000000000000000000000000000000000000000000000000000000000000000000000000000000000000000000000000000000000000000000000000000000000000000000000000000000000000000000000000000000
00000000000000000000000000000000000000000000000000000000000000000000000000000000000000000000000000000000000000000000000000000000000000000000000000000000000000000000000000000000000000000000000000000000000000000000000000000000000000000000000000000000000000000000000000000000000000000000000000000000000000000000000000000000000000
00000000000000000000000000000000000000000000000000000000000000000000000000000000000000000000000000000000000000000000000000000000000000000000000000000000000000000000000000000000000000000000000000000000000000000000000000000000000000000000000000000000000000000000000000000000000000000000000000000000000000000000000000000000000000
00000000000000000000000000000000000000000000000000000000000000000000000000000000000000000000000000000000000000000000000000000000000000000000000000000000000000000000000000000000000000000000000000000000000000000000000000000000000000000000000000000000000000000000000000000000000000000000000000000000000000000000000000000000000000
00000000000000000000000000000000000000000000000000000000000000000000000000000000000000000000000000000000000000000000000000000000000000000000000000000000000000000000000000000000000000000000000000000000000000000000000000000000000000000000000000000000000000000000000000000000000000000000000000000000000000000000000000000000000000
00000000000000000000000000000000000000000000000000000000000000000000000000000000000000000000000000000000000000000000000000000000000000000000000000000000000000000000000000000000000000000000000000000000000000000000000000000000000000000000000000000000000000000000000000000000000000000000000000000000000000000000000000000000000000
00000000000000000000000000000000000000000000000000000000000000000000000000000000000000000000000000000000000000000000000000000000000000000000000000000000000000000000000000000000000000000000000000000000000000000000000000000000000000000000000000000000000000000000000000000000000000000000000000000000000000000000000000000000000000
00000000000000000000000000000000000000000000000000000000000000000000000000000000000000000000000000000000000000000000000000000000000000000000000000000000000000000000000000000000000000000000000000000000000000000000000000000000000000000000000000000000000000000000000000000000000000000000000000000000000000000000000000000000000000
