10100011111111011001100110011000000000000000000000000000000000000000101111111111100100100001111110110110000000000000000000000000000000111111110000101100011100010000110000000000000000000000000000000011111110000100011110101110000101100000000000000000000000000000010000000100101110101110101010000000000000000000000000000000000010111111110101001010101000101010000000000000000000000000000000000100000001100000100001001100110011000000000000000000000000000000
10100011111111011001100110011000000000000000000000000000000000000000101111111111100100100001111110110110000000000000000000000000000000111111110000101100011100010000110000000000000000000000000000000011111110000100011110101110000101100000000000000000000000000000010000000100101110101110101001111110000000000000000000000000000010111111110001010011100100100100000000000000000000000000000000000100000001100000101001110011001101000000000000000000000000000000
10100011111111011001100110011000000000000000000000000000000000000000101111111111100100100001111110110110000000000000000000000000000000111111110000101100011100010000110000000000000000000000000000000011111110000100011110101110000101100000000000000000000000000000010000000100101110101110101001111110000000000000000000000000000010111111100000011101111101000000000000000000000000000000000000000100000001100000100001001100110011000000000000000000000000000000
10100011111111011001100110011000000000000000000000000000000000000000101111111111100100100001111110110110000000000000000000000000000000111111110000101100011100010000110000000000000000000000000000000011111110000100011110101110000101100000000000000000000000000000010000000100101110101110101010000000000000000000000000000000000000111111110000101111110100111100000000000000000000000000000000000100000001100000101001110011001101000000000000000000000000000000
10100011111111011001100110011000000000000000000000000000000000000000101111111111100100100001111110110110000000000000000000000000000000111111110000101100011100010000110000000000000000000000000000000011111110000100011110101110000101100000000000000000000000000000010000000100101110101110101001111110000000000000000000000000000000111111110100111000110000110101000000000000000000000000000000000100000001100000100001001100110011000000000000000000000000000000
10100011111111011001100110011000000000000000000000000000000000000000101111111111100100100001111110110110000000000000000000000000000000111111110000101100011100010000110000000000000000000000000000000011111110000100011110101110000101100000000000000000000000000000010000000100110100001110010100101010000000000000000000000000000010111111110101001010101000101010000000000000000000000000000000000100000001100000001001000101000111100000000000000000000000000000
10100011111111011001100110011000000000000000000000000000000000000000101111111111100100100001111110110110000000000000000000000000000000111111110000101100011100010000110000000000000000000000000000000011111110000100011110101110000101100000000000000000000000000000010000000100110100001110010100101100000000000000000000000000000010111111110001010011100100100100000000000000000000000000000000000100000001100000010001101011100001100000000000000000000000000000
10100011111111011001100110011000000000000000000000000000000000000000101111111111100100100001111110110110000000000000000000000000000000111111110000101100011100010000110000000000000000000000000000000011111110000100011110101110000101100000000000000000000000000000010000000100110100001110010100101100000000000000000000000000000010111111100000011101111101000000000000000000000000000000000000000100000001100000001001000101000111100000000000000000000000000000
10100011111111011001100110011000000000000000000000000000000000000000101111111111100100100001111110110110000000000000000000000000000000111111110000101100011100010000110000000000000000000000000000000011111110000100011110101110000101100000000000000000000000000000010000000100110100001110010100101010000000000000000000000000000000111111110000101111110100111100000000000000000000000000000000000100000001100000010001101011100001100000000000000000000000000000
10100011111111011001100110011000000000000000000000000000000000000000101111111111100100100001111110110110000000000000000000000000000000111111110000101100011100010000110000000000000000000000000000000011111110000100011110101110000101100000000000000000000000000000010000000100110100001110010100101100000000000000000000000000000000111111110100111000110000110101000000000000000000000000000000000100000001100000001001000101000111100000000000000000000000000000
10100011111111011001100110011000000000000000000000000000000000000000101111111111100100100001111110110110000000000000000000000000000000111111110000101100011100010000110000000000000000000000000000000011111110000100011110101110000101100000000000000000000000000000010000000100111111010011010100001010000000000000000000000000000010111111110011010111001011010010000000000000000000000000000000000100000001100000100001001100110011000000000000000000000000000000
10100011111111011001100110011000000000000000000000000000000000000000101111111111100100100001111110110110000000000000000000000000000000111111110000101100011100010000110000000000000000000000000000000011111110000100011110101110000101100000000000000000000000000000010000000100111111010011010100001100000000000000000000000000000010111111101101100101011100011000000000000000000000000000000000000100000001100000101001110011001101000000000000000000000000000000
10100011111111011001100110011000000000000000000000000000000000000000101111111111100100100001111110110110000000000000000000000000000000111111110000101100011100010000110000000000000000000000000000000011111110000100011110101110000101100000000000000000000000000000010000000100111111010011010100001010000000000000000000000000000000111111101011000110111011001000000000000000000000000000000000000100000001100000100001001100110011000000000000000000000000000000
10100011111111011001100110011000000000000000000000000000000000000000101111111111100100100001111110110110000000000000000000000000000000111111110000101100011100010000110000000000000000000000000000000011111110000100011110101110000101100000000000000000000000000000010000000100111111010011010100001100000000000000000000000000000000111111110010010110001011111000000000000000000000000000000000000100000001100000101001110011001101000000000000000000000000000000
10100011111111011001100110011000000000000000000000000000000000000000101111111111100100100001111110110110000000000000000000000000000000111111110000101100011100010000110000000000000000000000000000000011111110000100011110101110000101100000000000000000000000000000010000000100111111010011010100001100000000000000000000000000000000111111110101011101010100011100000000000000000000000000000000000100000001100000100001001100110011000000000000000000000000000000
11000011111111011001100110011100000000000000000000000000000000000000101111111111100100100001111110110110000000000000000000000000000000111111110000101100011100010000110000000000000000000000000000000011111110000100011110101110000101100000000000000000000000000000010000000100011111101111010011110010000000000000000000000000000010111111110100001100000101010010000000000000000000000000000000000100000001100111000010111101011100000000000000000000000000000000
11000011111111011001100110011000000000000000000000000000000000000000101111111111100100100001111110110110000000000000000000000000000000111111110000101100011100010000110000000000000000000000000000000011111110000100011110101110000101100000000000000000000000000000010000000100011111101111010011110000000000000000000000000000000010111111101101100101011100011000000000000000000000000000000000000100000001100110111010010111000010100000000000000000000000000000
11000011111111011001100110011100000000000000000000000000000000000000101111111111100100100001111110110110000000000000000000000000000000111111110000101100011100010000110000000000000000000000000000000011111110000100011110101110000101100000000000000000000000000000010000000100011111101111010011110010000000000000000000000000000000111111101101100101011100011000000000000000000000000000000000000100000001100111000010111101011100000000000000000000000000000000
11000011111111011001100110011000000000000000000000000000000000000000101111111111100100100001111110110110000000000000000000000000000000111111110000101100011100010000110000000000000000000000000000000011111110000100011110101110000101100000000000000000000000000000010000000100011111101111010011110000000000000000000000000000000000111111110100001100000101010010000000000000000000000000000000000100000001100110111010010111000010100000000000000000000000000000
11000011111111011001100110011100000000000000000000000000000000000000101111111111100100100001111110110110000000000000000000000000000000111111110000101100011100010000110000000000000000000000000000000011111110000100011110101110000101100000000000000000000000000000010000000100101001110110100000001010000000000000000000000000000010111111110100001100000101010010000000000000000000000000000000000100000001100111011011000101000111100000000000000000000000000000
11000011111111011001100110011000000000000000000000000000000000000000101111111111100100100001111110110110000000000000000000000000000000111111110000101100011100010000110000000000000000000000000000000011111110000100011110101110000101100000000000000000000000000000010000000100101001110110100000001000000000000000000000000000000010111111101101100101011100011000000000000000000000000000000000000100000001100111010010011110101110000000000000000000000000000000
11000011111111011001100110011100000000000000000000000000000000000000101111111111100100100001111110110110000000000000000000000000000000111111110000101100011100010000110000000000000000000000000000000011111110000100011110101110000101100000000000000000000000000000010000000100101001110110100000001010000000000000000000000000000000111111101101100101011100011000000000000000000000000000000000000100000001100111011011000101000111100000000000000000000000000000
11000011111111011001100110011000000000000000000000000000000000000000101111111111100100100001111110110110000000000000000000000000000000111111110000101100011100010000110000000000000000000000000000000011111110000100011110101110000101100000000000000000000000000000010000000100101001110110100000001000000000000000000000000000000000111111110100001100000101010010000000000000000000000000000000000100000001100111010010011110101110000000000000000000000000000000
11000011111111011001100110011000000000000000000000000000000000000000101111111111100100100001111110110110000000000000000000000000000000111111110000101100011100010000110000000000000000000000000000000011111110000100011110101110000101100000000000000000000000000000010000000100110000110100010111010110000000000000000000000000000010111111110101001010101000101010000000000000000000000000000000000100000001100110111010010111000010100000000000000000000000000000
11000011111111011001100110011100000000000000000000000000000000000000101111111111100100100001111110110110000000000000000000000000000000111111110000101100011100010000110000000000000000000000000000000011111110000100011110101110000101100000000000000000000000000000010000000100110000110100010111011000000000000000000000000000000010111111110001010011100100100100000000000000000000000000000000000100000001100111000010111101011100000000000000000000000000000000
11000011111111011001100110011000000000000000000000000000000000000000101111111111100100100001111110110110000000000000000000000000000000111111110000101100011100010000110000000000000000000000000000000011111110000100011110101110000101100000000000000000000000000000010000000100110000110100010111011000000000000000000000000000000010111111100000011101111101000000000000000000000000000000000000000100000001100110111010010111000010100000000000000000000000000000
11000011111111011001100110011100000000000000000000000000000000000000101111111111100100100001111110110110000000000000000000000000000000111111110000101100011100010000110000000000000000000000000000000011111110000100011110101110000101100000000000000000000000000000010000000100110000110100010111010110000000000000000000000000000000111111110000101111110100111100000000000000000000000000000000000100000001100111000010111101011100000000000000000000000000000000
11000011111111011001100110011000000000000000000000000000000000000000101111111111100100100001111110110110000000000000000000000000000000111111110000101100011100010000110000000000000000000000000000000011111110000100011110101110000101100000000000000000000000000000010000000100110000110100010111010110000000000000000000000000000000111111110100111000110000110101000000000000000000000000000000000100000001100110111010010111000010100000000000000000000000000000
11000011111111011001100110011000000000000000000000000000000000000000101111111111100100100001111110110110000000000000000000000000000000111111110000101100011100010000110000000000000000000000000000000011111110000100011110101110000101100000000000000000000000000000010000000100111011001100010100000100000000000000000000000000000010111111110011010111001011010010000000000000000000000000000000000100000001100111010010011110101110000000000000000000000000000000
11000011111111011001100110011100000000000000000000000000000000000000101111111111100100100001111110110110000000000000000000000000000000111111110000101100011100010000110000000000000000000000000000000011111110000100011110101110000101100000000000000000000000000000010000000100111011001100010100000110000000000000000000000000000010111111101101100101011100011000000000000000000000000000000000000100000001100111011011000101000111100000000000000000000000000000
11000011111111011001100110011000000000000000000000000000000000000000101111111111100100100001111110110110000000000000000000000000000000111111110000101100011100010000110000000000000000000000000000000011111110000100011110101110000101100000000000000000000000000000010000000100111011001100010100000100000000000000000000000000000000111111101011000110111011001000000000000000000000000000000000000100000001100111010010011110101110000000000000000000000000000000
11000011111111011001100110011100000000000000000000000000000000000000101111111111100100100001111110110110000000000000000000000000000000111111110000101100011100010000110000000000000000000000000000000011111110000100011110101110000101100000000000000000000000000000010000000100111011001100010100000100000000000000000000000000000000111111110010010110001011111010000000000000000000000000000000000100000001100111011011000101000111100000000000000000000000000000
11000011111111011001100110011000000000000000000000000000000000000000101111111111100100100001111110110110000000000000000000000000000000111111110000101100011100010000110000000000000000000000000000000011111110000100011110101110000101100000000000000000000000000000010000000100111011001100010100000100000000000000000000000000000000111111110101011101010100011100000000000000000000000000000000000100000001100111010010011110101110000000000000000000000000000000
11100011111111011001100110011000000000000000000000000000000000000000101111111111100100100001111110110110000000000000000000000000000000111111110000101100011100010000110000000000000000000000000000000011111110000100011110101110000101100000000000000000000000000000010000000100011111101111010011110010000000000000000000000000000010111111110100001100000101010010000000000000000000000000000000000100000001110000100000000111101011100000000000000000000000000000
11100011111111011001100110011000000000000000000000000000000000000000101111111111100100100001111110110110000000000000000000000000000000111111110000101100011100010000110000000000000000000000000000000011111110000100011110101110000101100000000000000000000000000000010000000100011111101111010011110000000000000000000000000000000010111111101101100101011100011000000000000000000000000000000000000100000001110000011011110100011110100000000000000000000000000000
11100011111111011001100110011000000000000000000000000000000000000000101111111111100100100001111110110110000000000000000000000000000000111111110000101100011100010000110000000000000000000000000000000011111110000100011110101110000101100000000000000000000000000000010000000100011111101111010011110010000000000000000000000000000000111111101101100101011100011000000000000000000000000000000000000100000001110000100000000111101011100000000000000000000000000000
11100011111111011001100110011000000000000000000000000000000000000000101111111111100100100001111110110110000000000000000000000000000000111111110000101100011100010000110000000000000000000000000000000011111110000100011110101110000101100000000000000000000000000000010000000100011111101111010011110000000000000000000000000000000000111111110100001100000101010010000000000000000000000000000000000100000001110000011011110100011110100000000000000000000000000000
11100011111111011001100110011000000000000000000000000000000000000000101111111111100100100001111110110110000000000000000000000000000000111111110000101100011100010000110000000000000000000000000000000011111110000100011110101110000101100000000000000000000000000000010000000100101001110110100000001010000000000000000000000000000010111111110100001100000101010010000000000000000000000000000000000100000001110000101100001011100001100000000000000000000000000000
11100011111111011001100110011000000000000000000000000000000000000000101111111111100100100001111110110110000000000000000000000000000000111111110000101100011100010000110000000000000000000000000000000011111110000100011110101110000101100000000000000000000000000000010000000100101001110110100000001000000000000000000000000000000010111111101101100101011100011000000000000000000000000000000000000100000001110000100111111000010100100000000000000000000000000000
11100011111111011001100110011000000000000000000000000000000000000000101111111111100100100001111110110110000000000000000000000000000000111111110000101100011100010000110000000000000000000000000000000011111110000100011110101110000101100000000000000000000000000000010000000100101001110110100000001010000000000000000000000000000000111111101101100101011100011000000000000000000000000000000000000100000001110000101100001011100001100000000000000000000000000000
11100011111111011001100110011000000000000000000000000000000000000000101111111111100100100001111110110110000000000000000000000000000000111111110000101100011100010000110000000000000000000000000000000011111110000100011110101110000101100000000000000000000000000000010000000100101001110110100000001000000000000000000000000000000000111111110100001100000101010010000000000000000000000000000000000100000001110000100111111000010100100000000000000000000000000000
11100011111111011001100110011000000000000000000000000000000000000000101111111111100100100001111110110110000000000000000000000000000000111111110000101100011100010000110000000000000000000000000000000011111110000100011110101110000101100000000000000000000000000000010000000100110000110100010111010110000000000000000000000000000010111111110101001010101000101010000000000000000000000000000000000100000001110000011011110100011110100000000000000000000000000000
11100011111111011001100110011000000000000000000000000000000000000000101111111111100100100001111110110110000000000000000000000000000000111111110000101100011100010000110000000000000000000000000000000011111110000100011110101110000101100000000000000000000000000000010000000100110000110100010111011000000000000000000000000000000010111111110001010011100100100100000000000000000000000000000000000100000001110000100000000111101011100000000000000000000000000000
11100011111111011001100110011000000000000000000000000000000000000000101111111111100100100001111110110110000000000000000000000000000000111111110000101100011100010000110000000000000000000000000000000011111110000100011110101110000101100000000000000000000000000000010000000100110000110100010111011000000000000000000000000000000010111111100000011101111101000000000000000000000000000000000000000100000001110000011011110100011110100000000000000000000000000000
11100011111111011001100110011000000000000000000000000000000000000000101111111111100100100001111110110110000000000000000000000000000000111111110000101100011100010000110000000000000000000000000000000011111110000100011110101110000101100000000000000000000000000000010000000100110000110100010111010110000000000000000000000000000000111111110000101111110100111100000000000000000000000000000000000100000001110000100000000111101011100000000000000000000000000000
11100011111111011001100110011000000000000000000000000000000000000000101111111111100100100001111110110110000000000000000000000000000000111111110000101100011100010000110000000000000000000000000000000011111110000100011110101110000101100000000000000000000000000000010000000100110000110100010111010110000000000000000000000000000000111111110100111000110000110101000000000000000000000000000000000100000001110000011011110100011110100000000000000000000000000000
11100011111111011001100110011000000000000000000000000000000000000000101111111111100100100001111110110110000000000000000000000000000000111111110000101100011100010000110000000000000000000000000000000011111110000100011110101110000101100000000000000000000000000000010000000100111011001100010100000100000000000000000000000000000010111111110011010111001011010010000000000000000000000000000000000100000001110000100111111000010100100000000000000000000000000000
11100011111111011001100110011000000000000000000000000000000000000000101111111111100100100001111110110110000000000000000000000000000000111111110000101100011100010000110000000000000000000000000000000011111110000100011110101110000101100000000000000000000000000000010000000100111011001100010100000110000000000000000000000000000010111111101101100101011100011000000000000000000000000000000000000100000001110000101100001011100001100000000000000000000000000000
11100011111111011001100110011000000000000000000000000000000000000000101111111111100100100001111110110110000000000000000000000000000000111111110000101100011100010000110000000000000000000000000000000011111110000100011110101110000101100000000000000000000000000000010000000100111011001100010100000100000000000000000000000000000000111111101011000110111011001000000000000000000000000000000000000100000001110000100111111000010100100000000000000000000000000000
11100011111111011001100110011000000000000000000000000000000000000000101111111111100100100001111110110110000000000000000000000000000000111111110000101100011100010000110000000000000000000000000000000011111110000100011110101110000101100000000000000000000000000000010000000100111011001100010100000100000000000000000000000000000000111111110010010110001011111010000000000000000000000000000000000100000001110000101100001011100001100000000000000000000000000000
11100011111111011001100110011000000000000000000000000000000000000000101111111111100100100001111110110110000000000000000000000000000000111111110000101100011100010000110000000000000000000000000000000011111110000100011110101110000101100000000000000000000000000000010000000100111011001100010100000100000000000000000000000000000000111111110101011101010100011100000000000000000000000000000000000100000001110000100111111000010100100000000000000000000000000000
00000000000000000000000000000000000000000000000000000000000000000000000000000000000000000000000000000000000000000000000000000000000000000000000000000000000000000000000000000000000000000000000000000000000000000000000000000000000000000000000000000000000000000000000000000000000000000000000000000000000000000000000000000000000000000000000000000000000000000000000000000000000000000000000000000000000000000000000000000000000000000000000000000000000000000000
00000000000000000000000000000000000000000000000000000000000000000000000000000000000000000000000000000000000000000000000000000000000000000000000000000000000000000000000000000000000000000000000000000000000000000000000000000000000000000000000000000000000000000000000000000000000000000000000000000000000000000000000000000000000000000000000000000000000000000000000000000000000000000000000000000000000000000000000000000000000000000000000000000000000000000000
00000000000000000000000000000000000000000000000000000000000000000000000000000000000000000000000000000000000000000000000000000000000000000000000000000000000000000000000000000000000000000000000000000000000000000000000000000000000000000000000000000000000000000000000000000000000000000000000000000000000000000000000000000000000000000000000000000000000000000000000000000000000000000000000000000000000000000000000000000000000000000000000000000000000000000000
00000000000000000000000000000000000000000000000000000000000000000000000000000000000000000000000000000000000000000000000000000000000000000000000000000000000000000000000000000000000000000000000000000000000000000000000000000000000000000000000000000000000000000000000000000000000000000000000000000000000000000000000000000000000000000000000000000000000000000000000000000000000000000000000000000000000000000000000000000000000000000000000000000000000000000000
00000000000000000000000000000000000000000000000000000000000000000000000000000000000000000000000000000000000000000000000000000000000000000000000000000000000000000000000000000000000000000000000000000000000000000000000000000000000000000000000000000000000000000000000000000000000000000000000000000000000000000000000000000000000000000000000000000000000000000000000000000000000000000000000000000000000000000000000000000000000000000000000000000000000000000000
00000000000000000000000000000000000000000000000000000000000000000000000000000000000000000000000000000000000000000000000000000000000000000000000000000000000000000000000000000000000000000000000000000000000000000000000000000000000000000000000000000000000000000000000000000000000000000000000000000000000000000000000000000000000000000000000000000000000000000000000000000000000000000000000000000000000000000000000000000000000000000000000000000000000000000000
00000000000000000000000000000000000000000000000000000000000000000000000000000000000000000000000000000000000000000000000000000000000000000000000000000000000000000000000000000000000000000000000000000000000000000000000000000000000000000000000000000000000000000000000000000000000000000000000000000000000000000000000000000000000000000000000000000000000000000000000000000000000000000000000000000000000000000000000000000000000000000000000000000000000000000000
00000000000000000000000000000000000000000000000000000000000000000000000000000000000000000000000000000000000000000000000000000000000000000000000000000000000000000000000000000000000000000000000000000000000000000000000000000000000000000000000000000000000000000000000000000000000000000000000000000000000000000000000000000000000000000000000000000000000000000000000000000000000000000000000000000000000000000000000000000000000000000000000000000000000000000000
00000000000000000000000000000000000000000000000000000000000000000000000000000000000000000000000000000000000000000000000000000000000000000000000000000000000000000000000000000000000000000000000000000000000000000000000000000000000000000000000000000000000000000000000000000000000000000000000000000000000000000000000000000000000000000000000000000000000000000000000000000000000000000000000000000000000000000000000000000000000000000000000000000000000000000000
00000000000000000000000000000000000000000000000000000000000000000000000000000000000000000000000000000000000000000000000000000000000000000000000000000000000000000000000000000000000000000000000000000000000000000000000000000000000000000000000000000000000000000000000000000000000000000000000000000000000000000000000000000000000000000000000000000000000000000000000000000000000000000000000000000000000000000000000000000000000000000000000000000000000000000000
00000000000000000000000000000000000000000000000000000000000000000000000000000000000000000000000000000000000000000000000000000000000000000000000000000000000000000000000000000000000000000000000000000000000000000000000000000000000000000000000000000000000000000000000000000000000000000000000000000000000000000000000000000000000000000000000000000000000000000000000000000000000000000000000000000000000000000000000000000000000000000000000000000000000000000000
00000000000000000000000000000000000000000000000000000000000000000000000000000000000000000000000000000000000000000000000000000000000000000000000000000000000000000000000000000000000000000000000000000000000000000000000000000000000000000000000000000000000000000000000000000000000000000000000000000000000000000000000000000000000000000000000000000000000000000000000000000000000000000000000000000000000000000000000000000000000000000000000000000000000000000000
00000000000000000000000000000000000000000000000000000000000000000000000000000000000000000000000000000000000000000000000000000000000000000000000000000000000000000000000000000000000000000000000000000000000000000000000000000000000000000000000000000000000000000000000000000000000000000000000000000000000000000000000000000000000000000000000000000000000000000000000000000000000000000000000000000000000000000000000000000000000000000000000000000000000000000000
00000000000000000000000000000000000000000000000000000000000000000000000000000000000000000000000000000000000000000000000000000000000000000000000000000000000000000000000000000000000000000000000000000000000000000000000000000000000000000000000000000000000000000000000000000000000000000000000000000000000000000000000000000000000000000000000000000000000000000000000000000000000000000000000000000000000000000000000000000000000000000000000000000000000000000000
00000000000000000000000000000000000000000000000000000000000000000000000000000000000000000000000000000000000000000000000000000000000000000000000000000000000000000000000000000000000000000000000000000000000000000000000000000000000000000000000000000000000000000000000000000000000000000000000000000000000000000000000000000000000000000000000000000000000000000000000000000000000000000000000000000000000000000000000000000000000000000000000000000000000000000000
00000000000000000000000000000000000000000000000000000000000000000000000000000000000000000000000000000000000000000000000000000000000000000000000000000000000000000000000000000000000000000000000000000000000000000000000000000000000000000000000000000000000000000000000000000000000000000000000000000000000000000000000000000000000000000000000000000000000000000000000000000000000000000000000000000000000000000000000000000000000000000000000000000000000000000000
00000000000000000000000000000000000000000000000000000000000000000000000000000000000000000000000000000000000000000000000000000000000000000000000000000000000000000000000000000000000000000000000000000000000000000000000000000000000000000000000000000000000000000000000000000000000000000000000000000000000000000000000000000000000000000000000000000000000000000000000000000000000000000000000000000000000000000000000000000000000000000000000000000000000000000000
00000000000000000000000000000000000000000000000000000000000000000000000000000000000000000000000000000000000000000000000000000000000000000000000000000000000000000000000000000000000000000000000000000000000000000000000000000000000000000000000000000000000000000000000000000000000000000000000000000000000000000000000000000000000000000000000000000000000000000000000000000000000000000000000000000000000000000000000000000000000000000000000000000000000000000000
00000000000000000000000000000000000000000000000000000000000000000000000000000000000000000000000000000000000000000000000000000000000000000000000000000000000000000000000000000000000000000000000000000000000000000000000000000000000000000000000000000000000000000000000000000000000000000000000000000000000000000000000000000000000000000000000000000000000000000000000000000000000000000000000000000000000000000000000000000000000000000000000000000000000000000000
00000000000000000000000000000000000000000000000000000000000000000000000000000000000000000000000000000000000000000000000000000000000000000000000000000000000000000000000000000000000000000000000000000000000000000000000000000000000000000000000000000000000000000000000000000000000000000000000000000000000000000000000000000000000000000000000000000000000000000000000000000000000000000000000000000000000000000000000000000000000000000000000000000000000000000000
00000000000000000000000000000000000000000000000000000000000000000000000000000000000000000000000000000000000000000000000000000000000000000000000000000000000000000000000000000000000000000000000000000000000000000000000000000000000000000000000000000000000000000000000000000000000000000000000000000000000000000000000000000000000000000000000000000000000000000000000000000000000000000000000000000000000000000000000000000000000000000000000000000000000000000000
