10101000111111110001110000101000100111111000000000000000000000000000000000000000000000000000000000000000000000000000000000000000000000010000000101110000001111101011100000000000000000000000000000000010111111110101010111101100100000000000000000000000000000000000001100000000010010110101010101010010000000000000000000000000000000
10101000111111110001110000101000100111111000000000000000000000000000000000000000000000000000000000000000000000000000000000000000000000010000000101110000100000111101011100000000000000000000000000000010111111110101010111101100100000000000000000000000000000000000001100000000101101100001111010000100000000000000000000000000000000
10101000111111110001110000101000100111111000000000000000000000000000000000000000000000000000000000000000000000000000000000000000000000010000000101110000001111101011100000000000000000000000000000000010111111110101010111101100100000000000000000000000000000000000001100000000111000100100001000100110100000000000000000000000000000
10101000111111110001110000101000100111111000000000000000000000000000000000000000000000000000000000000000000000000000000000000000000000010000000101110000100000111101011100000000000000000000000000000010111111110101010111101100100000000000000000000000000000000000001100000001000001010101011010000111000000000000000000000000000000
10101000111111110001110000101000100111111000000000000000000000000000000000000000000000000000000000000000000000000000000000000000000000010000000101110000001111101011100000000000000000000000000000000010111111110101010111101100100000000000000000000000000000000000001100000001000110001001000010111110000000000000000000000000000000
10101000111111110001110000101000100111111000000000000000000000000000000000000000000000000000000000000000000000000000000000000000000000010000000101110000100000111101011100000000000000000000000000000010111111110101010111101100100000000000000000000000000000000000001100000001001011001101111001110111000000000000000000000000000000
10101000111111110001110000101000100111111000000000000000000000000000000000000000000000000000000000000000000000000000000000000000000000010000000101110000001111101011100000000000000000000000000000000010111111110101010111101100100000000000000000000000000000000000001100000001001111110111100000010000100000000000000000000000000000
10101000111111110001110000101000100111111000000000000000000000000000000000000000000000000000000000000000000000000000000000000000000000010000000101110000100000111101011100000000000000000000000000000010111111110101010111101100100000000000000000000000000000000000001100000001010010011110111011011111100000000000000000000000000000
10101000111111110001110000101000100111111000000000000000000000000000000000000000000000000000000000000000000000000000000000000000000000010000000101110000001111101011100000000000000000000000000000000010111111110101010111101100100000000000000000000000000000000000001100000001010100110000100001111001000000000000000000000000000000
10101000111111110001110000101000100111111000000000000000000000000000000000000000000000000000000000000000000000000000000000000000000000010000000101110000100000111101011100000000000000000000000000000010111111110101010111101100100000000000000000000000000000000000001100000001010111010100011100101011000000000000000000000000000000
10101000111111110001110000101000100111111000000000000000000000000000000000000000000000000000000000000000000000000000000000000000000000010000000101110000001111101011100000000000000000000000000000000010111111110101010111101100100000000000000000000000000000000000001100000001011001100101100000010000100000000000000000000000000000
10101000111111110001110000101000100111111000000000000000000000000000000000000000000000000000000000000000000000000000000000000000000000010000000101110000100000111101011100000000000000000000000000000010111111110101010111101100100000000000000000000000000000000000001100000001011100001010001011010001000000000000000000000000000000
10101000111111110001110000101001000101010000000000000000000000000000000000000000000000000000000000000000000000000000000000000000000000010000000101110000001111101011100000000000000000000000000000000010111111100010110111111011000000000000000000000000000000000000001100000000010010110101010101010010000000000000000000000000000000
10101000111111110001110000101001000101010000000000000000000000000000000000000000000000000000000000000000000000000000000000000000000000010000000101110000100000111101011110000000000000000000000000000010111111100010110111111011000000000000000000000000000000000000001100000000101101100001111010000100000000000000000000000000000000
10101000111111110001110000101001000101010000000000000000000000000000000000000000000000000000000000000000000000000000000000000000000000010000000101110000001111101011100000000000000000000000000000000010111111100010110111111011000000000000000000000000000000000000001100000000111000100100001000100110100000000000000000000000000000
10101000111111110001110000101001000101010000000000000000000000000000000000000000000000000000000000000000000000000000000000000000000000010000000101110000100000111101011110000000000000000000000000000010111111100010110111111011000000000000000000000000000000000000001100000001000001010101011010000111000000000000000000000000000000
10101000111111110001110000101001000101010000000000000000000000000000000000000000000000000000000000000000000000000000000000000000000000010000000101110000001111101011100000000000000000000000000000000010111111100010110111111011000000000000000000000000000000000000001100000001000110001001000010111110000000000000000000000000000000
10101000111111110001110000101001000101010000000000000000000000000000000000000000000000000000000000000000000000000000000000000000000000010000000101110000100000111101011110000000000000000000000000000010111111100010110111111011000000000000000000000000000000000000001100000001001011001101111001110111000000000000000000000000000000
10101000111111110001110000101001000101010000000000000000000000000000000000000000000000000000000000000000000000000000000000000000000000010000000101110000001111101011100000000000000000000000000000000010111111100010110111111011000000000000000000000000000000000000001100000001001111110111100000010000100000000000000000000000000000
10101000111111110001110000101001000101010000000000000000000000000000000000000000000000000000000000000000000000000000000000000000000000010000000101110000100000111101011110000000000000000000000000000010111111100010110111111011000000000000000000000000000000000000001100000001010010011110111011011111100000000000000000000000000000
10101000111111110001110000101001000101010000000000000000000000000000000000000000000000000000000000000000000000000000000000000000000000010000000101110000001111101011100000000000000000000000000000000010111111100010110111111011000000000000000000000000000000000000001100000001010100110000100001111001000000000000000000000000000000
10101000111111110001110000101001000101010000000000000000000000000000000000000000000000000000000000000000000000000000000000000000000000010000000101110000100000111101011110000000000000000000000000000010111111100010110111111011000000000000000000000000000000000000001100000001010111010100011100101011000000000000000000000000000000
10101000111111110001110000101001000101010000000000000000000000000000000000000000000000000000000000000000000000000000000000000000000000010000000101110000001111101011100000000000000000000000000000000010111111100010110111111011000000000000000000000000000000000000001100000001011001100101100000010000100000000000000000000000000000
10101000111111110001110000101001000101010000000000000000000000000000000000000000000000000000000000000000000000000000000000000000000000010000000101110000100000111101011110000000000000000000000000000010111111100010110111111011000000000000000000000000000000000000001100000001011100001010001011010001000000000000000000000000000000
10101000111111110001110000101001000000101000000000000000000000000000000000000000000000000000000000000000000000000000000000000000000000010000000101101101000101011100001100000000000000000000000000000000111111110011010011011011010010100000000000000000000000000000001100000000010010110101010101010010000000000000000000000000000000
10101000111111110001110000101001000000101000000000000000000000000000000000000000000000000000000000000000000000000000000000000000000000010000000101101101010110101110000100000000000000000000000000000000111111110011010011011011010010100000000000000000000000000000001100000000101101100001111010000100000000000000000000000000000000
10101000111111110001110000101001000000101000000000000000000000000000000000000000000000000000000000000000000000000000000000000000000000010000000101101101000101011100001100000000000000000000000000000000111111110011010011011011010010100000000000000000000000000000001100000000111000100100001000100110100000000000000000000000000000
10101000111111110001110000101001000000101000000000000000000000000000000000000000000000000000000000000000000000000000000000000000000000010000000101101101010110101110000100000000000000000000000000000000111111110011010011011011010010100000000000000000000000000000001100000001000001010101011010000111000000000000000000000000000000
10101000111111110001110000101001000000101000000000000000000000000000000000000000000000000000000000000000000000000000000000000000000000010000000101101101000101011100001100000000000000000000000000000000111111110011010011011011010010100000000000000000000000000000001100000001000110001001000010111110000000000000000000000000000000
10101000111111110001110000101001000000101000000000000000000000000000000000000000000000000000000000000000000000000000000000000000000000010000000101101101010110101110000100000000000000000000000000000000111111110011010011011011010010100000000000000000000000000000001100000001001011001101111001110111000000000000000000000000000000
10101000111111110001110000101001000000101000000000000000000000000000000000000000000000000000000000000000000000000000000000000000000000010000000101101101000101011100001100000000000000000000000000000000111111110011010011011011010010100000000000000000000000000000001100000001001111110111100000010000100000000000000000000000000000
10101000111111110001110000101001000000101000000000000000000000000000000000000000000000000000000000000000000000000000000000000000000000010000000101101101010110101110000100000000000000000000000000000000111111110011010011011011010010100000000000000000000000000000001100000001010010011110111011011111100000000000000000000000000000
10101000111111110001110000101001000000101000000000000000000000000000000000000000000000000000000000000000000000000000000000000000000000010000000101101101000101011100001100000000000000000000000000000000111111110011010011011011010010100000000000000000000000000000001100000001010100110000100001111001000000000000000000000000000000
10101000111111110001110000101001000000101000000000000000000000000000000000000000000000000000000000000000000000000000000000000000000000010000000101101101010110101110000100000000000000000000000000000000111111110011010011011011010010100000000000000000000000000000001100000001010111010100011100101011000000000000000000000000000000
10101000111111110001110000101001000000101000000000000000000000000000000000000000000000000000000000000000000000000000000000000000000000010000000101101101000101011100001100000000000000000000000000000000111111110011010011011011010010100000000000000000000000000000001100000001011001100101100000010000100000000000000000000000000000
10101000111111110001110000101001000000101000000000000000000000000000000000000000000000000000000000000000000000000000000000000000000000010000000101101101010110101110000100000000000000000000000000000000111111110011010011011011010010100000000000000000000000000000001100000001011100001010001011010001000000000000000000000000000000
10010000111111110110011001100110000000000000000000000000000000000000000011111111111001001000011111101101100000000000000000000000000000010000000101000011101000011011011100000000000000000000000000000000111111110100100111100101000001010000000000000000000000000000001100000001100111000011111001100110100000000000000000000000000000
10010000111111110110011001100111000000000000000000000000000000000000000011111111111001001000011111101101100000000000000000000000000000010000000101000011101000011011011100000000000000000000000000000000111111110001010111101100100110100000000000000000000000000000001100000001100110111001011010111000100000000000000000000000000000
10010000111111110110011001100110000000000000000000000000000000000000000011111111111001001000011111101101100000000000000000000000000000010000000101000011101000011011011110000000000000000000000000000000111111101010000000111100001010001000000000000000000000000000001100000001100111000011111001100110100000000000000000000000000000
10010000111111110110011001100111000000000000000000000000000000000000000011111111111001001000011111101101100000000000000000000000000000010000000101000011101000011011011100000000000000000000000000000010111111101100101110011100110000000000000000000000000000000000001100000001100110111001011010111000100000000000000000000000000000
10010000111111110110011001100110000000000000000000000000000000000000000011111111111001001000011111101101100000000000000000000000000000010000000101000011101000011011011100000000000000000000000000000010111111110010001110101011111100000000000000000000000000000000001100000001100111000011111001100110100000000000000000000000000000
10010000111111110110011001100111000000000000000000000000000000000000000011111111111001001000011111101101100000000000000000000000000000010000000101000011101000011011011100000000000000000000000000000010111111110101000011000100101100000000000000000000000000000000001100000001100110111001011010111000100000000000000000000000000000
10010000111111110001110000101000000000000000000000000000000000000000000011111111111001001000011111101101100000000000000000000000000000010000000101001110001000010100100000000000000000000000000000000000111111110100101011111111110101010000000000000000000000000000001100000001100111011100000001010010000000000000000000000000000000
10010000111111110001110000101010000000000000000000000000000000000000000011111111111001001000011111101101100000000000000000000000000000010000000101001110001000010100011110000000000000000000000000000000111111110001110010001101011010100000000000000000000000000000001100000001100111010001100010100100000000000000000000000000000000
10010000111111110001110000101000000000000000000000000000000000000000000011111111111001001000011111101101100000000000000000000000000000010000000101001110001000010100011110000000000000000000000000000000111111101100011000110110010101001000000000000000000000000000001100000001100111011100000001010010000000000000000000000000000000
10010000111111110001110000101010000000000000000000000000000000000000000011111111111001001000011111101101100000000000000000000000000000010000000101001110001000010100011110000000000000000000000000000010111111101001100101011100010000000000000000000000000000000000001100000001100111010001100010100100000000000000000000000000000000
10010000111111110001110000101000000000000000000000000000000000000000000011111111111001001000011111101101100000000000000000000000000000010000000101001110001000010100011110000000000000000000000000000010111111110000111111001001010100000000000000000000000000000000001100000001100111011100000001010010000000000000000000000000000000
10010000111111110001110000101010000000000000000000000000000000000000000011111111111001001000011111101101100000000000000000000000000000010000000101001110001000010100011110000000000000000000000000000010111111110100010010011101110010000000000000000000000000000000001100000001100111010001100010100100000000000000000000000000000000
10010000111111110001110000101000000000000000000000000000000000000000000011111111111001001000011111101101100000000000000000000000000000010000000101010110011011011110011100000000000000000000000000000000111111110100110011001011011001010000000000000000000000000000001100000001100111000011111001100110100000000000000000000000000000
10010000111111110001110000101010000000000000000000000000000000000000000011111111111001001000011111101101100000000000000000000000000000010000000101010110011011011110011100000000000000000000000000000000111111110010011101010010110110100000000000000000000000000000001100000001100110111001011010111000100000000000000000000000000000
10010000111111110001110000101000000000000000000000000000000000000000000011111111111001001000011111101101100000000000000000000000000000010000000101010110011011011110011010000000000000000000000000000000111111101110101000011101101101001000000000000000000000000000001100000001100111000011111001100110100000000000000000000000000000
10010000111111110001110000101010000000000000000000000000000000000000000011111111111001001000011111101101100000000000000000000000000000010000000101010110011011011110011010000000000000000000000000000000111111011101100101011101010001001000000000000000000000000000001100000001100110111001011010111000100000000000000000000000000000
10010000111111110001110000101000000000000000000000000000000000000000000011111111111001001000011111101101100000000000000000000000000000010000000101010110011011011110011100000000000000000000000000000010111111101101111011110010000000000000000000000000000000000000001100000001100111000011111001100110100000000000000000000000000000
10010000111111110001110000101010000000000000000000000000000000000000000011111111111001001000011111101101100000000000000000000000000000010000000101010110011011011110011010000000000000000000000000000010111111110010000110111101000000000000000000000000000000000000001100000001100110111001011010111000100000000000000000000000000000
10010000111111110001110000101000000000000000000000000000000000000000000011111111111001001000011111101101100000000000000000000000000000010000000101010110011011011110011010000000000000000000000000000010111111110100101000000000011110000000000000000000000000000000001100000001100111000011111001100110100000000000000000000000000000
10010000111111110001110000101000000000000000000000000000000000000000000011111111111001001000011111101101100000000000000000000000000000010000000101100001001000011011000010000000000000000000000000000000111111110100111000110000110101010000000000000000000000000000001100000001100111011100000001010010000000000000000000000000000000
10010000111111110001110000101010000000000000000000000000000000000000000011111111111001001000011111101101100000000000000000000000000000010000000101100001001000011011000100000000000000000000000000000000111111110010111110110011011110100000000000000000000000000000001100000001100111010001100010100100000000000000000000000000000000
10010000111111110001110000101000000000000000000000000000000000000000000011111111111001001000011111101101100000000000000000000000000000010000000101100001001000011011000010000000000000000000000000000000111111110000001100000101010010100000000000000000000000000000001100000001100111011100000001010010000000000000000000000000000000
10010000111111110001110000101010000000000000000000000000000000000000000011111111111001001000011111101101100000000000000000000000000000010000000101100001001000011011000010000000000000000000000000000000111111101001100101011100011010001000000000000000000000000000001100000001100111010001100010100100000000000000000000000000000000
10010000111111110001110000101000000000000000000000000000000000000000000011111111111001001000011111101101100000000000000000000000000000010000000101100001001000011011000010000000000000000000000000000010111111101001100101011100010000000000000000000000000000000000001100000001100111011100000001010010000000000000000000000000000000
10010000111111110001110000101010000000000000000000000000000000000000000011111111111001001000011111101101100000000000000000000000000000010000000101100001001000011011000010000000000000000000000000000010111111110000001100000101010000000000000000000000000000000000001100000001100111010001100010100100000000000000000000000000000000
10010000111111110001110000101000000000000000000000000000000000000000000011111111111001001000011111101101100000000000000000000000000000010000000101100001001000011011000010000000000000000000000000000010111111110010111110110011011100000000000000000000000000000000001100000001100111011100000001010010000000000000000000000000000000
10010000111111110001110000101010000000000000000000000000000000000000000011111111111001001000011111101101100000000000000000000000000000010000000101100001001000011011000010000000000000000000000000000010111111110100111000110000110100000000000000000000000000000000001100000001100111010001100010100100000000000000000000000000000000
10010000111111110001110000101000000000000000000000000000000000000000000011111111111001001000011111101101100000000000000000000000000000010000000101101000111110011001100110000000000000000000000000000000111111110100111011000111010111010000000000000000000000000000001100000001100111000011111001100110100000000000000000000000000000
10010000111111110001110000101010000000000000000000000000000000000000000011111111111001001000011111101101100000000000000000000000000000010000000101101000111110011001100110000000000000000000000000000000111111110011001100111010100010100000000000000000000000000000001100000001100110111001011010111000100000000000000000000000000000
10010000111111110001110000101000000000000000000000000000000000000000000011111111111001001000011111101101100000000000000000000000000000010000000101101000111110011001100110000000000000000000000000000000111111110000100011100110010110100000000000000000000000000000001100000001100111000011111001100110100000000000000000000000000000
10010000111111110001110000101010000000000000000000000000000000000000000011111111111001001000011111101101100000000000000000000000000000010000000101101000111110011001100110000000000000000000000000000000111111101011101001001000101010001000000000000000000000000000001100000001100110111001011010111000100000000000000000000000000000
10010000111111110001110000101000000000000000000000000000000000000000000011111111111001001000011111101101100000000000000000000000000000010000000101101000111110011001100110000000000000000000000000000010111111100101111000010000000000000000000000000000000000000000001100000001100111000011111001100110100000000000000000000000000000
10010000111111110001110000101010000000000000000000000000000000000000000011111111111001001000011111101101100000000000000000000000000000010000000101101000111110011001100110000000000000000000000000000010111111101110110000101100011000000000000000000000000000000000001100000001100110111001011010111000100000000000000000000000000000
10010000111111110001110000101000000000000000000000000000000000000000000011111111111001001000011111101101100000000000000000000000000000010000000101101000111110011001100110000000000000000000000000000010111111110010000001101010011000000000000000000000000000000000001100000001100111000011111001100110100000000000000000000000000000
10010000111111110001110000101010000000000000000000000000000000000000000011111111111001001000011111101101100000000000000000000000000000010000000101101000111110011001100110000000000000000000000000000010111111110100010101011111010010000000000000000000000000000000001100000001100110111001011010111000100000000000000000000000000000
00000000000000000000000000000000000000000000000000000000000000000000000000000000000000000000000000000000000000000000000000000000000000000000000000000000000000000000000000000000000000000000000000000000000000000000000000000000000000000000000000000000000000000000000000000000000000000000000000000000000000000000000000000000000000
