10001100111111110001110000101000000000000000000000000000000000000000001011111111111001001000011111101101100000000000000000000000000000010000000101000101001111000000100000000000000000000000000000000010111111110011100001001011001000000000000000000000000000000000000100000001100011010001001011100001100000000000000000000000000000
10001100111111110001110000101000000000000000000000000000000000000000001011111111111001001000011111101101100000000000000000000000000000010000000101000101001111000000100000000000000000000000000000000010111111101111010011011011010110000000000000000000000000000000000100000001100011000110101100110011000000000000000000000000000000
10001100111111110001110000101000000000000000000000000000000000000000001011111111111001001000011111101101100000000000000000000000000000010000000101000101001111000000100000000000000000000000000000000000111111011110110111111011100000000000000000000000000000000000000100000001100011010001001011100001100000000000000000000000000000
10001100111111110001110000101000000000000000000000000000000000000000001011111111111001001000011111101101100000000000000000000000000000010000000101000101001111000000100000000000000000000000000000000000111111110000000101001101010100000000000000000000000000000000000100000001100011000110101100110011000000000000000000000000000000
10001100111111110001110000101000000000000000000000000000000000000000001011111111111001001000011111101101100000000000000000000000000000010000000101000101001111000000100000000000000000000000000000000000111111110011111100101010110110000000000000000000000000000000000100000001100011010001001011100001100000000000000000000000000000
10001100111111110001110000101000000000000000000000000000000000000000001011111111111001001000011111101101100000000000000000000000000000010000000101010000000000010110111100000000000000000000000000000010111111110101010011100100100100000000000000000000000000000000000100000001100011011110110100011110100000000000000000000000000000
10001100111111110001110000101000000000000000000000000000000000000000001011111111111001001000011111101101100000000000000000000000000000010000000101010000000000010110111100000000000000000000000000000010111111110011010000101011010011000000000000000000000000000000000100000001100011101001010011001101000000000000000000000000000000
10001100111111110001110000101000000000000000000000000000000000000000001011111111111001001000011111101101100000000000000000000000000000010000000101010000000000010110111100000000000000000000000000000010111111101111110100011010111100000000000000000000000000000000000100000001100011011110110100011110100000000000000000000000000000
10001100111111110001110000101000000000000000000000000000000000000000001011111111111001001000011111101101100000000000000000000000000000010000000101010000000000010110111100000000000000000000000000000010111111100100011101111101001000000000000000000000000000000000000100000001100011101001010011001101000000000000000000000000000000
10001100111111110001110000101000000000000000000000000000000000000000001011111111111001001000011111101101100000000000000000000000000000010000000101010000000000010110111100000000000000000000000000000000111111101101100101011100011000000000000000000000000000000000000100000001100011011110110100011110100000000000000000000000000000
10001100111111110001110000101000000000000000000000000000000000000000001011111111111001001000011111101101100000000000000000000000000000010000000101010000000000010110111100000000000000000000000000000000111111110010001001001100000000000000000000000000000000000000000100000001100011101001010011001101000000000000000000000000000000
10001100111111110001110000101000000000000000000000000000000000000000001011111111111001001000011111101101100000000000000000000000000000010000000101010000000000010110111100000000000000000000000000000000111111110100101111110100111010100000000000000000000000000000000100000001100011011110110100011110100000000000000000000000000000
10001100111111110001110000101000000000000000000000000000000000000000001011111111111001001000011111101101100000000000000000000000000000010000000101010111010110000010101010000000000000000000000000000010111111110101001001100001001010100000000000000000000000000000000100000001100011010001001011100001100000000000000000000000000000
10001100111111110001110000101000000000000000000000000000000000000000001011111111111001001000011111101101100000000000000000000000000000010000000101010111010110000010101010000000000000000000000000000010111111110011001001111110010111000000000000000000000000000000000100000001100011000110101100110011000000000000000000000000000000
10001100111111110001110000101000000000000000000000000000000000000000001011111111111001001000011111101101100000000000000000000000000000010000000101010111010110000010101010000000000000000000000000000010111111110000000000111010011010000000000000000000000000000000000100000001100011010001001011100001100000000000000000000000000000
10001100111111110001110000101000000000000000000000000000000000000000001011111111111001001000011111101101100000000000000000000000000000010000000101010111010110000010101010000000000000000000000000000010111111100110111110110011100000000000000000000000000000000000000100000001100011000110101100110011000000000000000000000000000000
10001100111111110001110000101000000000000000000000000000000000000000001011111111111001001000011111101101100000000000000000000000000000010000000101010111010110000010101010000000000000000000000000000000111111101100100010011011000010000000000000000000000000000000000100000001100011010001001011100001100000000000000000000000000000
10001100111111110001110000101000000000000000000000000000000000000000001011111111111001001000011111101101100000000000000000000000000000010000000101010111010110000010101010000000000000000000000000000000111111110001011010010001011111000000000000000000000000000000000100000001100011000110101100110011000000000000000000000000000000
10001100111111110001110000101000000000000000000000000000000000000000001011111111111001001000011111101101100000000000000000000000000000010000000101010111010110000010101010000000000000000000000000000000111111110100010001101010101110100000000000000000000000000000000100000001100011010001001011100001100000000000000000000000000000
10001100111111110001110000101000000000000000000000000000000000000000001011111111111001001000011111101101100000000000000000000000000000010000000101100010010000000110001000000000000000000000000000000010111111110100111000110000110101100000000000000000000000000000000100000001100011101001010011001101000000000000000000000000000000
10001100111111110001110000101000000000000000000000000000000000000000001011111111111001001000011111101101100000000000000000000000000000010000000101100010010000000110001010000000000000000000000000000010111111110010111110110011011110000000000000000000000000000000000100000001100011011110110100011110100000000000000000000000000000
10001100111111110001110000101000000000000000000000000000000000000000001011111111111001001000011111101101100000000000000000000000000000010000000101100010010000000110001010000000000000000000000000000010111111110000001100000101010011000000000000000000000000000000000100000001100011101001010011001101000000000000000000000000000000
10001100111111110001110000101000000000000000000000000000000000000000001011111111111001001000011111101101100000000000000000000000000000010000000101100010010000000110001000000000000000000000000000000010111111101001100101011100011000000000000000000000000000000000000100000001100011011110110100011110100000000000000000000000000000
10001100111111110001110000101000000000000000000000000000000000000000001011111111111001001000011111101101100000000000000000000000000000010000000101100010010000000110001010000000000000000000000000000000111111101001100101011100011000000000000000000000000000000000000100000001100011101001010011001101000000000000000000000000000000
10001100111111110001110000101000000000000000000000000000000000000000001011111111111001001000011111101101100000000000000000000000000000010000000101100010010000000110001010000000000000000000000000000000111111110000001100000101010010000000000000000000000000000000000100000001100011011110110100011110100000000000000000000000000000
10001100111111110001110000101000000000000000000000000000000000000000001011111111111001001000011111101101100000000000000000000000000000010000000101100010010000000110001010000000000000000000000000000000111111110010111110110011011110000000000000000000000000000000000100000001100011101001010011001101000000000000000000000000000000
10001100111111110001110000101000000000000000000000000000000000000000001011111111111001001000011111101101100000000000000000000000000000010000000101100010010000000110001010000000000000000000000000000000111111110100111000110000110100100000000000000000000000000000000100000001100011011110110100011110100000000000000000000000000000
10001100111111110001110000101000000000000000000000000000000000000000001011111111111001001000011111101101100000000000000000000000000000010000000101101000111110011001100110000000000000000000000000000010111111110100110001101101010101000000000000000000000000000000000100000001100011000110101100110011000000000000000000000000000000
10001100111111110001110000101000000000000000000000000000000000000000001011111111111001001000011111101101100000000000000000000000000000010000000101101000111110011001100110000000000000000000000000000010111111110010111010000110011110000000000000000000000000000000000100000001100011010001001011100001100000000000000000000000000000
10001100111111110001110000101000000000000000000000000000000000000000001011111111111001001000011111101101100000000000000000000000000000010000000101101000111110011001100110000000000000000000000000000010111111110000010000110010010011000000000000000000000000000000000100000001100011000110101100110011000000000000000000000000000000
10001100111111110001110000101000000000000000000000000000000000000000001011111111111001001000011111101101100000000000000000000000000000010000000101101000111110011001100110000000000000000000000000000010111111101010011101111000100000000000000000000000000000000000000100000001100011010001001011100001100000000000000000000000000000
10001100111111110001110000101000000000000000000000000000000000000000001011111111111001001000011111101101100000000000000000000000000000010000000101101000111110011001100110000000000000000000000000000000111111101000000111011000010000000000000000000000000000000000000100000001100011000110101100110011000000000000000000000000000000
10001100111111110001110000101000000000000000000000000000000000000000001011111111111001001000011111101101100000000000000000000000000000010000000101101000111110011001100110000000000000000000000000000000111111101111010110010100100000000000000000000000000000000000000100000001100011010001001011100001100000000000000000000000000000
10001100111111110001110000101000000000000000000000000000000000000000001011111111111001001000011111101101100000000000000000000000000000010000000101101000111110011001100110000000000000000000000000000000111111110010010100011110011010000000000000000000000000000000000100000001100011000110101100110011000000000000000000000000000000
10001100111111110001110000101000000000000000000000000000000000000000001011111111111001001000011111101101100000000000000000000000000000010000000101101000111110011001100110000000000000000000000000000000111111110100011110111001010011100000000000000000000000000000000100000001100011010001001011100001100000000000000000000000000000
10001100111111110001110000101000000000000000000000000000000000000000001011111111111001001000011111101101100000000000000000000000000000010000000101101000111110011001100110000000000000000000000000000000111111110101110011100011011000100000000000000000000000000000000100000001100011000110101100110011000000000000000000000000000000
10011000111111110110011001100110000000000000000000000000000000000000001011111111111001001000011111101101100000000000000000000000000000010000000101000011101000011011011100000000000000000000000000000010111111110011100001001011001000000000000000000000000000000000000100000001110000100000100101110000100000000000000000000000000000
10011000111111110110011001100110000000000000000000000000000000000000001011111111111001001000011111101101100000000000000000000000000000010000000101000011101000011011011100000000000000000000000000000010111111101111010011011011010110000000000000000000000000000000000100000001110000011011010110011001100000000000000000000000000000
10011000111111110110011001100110000000000000000000000000000000000000001011111111111001001000011111101101100000000000000000000000000000010000000101000011101000011011011110000000000000000000000000000000111111011110110111111011100000000000000000000000000000000000000100000001110000100000100101110000100000000000000000000000000000
10011000111111110110011001100110000000000000000000000000000000000000001011111111111001001000011111101101100000000000000000000000000000010000000101000011101000011011011100000000000000000000000000000000111111110000000101001101010100000000000000000000000000000000000100000001110000011011010110011001100000000000000000000000000000
10011000111111110110011001100110000000000000000000000000000000000000001011111111111001001000011111101101100000000000000000000000000000010000000101000011101000011011011100000000000000000000000000000000111111110011111100101010110110000000000000000000000000000000000100000001110000100000100101110000100000000000000000000000000000
10011000111111110110011001100110000000000000000000000000000000000000001011111111111001001000011111101101100000000000000000000000000000010000000101001110001000010100011110000000000000000000000000000010111111110101011111000011110111100000000000000000000000000000000100000001110000101100101001100110100000000000000000000000000000
10011000111111110110011001100110000000000000000000000000000000000000001011111111111001001000011111101101100000000000000000000000000000010000000101001110001000010100100000000000000000000000000000000010111111110011011000010101100000000000000000000000000000000000000100000001110000100111011010001111100000000000000000000000000000
10011000111111110110011001100110000000000000000000000000000000000000001011111111111001001000011111101101100000000000000000000000000000010000000101001110001000010100100000000000000000000000000000000010111111101111100101000110100000000000000000000000000000000000000100000001110000101100101001100110100000000000000000000000000000
10011000111111110110011001100110000000000000000000000000000000000000001011111111111001001000011111101101100000000000000000000000000000010000000101001110001000010100011110000000000000000000000000000010111111011110011000100000100000000000000000000000000000000000000100000001110000100111011010001111100000000000000000000000000000
10011000111111110110011001100110000000000000000000000000000000000000001011111111111001001000011111101101100000000000000000000000000000010000000101001110001000010100011110000000000000000000000000000000111111101110110010000010011110000000000000000000000000000000000100000001110000101100101001100110100000000000000000000000000000
10011000111111110110011001100110000000000000000000000000000000000000001011111111111001001000011111101101100000000000000000000000000000010000000101001110001000010100011110000000000000000000000000000000111111110010111110110011011110000000000000000000000000000000000100000001110000100111011010001111100000000000000000000000000000
10011000111111110110011001100110000000000000000000000000000000000000001011111111111001001000011111101101100000000000000000000000000000010000000101001110001000010100011110000000000000000000000000000000111111110101010010010010110110100000000000000000000000000000000100000001110000101100101001100110100000000000000000000000000000
10011000111111110001110000101100000000000000000000000000000000000000001011111111111001001000011111101101100000000000000000000000000000010000000101010110011011011110011100000000000000000000000000000010111111110101001001100001001010100000000000000000000000000000000100000001110000100000100101110000100000000000000000000000000000
10011000111111110001110000101000000000000000000000000000000000000000001011111111111001001000011111101101100000000000000000000000000000010000000101010110011011011110011100000000000000000000000000000010111111110011001001111110010111000000000000000000000000000000000100000001110000011011010110011001100000000000000000000000000000
10011000111111110001110000101100000000000000000000000000000000000000001011111111111001001000011111101101100000000000000000000000000000010000000101010110011011011110011100000000000000000000000000000010111111110000000000111010011010000000000000000000000000000000000100000001110000100000100101110000100000000000000000000000000000
10011000111111110001110000101000000000000000000000000000000000000000001011111111111001001000011111101101100000000000000000000000000000010000000101010110011011011110011100000000000000000000000000000010111111100110111110110011100000000000000000000000000000000000000100000001110000011011010110011001100000000000000000000000000000
10011000111111110001110000101100000000000000000000000000000000000000001011111111111001001000011111101101100000000000000000000000000000010000000101010110011011011110011010000000000000000000000000000000111111101100100010011011000100000000000000000000000000000000000100000001110000100000100101110000100000000000000000000000000000
10011000111111110001110000101000000000000000000000000000000000000000001011111111111001001000011111101101100000000000000000000000000000010000000101010110011011011110011010000000000000000000000000000000111111110001011010010001011111000000000000000000000000000000000100000001110000011011010110011001100000000000000000000000000000
10011000111111110001110000101100000000000000000000000000000000000000001011111111111001001000011111101101100000000000000000000000000000010000000101010110011011011110011100000000000000000000000000000000111111110100010001101010101110100000000000000000000000000000000100000001110000100000100101110000100000000000000000000000000000
10011000111111110001110000101000000000000000000000000000000000000000001011111111111001001000011111101101100000000000000000000000000000010000000101100001001000011011000100000000000000000000000000000010111111110100111000110000110101100000000000000000000000000000000100000001110000101100101001100110100000000000000000000000000000
10011000111111110001110000101100000000000000000000000000000000000000001011111111111001001000011111101101100000000000000000000000000000010000000101100001001000011011000010000000000000000000000000000010111111110010111110110011011110000000000000000000000000000000000100000001110000100111011010001111100000000000000000000000000000
10011000111111110001110000101000000000000000000000000000000000000000001011111111111001001000011111101101100000000000000000000000000000010000000101100001001000011011000010000000000000000000000000000010111111110000001100000101010011000000000000000000000000000000000100000001110000101100101001100110100000000000000000000000000000
10011000111111110001110000101100000000000000000000000000000000000000001011111111111001001000011111101101100000000000000000000000000000010000000101100001001000011011000100000000000000000000000000000010111111101001100101011100011000000000000000000000000000000000000100000001110000100111011010001111100000000000000000000000000000
10011000111111110001110000101000000000000000000000000000000000000000001011111111111001001000011111101101100000000000000000000000000000010000000101100001001000011011000010000000000000000000000000000000111111101001100101011100011000000000000000000000000000000000000100000001110000101100101001100110100000000000000000000000000000
10011000111111110001110000101100000000000000000000000000000000000000001011111111111001001000011111101101100000000000000000000000000000010000000101100001001000011011000010000000000000000000000000000000111111110000001100000101010010000000000000000000000000000000000100000001110000100111011010001111100000000000000000000000000000
10011000111111110001110000101000000000000000000000000000000000000000001011111111111001001000011111101101100000000000000000000000000000010000000101100001001000011011000010000000000000000000000000000000111111110010111110110011011110000000000000000000000000000000000100000001110000101100101001100110100000000000000000000000000000
10011000111111110001110000101100000000000000000000000000000000000000001011111111111001001000011111101101100000000000000000000000000000010000000101100001001000011011000010000000000000000000000000000000111111110100111000110000110100100000000000000000000000000000000100000001110000100111011010001111100000000000000000000000000000
10011000111111110001110000101000000000000000000000000000000000000000001011111111111001001000011111101101100000000000000000000000000000010000000101101000111110011001100110000000000000000000000000000010111111110100110001101101010101000000000000000000000000000000000100000001110000011011010110011001100000000000000000000000000000
10011000111111110001110000101100000000000000000000000000000000000000001011111111111001001000011111101101100000000000000000000000000000010000000101101000111110011001100110000000000000000000000000000010111111110010111010000110011110000000000000000000000000000000000100000001110000100000100101110000100000000000000000000000000000
10011000111111110001110000101000000000000000000000000000000000000000001011111111111001001000011111101101100000000000000000000000000000010000000101101000111110011001100110000000000000000000000000000010111111110000010000110010010011000000000000000000000000000000000100000001110000011011010110011001100000000000000000000000000000
10011000111111110001110000101100000000000000000000000000000000000000001011111111111001001000011111101101100000000000000000000000000000010000000101101000111110011001100110000000000000000000000000000010111111101010011101111000100000000000000000000000000000000000000100000001110000100000100101110000100000000000000000000000000000
10011000111111110001110000101000000000000000000000000000000000000000001011111111111001001000011111101101100000000000000000000000000000010000000101101000111110011001100110000000000000000000000000000000111111101000000111011000010000000000000000000000000000000000000100000001110000011011010110011001100000000000000000000000000000
10011000111111110001110000101100000000000000000000000000000000000000001011111111111001001000011111101101100000000000000000000000000000010000000101101000111110011001100110000000000000000000000000000000111111101111010110010100100000000000000000000000000000000000000100000001110000100000100101110000100000000000000000000000000000
10011000111111110001110000101000000000000000000000000000000000000000001011111111111001001000011111101101100000000000000000000000000000010000000101101000111110011001100110000000000000000000000000000000111111110010010100011110011010000000000000000000000000000000000100000001110000011011010110011001100000000000000000000000000000
10011000111111110001110000101100000000000000000000000000000000000000001011111111111001001000011111101101100000000000000000000000000000010000000101101000111110011001100110000000000000000000000000000000111111110100011110111001010011100000000000000000000000000000000100000001110000100000100101110000100000000000000000000000000000
10011000111111110001110000101000000000000000000000000000000000000000001011111111111001001000011111101101100000000000000000000000000000010000000101101000111110011001100110000000000000000000000000000000111111110101110011100011011000100000000000000000000000000000000100000001110000011011010110011001100000000000000000000000000000
