10100011111111000111000010100101001000000000000000000000000000000000000000000000000000000000000000000000000000000000000000000000000001000000000101000001100110011001101000000000000000000000000000000011111110000010011011101001011110000000000000000000000000000000010000000101101101000101011100001010000000000000000000000000000010111111110100111100001100110011000000000000000000000000000000001100000000010010110101010101010010000000000000000000000000000000
10100011111111000111000010100101001000000000000000000000000000000000000000000000000000000000000000000000000000000000000000000000000001000000000101000001100110011001101000000000000000000000000000000011111110000010011011101001011110000000000000000000000000000000010000000101101101010110101110000100000000000000000000000000000010111111110100111100001100110011000000000000000000000000000000001100000000101101100001111010000100000000000000000000000000000000
10100011111111000111000010100101001000000000000000000000000000000000000000000000000000000000000000000000000000000000000000000000000001000000000101000001100110011001101000000000000000000000000000000011111110000010011011101001011110000000000000000000000000000000010000000101101101000101011100001010000000000000000000000000000010111111110100111100001100110011000000000000000000000000000000001100000000111000100100001000100110100000000000000000000000000000
10100011111111000111000010100101001000000000000000000000000000000000000000000000000000000000000000000000000000000000000000000000000001000000000101000001100110011001101000000000000000000000000000000011111110000010011011101001011110000000000000000000000000000000010000000101101101010110101110000100000000000000000000000000000010111111110100111100001100110011000000000000000000000000000000001100000001000001010101011010000111000000000000000000000000000000
10100011111111000111000010100101001000000000000000000000000000000000000000000000000000000000000000000000000000000000000000000000000001000000000101000001100110011001101000000000000000000000000000000011111110000010011011101001011110000000000000000000000000000000010000000101101101000101011100001010000000000000000000000000000010111111110100111100001100110011000000000000000000000000000000001100000001000110001001000010111110000000000000000000000000000000
10100011111111000111000010100101001000000000000000000000000000000000000000000000000000000000000000000000000000000000000000000000000001000000000101000001100110011001101000000000000000000000000000000011111110000010011011101001011110000000000000000000000000000000010000000101101101010110101110000100000000000000000000000000000010111111110100111100001100110011000000000000000000000000000000001100000001001011001101111001110111000000000000000000000000000000
10100011111111000111000010100101001000000000000000000000000000000000000000000000000000000000000000000000000000000000000000000000000001000000000101000001100110011001101000000000000000000000000000000011111110000010011011101001011110000000000000000000000000000000010000000101101101000101011100001010000000000000000000000000000010111111110100111100001100110011000000000000000000000000000000001100000001001111110111100000010000100000000000000000000000000000
10100011111111000111000010100101001000000000000000000000000000000000000000000000000000000000000000000000000000000000000000000000000001000000000101000001100110011001101000000000000000000000000000000011111110000010011011101001011110000000000000000000000000000000010000000101101101010110101110000100000000000000000000000000000010111111110100111100001100110011000000000000000000000000000000001100000001010010011110111011011111100000000000000000000000000000
10100011111111000111000010100101001000000000000000000000000000000000000000000000000000000000000000000000000000000000000000000000000001000000000101000001100110011001101000000000000000000000000000000011111110000010011011101001011110000000000000000000000000000000010000000101101101000101011100001010000000000000000000000000000010111111110100111100001100110011000000000000000000000000000000001100000001010100110000100001111001000000000000000000000000000000
10100011111111000111000010100101001000000000000000000000000000000000000000000000000000000000000000000000000000000000000000000000000001000000000101000001100110011001101000000000000000000000000000000011111110000010011011101001011110000000000000000000000000000000010000000101101101010110101110000100000000000000000000000000000010111111110100111100001100110011000000000000000000000000000000001100000001010111010100011100101011000000000000000000000000000000
10100011111111000111000010100101001000000000000000000000000000000000000000000000000000000000000000000000000000000000000000000000000001000000000101000001100110011001101000000000000000000000000000000011111110000010011011101001011110000000000000000000000000000000010000000101101101000101011100001010000000000000000000000000000010111111110100111100001100110011000000000000000000000000000000001100000001011001100101100000010000100000000000000000000000000000
10100011111111000111000010100101001000000000000000000000000000000000000000000000000000000000000000000000000000000000000000000000000001000000000101000001100110011001101000000000000000000000000000000011111110000010011011101001011110000000000000000000000000000000010000000101101101010110101110000100000000000000000000000000000010111111110100111100001100110011000000000000000000000000000000001100000001011100001010001011010001000000000000000000000000000000
10100011111111000111000010100010011111100000000000000000000000000000000000000000000000000000000000000000000000000000000000000000000001000000000101000001100110011001101000000000000000000000000000000011111110000010011011101001011110000000000000000000000000000000010000000101101101000101011100001010000000000000000000000000000000111111100010110111111011100000000000000000000000000000000000001100000000010010110101010101010010000000000000000000000000000000
10100011111111000111000010100010011111100000000000000000000000000000000000000000000000000000000000000000000000000000000000000000000001000000000101000001100110011001101000000000000000000000000000000011111110000010011011101001011110000000000000000000000000000000010000000101101101010110101110000100000000000000000000000000000000111111100010110111111011100000000000000000000000000000000000001100000000101101100001111010000100000000000000000000000000000000
10100011111111000111000010100010011111100000000000000000000000000000000000000000000000000000000000000000000000000000000000000000000001000000000101000001100110011001101000000000000000000000000000000011111110000010011011101001011110000000000000000000000000000000010000000101101101000101011100001010000000000000000000000000000000111111100010110111111011100000000000000000000000000000000000001100000000111000100100001000100110100000000000000000000000000000
10100011111111000111000010100010011111100000000000000000000000000000000000000000000000000000000000000000000000000000000000000000000001000000000101000001100110011001101000000000000000000000000000000011111110000010011011101001011110000000000000000000000000000000010000000101101101010110101110000100000000000000000000000000000000111111100010110111111011100000000000000000000000000000000000001100000001000001010101011010000111000000000000000000000000000000
10100011111111000111000010100010011111100000000000000000000000000000000000000000000000000000000000000000000000000000000000000000000001000000000101000001100110011001101000000000000000000000000000000011111110000010011011101001011110000000000000000000000000000000010000000101101101000101011100001010000000000000000000000000000000111111100010110111111011100000000000000000000000000000000000001100000001000110001001000010111110000000000000000000000000000000
10100011111111000111000010100010011111100000000000000000000000000000000000000000000000000000000000000000000000000000000000000000000001000000000101000001100110011001101000000000000000000000000000000011111110000010011011101001011110000000000000000000000000000000010000000101101101010110101110000100000000000000000000000000000000111111100010110111111011100000000000000000000000000000000000001100000001001011001101111001110111000000000000000000000000000000
10100011111111000111000010100010011111100000000000000000000000000000000000000000000000000000000000000000000000000000000000000000000001000000000101000001100110011001101000000000000000000000000000000011111110000010011011101001011110000000000000000000000000000000010000000101101101000101011100001010000000000000000000000000000000111111100010110111111011100000000000000000000000000000000000001100000001001111110111100000010000100000000000000000000000000000
10100011111111000111000010100010011111100000000000000000000000000000000000000000000000000000000000000000000000000000000000000000000001000000000101000001100110011001101000000000000000000000000000000011111110000010011011101001011110000000000000000000000000000000010000000101101101010110101110000100000000000000000000000000000000111111100010110111111011100000000000000000000000000000000000001100000001010010011110111011011111100000000000000000000000000000
10100011111111000111000010100010011111100000000000000000000000000000000000000000000000000000000000000000000000000000000000000000000001000000000101000001100110011001101000000000000000000000000000000011111110000010011011101001011110000000000000000000000000000000010000000101101101000101011100001010000000000000000000000000000000111111100010110111111011100000000000000000000000000000000000001100000001010100110000100001111001000000000000000000000000000000
10100011111111000111000010100010011111100000000000000000000000000000000000000000000000000000000000000000000000000000000000000000000001000000000101000001100110011001101000000000000000000000000000000011111110000010011011101001011110000000000000000000000000000000010000000101101101010110101110000100000000000000000000000000000000111111100010110111111011100000000000000000000000000000000000001100000001010111010100011100101011000000000000000000000000000000
10100011111111000111000010100010011111100000000000000000000000000000000000000000000000000000000000000000000000000000000000000000000001000000000101000001100110011001101000000000000000000000000000000011111110000010011011101001011110000000000000000000000000000000010000000101101101000101011100001010000000000000000000000000000000111111100010110111111011100000000000000000000000000000000000001100000001011001100101100000010000100000000000000000000000000000
10100011111111000111000010100010011111100000000000000000000000000000000000000000000000000000000000000000000000000000000000000000000001000000000101000001100110011001101000000000000000000000000000000011111110000010011011101001011110000000000000000000000000000000010000000101101101010110101110000100000000000000000000000000000000111111100010110111111011100000000000000000000000000000000000001100000001011100001010001011010001000000000000000000000000000000
10100011111111000111000010100011010111100000000000000000000000000000000000000000000000000000000000000000000000000000000000000000000001000000000101000001100110011001101000000000000000000000000000000011111110000010011011101001011110000000000000000000000000000000010000000101110000001111101011100000000000000000000000000000000000111111110100000101001101010111000000000000000000000000000000001100000000010010110101010101010010000000000000000000000000000000
10100011111111000111000010100011010111100000000000000000000000000000000000000000000000000000000000000000000000000000000000000000000001000000000101000001100110011001101000000000000000000000000000000011111110000010011011101001011110000000000000000000000000000000010000000101110000100000111101011100000000000000000000000000000000111111110100000101001101010111000000000000000000000000000000001100000000101101100001111010000100000000000000000000000000000000
10100011111111000111000010100011010111100000000000000000000000000000000000000000000000000000000000000000000000000000000000000000000001000000000101000001100110011001101000000000000000000000000000000011111110000010011011101001011110000000000000000000000000000000010000000101110000001111101011100000000000000000000000000000000000111111110100000101001101010111000000000000000000000000000000001100000000111000100100001000100110100000000000000000000000000000
10100011111111000111000010100011010111100000000000000000000000000000000000000000000000000000000000000000000000000000000000000000000001000000000101000001100110011001101000000000000000000000000000000011111110000010011011101001011110000000000000000000000000000000010000000101110000100000111101011100000000000000000000000000000000111111110100000101001101010111000000000000000000000000000000001100000001000001010101011010000111000000000000000000000000000000
10100011111111000111000010100011010111100000000000000000000000000000000000000000000000000000000000000000000000000000000000000000000001000000000101000001100110011001101000000000000000000000000000000011111110000010011011101001011110000000000000000000000000000000010000000101110000001111101011100000000000000000000000000000000000111111110100000101001101010111000000000000000000000000000000001100000001000110001001000010111110000000000000000000000000000000
10100011111111000111000010100011010111100000000000000000000000000000000000000000000000000000000000000000000000000000000000000000000001000000000101000001100110011001101000000000000000000000000000000011111110000010011011101001011110000000000000000000000000000000010000000101110000100000111101011100000000000000000000000000000000111111110100000101001101010111000000000000000000000000000000001100000001001011001101111001110111000000000000000000000000000000
10100011111111000111000010100011010111100000000000000000000000000000000000000000000000000000000000000000000000000000000000000000000001000000000101000001100110011001101000000000000000000000000000000011111110000010011011101001011110000000000000000000000000000000010000000101110000001111101011100000000000000000000000000000000000111111110100000101001101010111000000000000000000000000000000001100000001001111110111100000010000100000000000000000000000000000
10100011111111000111000010100011010111100000000000000000000000000000000000000000000000000000000000000000000000000000000000000000000001000000000101000001100110011001101000000000000000000000000000000011111110000010011011101001011110000000000000000000000000000000010000000101110000100000111101011100000000000000000000000000000000111111110100000101001101010111000000000000000000000000000000001100000001010010011110111011011111100000000000000000000000000000
10100011111111000111000010100011010111100000000000000000000000000000000000000000000000000000000000000000000000000000000000000000000001000000000101000001100110011001101000000000000000000000000000000011111110000010011011101001011110000000000000000000000000000000010000000101110000001111101011100000000000000000000000000000000000111111110100000101001101010111000000000000000000000000000000001100000001010100110000100001111001000000000000000000000000000000
10100011111111000111000010100011010111100000000000000000000000000000000000000000000000000000000000000000000000000000000000000000000001000000000101000001100110011001101000000000000000000000000000000011111110000010011011101001011110000000000000000000000000000000010000000101110000100000111101011100000000000000000000000000000000111111110100000101001101010111000000000000000000000000000000001100000001010111010100011100101011000000000000000000000000000000
10100011111111000111000010100011010111100000000000000000000000000000000000000000000000000000000000000000000000000000000000000000000001000000000101000001100110011001101000000000000000000000000000000011111110000010011011101001011110000000000000000000000000000000010000000101110000001111101011100000000000000000000000000000000000111111110100000101001101010111000000000000000000000000000000001100000001011001100101100000010000100000000000000000000000000000
10100011111111000111000010100011010111100000000000000000000000000000000000000000000000000000000000000000000000000000000000000000000001000000000101000001100110011001101000000000000000000000000000000011111110000010011011101001011110000000000000000000000000000000010000000101110000100000111101011100000000000000000000000000000000111111110100000101001101010111000000000000000000000000000000001100000001011100001010001011010001000000000000000000000000000000
11000011111111011001100110011100000000000000000000000000000000000000001111111111100100100001111110110110000000000000000000000000000001000000000101000001100110011001101000000000000000000000000000000011111110000010011011101001011110000000000000000000000000000000010000000101000011101000011011011100000000000000000000000000000000111111110100011001110101001010000000000000000000000000000000001100000001100110111001011010111000100000000000000000000000000000
11000011111111011001100110011000000000000000000000000000000000000000001111111111100100100001111110110110000000000000000000000000000001000000000101000001100110011001101000000000000000000000000000000011111110000010011011101001011110000000000000000000000000000000010000000101000011101000011011011100000000000000000000000000000000111111110000111100001100110100000000000000000000000000000000001100000001100111000011111001100110100000000000000000000000000000
11000011111111011001100110011100000000000000000000000000000000000000001111111111100100100001111110110110000000000000000000000000000001000000000101000001100110011001101000000000000000000000000000000011111110000010011011101001011110000000000000000000000000000000010000000101000011101000011011011100000000000000000000000000000000111111101000010010111101011000000000000000000000000000000000001100000001100110111001011010111000100000000000000000000000000000
11000011111111011001100110011000000000000000000000000000000000000000001111111111100100100001111110110110000000000000000000000000000001000000000101000001100110011001101000000000000000000000000000000011111110000010011011101001011110000000000000000000000000000000010000000101000011101000011011011100000000000000000000000000000010111111101101100101011100011000000000000000000000000000000000001100000001100111000011111001100110100000000000000000000000000000
11000011111111011001100110011100000000000000000000000000000000000000001111111111100100100001111110110110000000000000000000000000000001000000000101000001100110011001101000000000000000000000000000000011111110000010011011101001011110000000000000000000000000000000010000000101000011101000011011011100000000000000000000000000000010111111110010101010001011101000000000000000000000000000000000001100000001100110111001011010111000100000000000000000000000000000
11000011111111011001100110011000000000000000000000000000000000000000001111111111100100100001111110110110000000000000000000000000000001000000000101000001100110011001101000000000000000000000000000000011111110000010011011101001011110000000000000000000000000000000010000000101000011101000011011011100000000000000000000000000000010111111110101010000110100100110000000000000000000000000000000001100000001100111000011111001100110100000000000000000000000000000
11000011111111000111000010101000000000000000000000000000000000000000001111111111100100100001111110110110000000000000000000000000000001000000000101000001100110011001101000000000000000000000000000000011111110000010011011101001011110000000000000000000000000000000010000000101001110001000010100011110000000000000000000000000000000111111110100111000110000110101000000000000000000000000000000001100000001100111010001100010100100000000000000000000000000000000
11000011111111000111000010100000000000000000000000000000000000000000001111111111100100100001111110110110000000000000000000000000000001000000000101000001100110011001101000000000000000000000000000000011111110000010011011101001011110000000000000000000000000000000010000000101001110001000010100011110000000000000000000000000000000111111110010001011101111011010000000000000000000000000000000001100000001100111011100000001010010000000000000000000000000000000
11000011111111000111000010101000000000000000000000000000000000000000001111111111100100100001111110110110000000000000000000000000000001000000000101000001100110011001101000000000000000000000000000000011111110000010011011101001011110000000000000000000000000000000010000000101001110001000010100011110000000000000000000000000000000111111101101001011111010011000000000000000000000000000000000001100000001100111010001100010100100000000000000000000000000000000
11000011111111000111000010100000000000000000000000000000000000000000001111111111100100100001111110110110000000000000000000000000000001000000000101000001100110011001101000000000000000000000000000000011111110000010011011101001011110000000000000000000000000000000010000000101001110001000010100011110000000000000000000000000000010111111100111111110101000100000000000000000000000000000000000001100000001100111011100000001010010000000000000000000000000000000
11000011111111000111000010101000000000000000000000000000000000000000001111111111100100100001111110110110000000000000000000000000000001000000000101000001100110011001101000000000000000000000000000000011111110000010011011101001011110000000000000000000000000000000010000000101001110001000010100011110000000000000000000000000000010111111110000100101100111010100000000000000000000000000000000001100000001100111010001100010100100000000000000000000000000000000
11000011111111000111000010100000000000000000000000000000000000000000001111111111100100100001111110110110000000000000000000000000000001000000000101000001100110011001101000000000000000000000000000000011111110000010011011101001011110000000000000000000000000000000010000000101001110001000010100011110000000000000000000000000000010111111110100000101101100110010000000000000000000000000000000001100000001100111011100000001010010000000000000000000000000000000
11000011111111000111000010100000000000000000000000000000000000000000001111111111100100100001111110110110000000000000000000000000000001000000000101000001100110011001101000000000000000000000000000000011111110000010011011101001011110000000000000000000000000000000010000000101010110011011011110011100000000000000000000000000000000111111110100000110011111110110000000000000000000000000000000001100000001100111000011111001100110100000000000000000000000000000
11000011111111000111000010101000000000000000000000000000000000000000001111111111100100100001111110110110000000000000000000000000000001000000000101000001100110011001101000000000000000000000000000000011111110000010011011101001011110000000000000000000000000000000010000000101010110011011011110011010000000000000000000000000000000111111110001000011111011101110000000000000000000000000000000001100000001100110111001011010111000100000000000000000000000000000
11000011111111000111000010100000000000000000000000000000000000000000001111111111100100100001111110110110000000000000000000000000000001000000000101000001100110011001101000000000000000000000000000000011111110000010011011101001011110000000000000000000000000000000010000000101010110011011011110011010000000000000000000000000000000111111101011101011011111000000000000000000000000000000000000001100000001100111000011111001100110100000000000000000000000000000
11000011111111000111000010101000000000000000000000000000000000000000001111111111100100100001111110110110000000000000000000000000000001000000000101000001100110011001101000000000000000000000000000000011111110000010011011101001011110000000000000000000000000000000010000000101010110011011011110011010000000000000000000000000000010111111101000111000110000110000000000000000000000000000000000001100000001100110111001011010111000100000000000000000000000000000
11000011111111000111000010100000000000000000000000000000000000000000001111111111100100100001111110110110000000000000000000000000000001000000000101000001100110011001101000000000000000000000000000000011111110000010011011101001011110000000000000000000000000000000010000000101010110011011011110011010000000000000000000000000000010111111110000010111010000001010000000000000000000000000000000001100000001100111000011111001100110100000000000000000000000000000
11000011111111000111000010101000000000000000000000000000000000000000001111111111100100100001111110110110000000000000000000000000000001000000000101000001100110011001101000000000000000000000000000000011111110000010011011101001011110000000000000000000000000000000010000000101010110011011011110011010000000000000000000000000000010111111110011100000010100001000000000000000000000000000000000001100000001100110111001011010111000100000000000000000000000000000
11000011111111000111000010100000000000000000000000000000000000000000001111111111100100100001111110110110000000000000000000000000000001000000000101000001100110011001101000000000000000000000000000000011111110000010011011101001011110000000000000000000000000000000010000000101010110011011011110011010000000000000000000000000000010111111110101010100101100000011000000000000000000000000000000001100000001100111000011111001100110100000000000000000000000000000
11000011111111000111000010100000000000000000000000000000000000000000001111111111100100100001111110110110000000000000000000000000000001000000000101000001100110011001101000000000000000000000000000000011111110000010011011101001011110000000000000000000000000000000010000000101100001001000011011000010000000000000000000000000000000111111110100111000110000110101000000000000000000000000000000001100000001100111011100000001010010000000000000000000000000000000
11000011111111000111000010101000000000000000000000000000000000000000001111111111100100100001111110110110000000000000000000000000000001000000000101000001100110011001101000000000000000000000000000000011111110000010011011101001011110000000000000000000000000000000010000000101100001001000011011000010000000000000000000000000000000111111110010111110110011011110000000000000000000000000000000001100000001100111010001100010100100000000000000000000000000000000
11000011111111000111000010100000000000000000000000000000000000000000001111111111100100100001111110110110000000000000000000000000000001000000000101000001100110011001101000000000000000000000000000000011111110000010011011101001011110000000000000000000000000000000010000000101100001001000011011000010000000000000000000000000000000111111110000001100000101010010000000000000000000000000000000001100000001100111011100000001010010000000000000000000000000000000
11000011111111000111000010101000000000000000000000000000000000000000001111111111100100100001111110110110000000000000000000000000000001000000000101000001100110011001101000000000000000000000000000000011111110000010011011101001011110000000000000000000000000000000010000000101100001001000011011000010000000000000000000000000000000111111101001100101011100011000000000000000000000000000000000001100000001100111010001100010100100000000000000000000000000000000
11000011111111000111000010100000000000000000000000000000000000000000001111111111100100100001111110110110000000000000000000000000000001000000000101000001100110011001101000000000000000000000000000000011111110000010011011101001011110000000000000000000000000000000010000000101100001001000011011000010000000000000000000000000000010111111101001100101011100011000000000000000000000000000000000001100000001100111011100000001010010000000000000000000000000000000
11000011111111000111000010101000000000000000000000000000000000000000001111111111100100100001111110110110000000000000000000000000000001000000000101000001100110011001101000000000000000000000000000000011111110000010011011101001011110000000000000000000000000000000010000000101100001001000011011000010000000000000000000000000000010111111110000001100000101010010000000000000000000000000000000001100000001100111010001100010100100000000000000000000000000000000
11000011111111000111000010100000000000000000000000000000000000000000001111111111100100100001111110110110000000000000000000000000000001000000000101000001100110011001101000000000000000000000000000000011111110000010011011101001011110000000000000000000000000000000010000000101100001001000011011000010000000000000000000000000000010111111110010111110110011011110000000000000000000000000000000001100000001100111011100000001010010000000000000000000000000000000
11000011111111000111000010101000000000000000000000000000000000000000001111111111100100100001111110110110000000000000000000000000000001000000000101000001100110011001101000000000000000000000000000000011111110000010011011101001011110000000000000000000000000000000010000000101100001001000011011000010000000000000000000000000000010111111110100111000110000110110000000000000000000000000000000001100000001100111010001100010100100000000000000000000000000000000
11000011111111000111000010100000000000000000000000000000000000000000001111111111100100100001111110110110000000000000000000000000000001000000000101000001100110011001101000000000000000000000000000000011111110000010011011101001011110000000000000000000000000000000010000000101101000111110011001100110000000000000000000000000000000111111110101001101111011010111000000000000000000000000000000001100000001100111000011111001100110100000000000000000000000000000
11000011111111000111000010101000000000000000000000000000000000000000001111111111100100100001111110110110000000000000000000000000000001000000000101000001100110011001101000000000000000000000000000000011111110000010011011101001011110000000000000000000000000000000010000000101101000111110011001100110000000000000000000000000000000111111110011110010100010100010000000000000000000000000000000001100000001100110111001011010111000100000000000000000000000000000
11000011111111000111000010100000000000000000000000000000000000000000001111111111100100100001111110110110000000000000000000000000000001000000000101000001100110011001101000000000000000000000000000000011111110000010011011101001011110000000000000000000000000000000010000000101101000111110011001100110000000000000000000000000000000111111110001001001001110011000000000000000000000000000000000001100000001100111000011111001100110100000000000000000000000000000
11000011111111000111000010101000000000000000000000000000000000000000001111111111100100100001111110110110000000000000000000000000000001000000000101000001100110011001101000000000000000000000000000000011111110000010011011101001011110000000000000000000000000000000010000000101101000111110011001100110000000000000000000000000000000111111101100111111110100011000000000000000000000000000000000001100000001100110111001011010111000100000000000000000000000000000
11000011111111000111000010100000000000000000000000000000000000000000001111111111100100100001111110110110000000000000000000000000000001000000000101000001100110011001101000000000000000000000000000000011111110000010011011101001011110000000000000000000000000000000010000000101101000111110011001100110000000000000000000000000000010111111011100101101000000000000000000000000000000000000000000001100000001100111000011111001100110100000000000000000000000000000
11000011111111000111000010101000000000000000000000000000000000000000001111111111100100100001111110110110000000000000000000000000000001000000000101000001100110011001101000000000000000000000000000000011111110000010011011101001011110000000000000000000000000000000010000000101101000111110011001100110000000000000000000000000000010111111101101100101011100011000000000000000000000000000000000001100000001100110111001011010111000100000000000000000000000000000
11000011111111000111000010100000000000000000000000000000000000000000001111111111100100100001111110110110000000000000000000000000000001000000000101000001100110011001101000000000000000000000000000000011111110000010011011101001011110000000000000000000000000000000010000000101101000111110011001100110000000000000000000000000000010111111110001011100000010011000000000000000000000000000000000001100000001100111000011111001100110100000000000000000000000000000
11000011111111000111000010101000000000000000000000000000000000000000001111111111100100100001111110110110000000000000000000000000000001000000000101000001100110011001101000000000000000000000000000000011111110000010011011101001011110000000000000000000000000000000010000000101101000111110011001100110000000000000000000000000000010111111110100000010101011010001000000000000000000000000000000001100000001100110111001011010111000100000000000000000000000000000
00000000000000000000000000000000000000000000000000000000000000000000000000000000000000000000000000000000000000000000000000000000000000000000000000000000000000000000000000000000000000000000000000000000000000000000000000000000000000000000000000000000000000000000000000000000000000000000000000000000000000000000000000000000000000000000000000000000000000000000000000000000000000000000000000000000000000000000000000000000000000000000000000000000000000000000
