11111000111111110001000111101011100000000000000000000000000000000000000011110010100001101001100010011001100000000000000000000000000000010000000100100100111101000011100110000000000000000000000000000010111111110001100101011100011001000000000000000000000000000000000011110010110000111001010101101011100000000000000000000000000000
11111000111111110001000111101011100000000000000000000000000000000000000000000000000000000000000000000000000000000000000000000000000000010000000100100011111000101101000100000000000000000000000000000010111111110001100101011100011001000000000000000000000000000000000100000000010010001001011010010001100000000000000000000000000000
11111000111111110001000111101011100000000000000000000000000000000000000000000000000000000000000000000000000000000000000000000000000000010000000100100100111101000011100110000000000000000000000000000010111111110001100101011100011001000000000000000000000000000000000100000000100010011101010101010111000000000000000000000000000000
11111000111111110001000111101011100000000000000000000000000000000000000000000000000000000000000000000000000000000000000000000000000000010000000100100011111000101101000100000000000000000000000000000010111111110001100101011100011001000000000000000000000000000000000100000000101011001110000111100101000000000000000000000000000000
11111000111111110001000111101011100000000000000000000000000000000000000000000000000000000000000000000000000000000000000000000000000000010000000100100100111101000011100110000000000000000000000000000010111111110001100101011100011001000000000000000000000000000000000100000000110010011001010110011011000000000000000000000000000000
11111000111111110001000111101011100000000000000000000000000000000000000000000000000000000000000000000000000000000000000000000000000000010000000100100011111000101101000100000000000000000000000000000010111111110001100101011100011001000000000000000000000000000000000100000000110110100111110110001011000000000000000000000000000000
11111000111111110001000111101011100000000000000000000000000000000000000000000000000000000000000000000000000000000000000000000000000000010000000100100100111101000011100110000000000000000000000000000010111111110001100101011100011001000000000000000000000000000000000100000000111011100000000001101001000000000000000000000000000000
11111000111111110001000111101011100000000000000000000000000000000000000000000000000000000000000000000000000000000000000000000000000000010000000100100011111000101101000100000000000000000000000000000010111111110001100101011100011001000000000000000000000000000000000100000000111111100100101100101001100000000000000000000000000000
11111000111111110001000111101011100000000000000000000000000000000000000000000000000000000000000000000000000000000000000000000000000000010000000100100011111000101101000100000000000000000000000000000010111111110001100101011100011001000000000000000000000000000000001100000000010010001001011010010001100000000000000000000000000000
11111000111111110001000111101011100000000000000000000000000000000000000000000000000000000000000000000000000000000000000000000000000000010000000100100100111101000011100110000000000000000000000000000010111111110001100101011100011001000000000000000000000000000000001100000000100010011101010101010111000000000000000000000000000000
11111000111111110001000111101011100000000000000000000000000000000000000000000000000000000000000000000000000000000000000000000000000000010000000100100011111000101101000100000000000000000000000000000010111111110001100101011100011000000000000000000000000000000000001100000000101011001110000111100101000000000000000000000000000000
11111000111111110001000111101011100000000000000000000000000000000000000000000000000000000000000000000000000000000000000000000000000000010000000100100100111101000011100110000000000000000000000000000010111111110001100101011100011000000000000000000000000000000000001100000000110010011001010110011011000000000000000000000000000000
11111000111111110001000111101011100000000000000000000000000000000000000000000000000000000000000000000000000000000000000000000000000000010000000100100011111000101101000100000000000000000000000000000010111111110001100101011100011000000000000000000000000000000000001100000000110110100111110110001011000000000000000000000000000000
11111000111111110001000111101011100000000000000000000000000000000000000000000000000000000000000000000000000000000000000000000000000000010000000100100100111101000011100110000000000000000000000000000010111111110001100101011100011000000000000000000000000000000000001100000000111011100000000001101001000000000000000000000000000000
11111000111111110001000111101011100000000000000000000000000000000000000000000000000000000000000000000000000000000000000000000000000000010000000100100011111000101101000100000000000000000000000000000010111111110001100101011100011000000000000000000000000000000000001100000000111111100100101100101001100000000000000000000000000000
11111000111111110001000111101011010001110000000000000000000000000000000011110010010101000110001100100101100000000000000000000000000000010000000100100100111101000011100110000000000000000000000000000000111111110001100101011100011000000000000000000000000000000000000011110011101000100000110110100101000000000000000000000000000000
11111000111111110001000111101011101111111000000000000000000000000000000000000000000000000000000000000000000000000000000000000000000000010000000100100011111000101101000100000000000000000000000000000000111111110001100101011100011000000000000000000000000000000000000100000000010010001001011010010001100000000000000000000000000000
11111000111111110001000111101011010001110000000000000000000000000000000000000000000000000000000000000000000000000000000000000000000000010000000100100100111101000011100110000000000000000000000000000000111111110001100101011100011000000000000000000000000000000000000100000000100010011101010101010111000000000000000000000000000000
11111000111111110001000111101011101111111000000000000000000000000000000000000000000000000000000000000000000000000000000000000000000000010000000100100011111000101101000100000000000000000000000000000000111111110001100101011100011000000000000000000000000000000000000100000000101011001110000111100101000000000000000000000000000000
11111000111111110001000111101011010001110000000000000000000000000000000000000000000000000000000000000000000000000000000000000000000000010000000100100100111101000011100110000000000000000000000000000000111111110001100101011100011000000000000000000000000000000000000100000000110010011001010110011011000000000000000000000000000000
11111000111111110001000111101011101111111000000000000000000000000000000000000000000000000000000000000000000000000000000000000000000000010000000100100011111000101101000100000000000000000000000000000000111111110001100101011100011000000000000000000000000000000000000100000000110110100111110110001011000000000000000000000000000000
11111000111111110001000111101011010001110000000000000000000000000000000000000000000000000000000000000000000000000000000000000000000000010000000100100100111101000011100110000000000000000000000000000000111111110001100101011100011000000000000000000000000000000000000100000000111011100000000001101001000000000000000000000000000000
11111000111111110001000111101011101111111000000000000000000000000000000000000000000000000000000000000000000000000000000000000000000000010000000100100011111000101101000100000000000000000000000000000000111111110001100101011100011000000000000000000000000000000000000100000000111111100100101100101001100000000000000000000000000000
11111000111111110001000111101011101111111000000000000000000000000000000000000000000000000000000000000000000000000000000000000000000000010000000100100011111000101101000100000000000000000000000000000000111111110001100101011100011000000000000000000000000000000000001100000000010010001001011010010001100000000000000000000000000000
11111000111111110001000111101011010001110000000000000000000000000000000000000000000000000000000000000000000000000000000000000000000000010000000100100100111101000011100110000000000000000000000000000000111111110001100101011100011000000000000000000000000000000000001100000000100010011101010101010111000000000000000000000000000000
11111000111111110001000111101011101111111000000000000000000000000000000000000000000000000000000000000000000000000000000000000000000000010000000100100011111000101101000100000000000000000000000000000000111111110001100101011100011000000000000000000000000000000000001100000000101011001110000111100101000000000000000000000000000000
11111000111111110001000111101011010001110000000000000000000000000000000000000000000000000000000000000000000000000000000000000000000000010000000100100100111101000011100110000000000000000000000000000000111111110001100101011100011000000000000000000000000000000000001100000000110010011001010110011011000000000000000000000000000000
11111000111111110001000111101011101111111000000000000000000000000000000000000000000000000000000000000000000000000000000000000000000000010000000100100011111000101101000100000000000000000000000000000000111111110001100101011100011000000000000000000000000000000000001100000000110110100111110110001011000000000000000000000000000000
11111000111111110001000111101011010001110000000000000000000000000000000000000000000000000000000000000000000000000000000000000000000000010000000100100100111101000011100110000000000000000000000000000000111111110001100101011100011000000000000000000000000000000000001100000000111011100000000001101001000000000000000000000000000000
11111000111111110001000111101011101111111000000000000000000000000000000000000000000000000000000000000000000000000000000000000000000000010000000100100011111000101101000100000000000000000000000000000000111111110001100101011100011000000000000000000000000000000000001100000000111111100100101100101001100000000000000000000000000000
11001100111111110110011001100110000000000000000000000000000000000000001011111111111001001000011111101101100000000000000000000000000000010000000100101110101110101001111110000000000000000000000000000010111111110100000011001001011000000000000000000000000000000000000100000001100011011111110000101001000000000000000000000000000000
11001100111111110110011001100111000000000000000000000000000000000000001011111111111001001000011111101101100000000000000000000000000000010000000100101110101110101001111110000000000000000000000000000010111111101110001001001100000010000000000000000000000000000000000100000001100011101000010111000010100000000000000000000000000000
11001100111111110110011001100110000000000000000000000000000000000000001011111111111001001000011111101101100000000000000000000000000000010000000100101110101110101001111110000000000000000000000000000000111111101011110100011010111100000000000000000000000000000000000100000001100011011111110000101001000000000000000000000000000000
11001100111111110110011001100111000000000000000000000000000000000000001011111111111001001000011111101101100000000000000000000000000000010000000100101110101110101001111110000000000000000000000000000000111111110010111110110011011110000000000000000000000000000000000100000001100011101000010111000010100000000000000000000000000000
11001100111111110110011001100111000000000000000000000000000000000000001011111111111001001000011111101101100000000000000000000000000000010000000100110100001110010100101100000000000000000000000000000010111111110100000011001001011000000000000000000000000000000000000100000001100011000111101000111101100000000000000000000000000000
11001100111111110110011001100110000000000000000000000000000000000000001011111111111001001000011111101101100000000000000000000000000000010000000100110100001110010100101100000000000000000000000000000010111111101110001001001100000010000000000000000000000000000000000100000001100011010000001111010111000000000000000000000000000000
11001100111111110110011001100111000000000000000000000000000000000000001011111111111001001000011111101101100000000000000000000000000000010000000100110100001110010100101100000000000000000000000000000000111111101011110100011010111000000000000000000000000000000000000100000001100011000111101000111101100000000000000000000000000000
11001100111111110110011001100110000000000000000000000000000000000000001011111111111001001000011111101101100000000000000000000000000000010000000100110100001110010100101100000000000000000000000000000000111111110010111110110011011110000000000000000000000000000000000100000001100011010000001111010111000000000000000000000000000000
11001100111111110110011001100111000000000000000000000000000000000000001011111111111001001000011111101101100000000000000000000000000000010000000100111111010011010100001010000000000000000000000000000010111111110011110111101010111001000000000000000000000000000000000100000001100011101000010111000010100000000000000000000000000000
11001100111111110110011001100110000000000000000000000000000000000000001011111111111001001000011111101101100000000000000000000000000000010000000100111111010011010100001100000000000000000000000000000010111111101110100110011011110110000000000000000000000000000000000100000001100011011111110000101001000000000000000000000000000000
11001100111111110110011001100111000000000000000000000000000000000000001011111111111001001000011111101101100000000000000000000000000000010000000100111111010011010100001010000000000000000000000000000000111111101001000100111100101100000000000000000000000000000000000100000001100011101000010111000010100000000000000000000000000000
11001100111111110110011001100110000000000000000000000000000000000000001011111111111001001000011111101101100000000000000000000000000000010000000100111111010011010100001010000000000000000000000000000000111111110001110101101100001010000000000000000000000000000000000100000001100011011111110000101001000000000000000000000000000000
11001100111111110110011001100111000000000000000000000000000000000000001011111111111001001000011111101101100000000000000000000000000000010000000100111111010011010100001100000000000000000000000000000000111111110101001101000100101000100000000000000000000000000000000100000001100011101000010111000010100000000000000000000000000000
00000000000000000000000000000000000000000000000000000000000000000000000000000000000000000000000000000000000000000000000000000000000000000000000000000000000000000000000000000000000000000000000000000000000000000000000000000000000000000000000000000000000000000000000000000000000000000000000000000000000000000000000000000000000000
00000000000000000000000000000000000000000000000000000000000000000000000000000000000000000000000000000000000000000000000000000000000000000000000000000000000000000000000000000000000000000000000000000000000000000000000000000000000000000000000000000000000000000000000000000000000000000000000000000000000000000000000000000000000000
00000000000000000000000000000000000000000000000000000000000000000000000000000000000000000000000000000000000000000000000000000000000000000000000000000000000000000000000000000000000000000000000000000000000000000000000000000000000000000000000000000000000000000000000000000000000000000000000000000000000000000000000000000000000000
00000000000000000000000000000000000000000000000000000000000000000000000000000000000000000000000000000000000000000000000000000000000000000000000000000000000000000000000000000000000000000000000000000000000000000000000000000000000000000000000000000000000000000000000000000000000000000000000000000000000000000000000000000000000000
00000000000000000000000000000000000000000000000000000000000000000000000000000000000000000000000000000000000000000000000000000000000000000000000000000000000000000000000000000000000000000000000000000000000000000000000000000000000000000000000000000000000000000000000000000000000000000000000000000000000000000000000000000000000000
00000000000000000000000000000000000000000000000000000000000000000000000000000000000000000000000000000000000000000000000000000000000000000000000000000000000000000000000000000000000000000000000000000000000000000000000000000000000000000000000000000000000000000000000000000000000000000000000000000000000000000000000000000000000000
00000000000000000000000000000000000000000000000000000000000000000000000000000000000000000000000000000000000000000000000000000000000000000000000000000000000000000000000000000000000000000000000000000000000000000000000000000000000000000000000000000000000000000000000000000000000000000000000000000000000000000000000000000000000000
00000000000000000000000000000000000000000000000000000000000000000000000000000000000000000000000000000000000000000000000000000000000000000000000000000000000000000000000000000000000000000000000000000000000000000000000000000000000000000000000000000000000000000000000000000000000000000000000000000000000000000000000000000000000000
00000000000000000000000000000000000000000000000000000000000000000000000000000000000000000000000000000000000000000000000000000000000000000000000000000000000000000000000000000000000000000000000000000000000000000000000000000000000000000000000000000000000000000000000000000000000000000000000000000000000000000000000000000000000000
00000000000000000000000000000000000000000000000000000000000000000000000000000000000000000000000000000000000000000000000000000000000000000000000000000000000000000000000000000000000000000000000000000000000000000000000000000000000000000000000000000000000000000000000000000000000000000000000000000000000000000000000000000000000000
00000000000000000000000000000000000000000000000000000000000000000000000000000000000000000000000000000000000000000000000000000000000000000000000000000000000000000000000000000000000000000000000000000000000000000000000000000000000000000000000000000000000000000000000000000000000000000000000000000000000000000000000000000000000000
00000000000000000000000000000000000000000000000000000000000000000000000000000000000000000000000000000000000000000000000000000000000000000000000000000000000000000000000000000000000000000000000000000000000000000000000000000000000000000000000000000000000000000000000000000000000000000000000000000000000000000000000000000000000000
00000000000000000000000000000000000000000000000000000000000000000000000000000000000000000000000000000000000000000000000000000000000000000000000000000000000000000000000000000000000000000000000000000000000000000000000000000000000000000000000000000000000000000000000000000000000000000000000000000000000000000000000000000000000000
00000000000000000000000000000000000000000000000000000000000000000000000000000000000000000000000000000000000000000000000000000000000000000000000000000000000000000000000000000000000000000000000000000000000000000000000000000000000000000000000000000000000000000000000000000000000000000000000000000000000000000000000000000000000000
00000000000000000000000000000000000000000000000000000000000000000000000000000000000000000000000000000000000000000000000000000000000000000000000000000000000000000000000000000000000000000000000000000000000000000000000000000000000000000000000000000000000000000000000000000000000000000000000000000000000000000000000000000000000000
00000000000000000000000000000000000000000000000000000000000000000000000000000000000000000000000000000000000000000000000000000000000000000000000000000000000000000000000000000000000000000000000000000000000000000000000000000000000000000000000000000000000000000000000000000000000000000000000000000000000000000000000000000000000000
00000000000000000000000000000000000000000000000000000000000000000000000000000000000000000000000000000000000000000000000000000000000000000000000000000000000000000000000000000000000000000000000000000000000000000000000000000000000000000000000000000000000000000000000000000000000000000000000000000000000000000000000000000000000000
00000000000000000000000000000000000000000000000000000000000000000000000000000000000000000000000000000000000000000000000000000000000000000000000000000000000000000000000000000000000000000000000000000000000000000000000000000000000000000000000000000000000000000000000000000000000000000000000000000000000000000000000000000000000000
00000000000000000000000000000000000000000000000000000000000000000000000000000000000000000000000000000000000000000000000000000000000000000000000000000000000000000000000000000000000000000000000000000000000000000000000000000000000000000000000000000000000000000000000000000000000000000000000000000000000000000000000000000000000000
00000000000000000000000000000000000000000000000000000000000000000000000000000000000000000000000000000000000000000000000000000000000000000000000000000000000000000000000000000000000000000000000000000000000000000000000000000000000000000000000000000000000000000000000000000000000000000000000000000000000000000000000000000000000000
00000000000000000000000000000000000000000000000000000000000000000000000000000000000000000000000000000000000000000000000000000000000000000000000000000000000000000000000000000000000000000000000000000000000000000000000000000000000000000000000000000000000000000000000000000000000000000000000000000000000000000000000000000000000000
00000000000000000000000000000000000000000000000000000000000000000000000000000000000000000000000000000000000000000000000000000000000000000000000000000000000000000000000000000000000000000000000000000000000000000000000000000000000000000000000000000000000000000000000000000000000000000000000000000000000000000000000000000000000000
00000000000000000000000000000000000000000000000000000000000000000000000000000000000000000000000000000000000000000000000000000000000000000000000000000000000000000000000000000000000000000000000000000000000000000000000000000000000000000000000000000000000000000000000000000000000000000000000000000000000000000000000000000000000000
00000000000000000000000000000000000000000000000000000000000000000000000000000000000000000000000000000000000000000000000000000000000000000000000000000000000000000000000000000000000000000000000000000000000000000000000000000000000000000000000000000000000000000000000000000000000000000000000000000000000000000000000000000000000000
00000000000000000000000000000000000000000000000000000000000000000000000000000000000000000000000000000000000000000000000000000000000000000000000000000000000000000000000000000000000000000000000000000000000000000000000000000000000000000000000000000000000000000000000000000000000000000000000000000000000000000000000000000000000000
00000000000000000000000000000000000000000000000000000000000000000000000000000000000000000000000000000000000000000000000000000000000000000000000000000000000000000000000000000000000000000000000000000000000000000000000000000000000000000000000000000000000000000000000000000000000000000000000000000000000000000000000000000000000000
00000000000000000000000000000000000000000000000000000000000000000000000000000000000000000000000000000000000000000000000000000000000000000000000000000000000000000000000000000000000000000000000000000000000000000000000000000000000000000000000000000000000000000000000000000000000000000000000000000000000000000000000000000000000000
00000000000000000000000000000000000000000000000000000000000000000000000000000000000000000000000000000000000000000000000000000000000000000000000000000000000000000000000000000000000000000000000000000000000000000000000000000000000000000000000000000000000000000000000000000000000000000000000000000000000000000000000000000000000000
00000000000000000000000000000000000000000000000000000000000000000000000000000000000000000000000000000000000000000000000000000000000000000000000000000000000000000000000000000000000000000000000000000000000000000000000000000000000000000000000000000000000000000000000000000000000000000000000000000000000000000000000000000000000000
