11100011111111000100011110101101001000000000000000000000000000000000001111000111000101100110101100010010000000000000000000000000000000111111110000101100011100010000110000000000000000000000000000000011111110000100011110101110000101100000000000000000000000000000010000000100100100111101000011100110000000000000000000000000000010111111110001100101011100011000000000000000000000000000000000000011110011111001011101101101100001100000000000000000000000000000
11100011111111000100011110101101110001000000000000000000000000000000000000000000000000000000000000000000000000000000000000000000000000111111110000101100011100010000110000000000000000000000000000000011111110000100011110101110000101100000000000000000000000000000010000000100100011111000101101000100000000000000000000000000000010111111110001100101011100011000000000000000000000000000000000000100000000010010001001011010010001100000000000000000000000000000
11100011111111000100011110101101001000000000000000000000000000000000000000000000000000000000000000000000000000000000000000000000000000111111110000101100011100010000110000000000000000000000000000000011111110000100011110101110000101100000000000000000000000000000010000000100100100111101000011100110000000000000000000000000000010111111110001100101011100011000000000000000000000000000000000000100000000100010011101010101010111000000000000000000000000000000
11100011111111000100011110101101110001000000000000000000000000000000000000000000000000000000000000000000000000000000000000000000000000111111110000101100011100010000110000000000000000000000000000000011111110000100011110101110000101100000000000000000000000000000010000000100100011111000101101000100000000000000000000000000000010111111110001100101011100011000000000000000000000000000000000000100000000101011001110000111100101000000000000000000000000000000
11100011111111000100011110101101001000000000000000000000000000000000000000000000000000000000000000000000000000000000000000000000000000111111110000101100011100010000110000000000000000000000000000000011111110000100011110101110000101100000000000000000000000000000010000000100100100111101000011100110000000000000000000000000000010111111110001100101011100011000000000000000000000000000000000000100000000110010011001010110011011000000000000000000000000000000
11100011111111000100011110101101110001000000000000000000000000000000000000000000000000000000000000000000000000000000000000000000000000111111110000101100011100010000110000000000000000000000000000000011111110000100011110101110000101100000000000000000000000000000010000000100100011111000101101000100000000000000000000000000000010111111110001100101011100011000000000000000000000000000000000000100000000110110100111110110001011000000000000000000000000000000
11100011111111000100011110101101001000000000000000000000000000000000000000000000000000000000000000000000000000000000000000000000000000111111110000101100011100010000110000000000000000000000000000000011111110000100011110101110000101100000000000000000000000000000010000000100100100111101000011100110000000000000000000000000000010111111110001100101011100011000000000000000000000000000000000000100000000111011100000000001101001000000000000000000000000000000
11100011111111000100011110101101110001000000000000000000000000000000000000000000000000000000000000000000000000000000000000000000000000111111110000101100011100010000110000000000000000000000000000000011111110000100011110101110000101100000000000000000000000000000010000000100100011111000101101000100000000000000000000000000000010111111110001100101011100011000000000000000000000000000000000000100000000111111100100101100101001100000000000000000000000000000
11100011111111000100011110101101110001000000000000000000000000000000000000000000000000000000000000000000000000000000000000000000000000111111110000101100011100010000110000000000000000000000000000000011111110000100011110101110000101100000000000000000000000000000010000000100100011111000101101000100000000000000000000000000000010111111110001100101011100011000000000000000000000000000000000001100000000010010001001011010010001100000000000000000000000000000
11100011111111000100011110101101001000000000000000000000000000000000000000000000000000000000000000000000000000000000000000000000000000111111110000101100011100010000110000000000000000000000000000000011111110000100011110101110000101100000000000000000000000000000010000000100100100111101000011100110000000000000000000000000000010111111110001100101011100011000000000000000000000000000000000001100000000100010011101010101010111000000000000000000000000000000
11100011111111000100011110101101110001000000000000000000000000000000000000000000000000000000000000000000000000000000000000000000000000111111110000101100011100010000110000000000000000000000000000000011111110000100011110101110000101100000000000000000000000000000010000000100100011111000101101000100000000000000000000000000000010111111110001100101011100011000000000000000000000000000000000001100000000101011001110000111100101000000000000000000000000000000
11100011111111000100011110101101001000000000000000000000000000000000000000000000000000000000000000000000000000000000000000000000000000111111110000101100011100010000110000000000000000000000000000000011111110000100011110101110000101100000000000000000000000000000010000000100100100111101000011100110000000000000000000000000000010111111110001100101011100011000000000000000000000000000000000001100000000110010011001010110011011000000000000000000000000000000
11100011111111000100011110101101110001000000000000000000000000000000000000000000000000000000000000000000000000000000000000000000000000111111110000101100011100010000110000000000000000000000000000000011111110000100011110101110000101100000000000000000000000000000010000000100100011111000101101000100000000000000000000000000000010111111110001100101011100011000000000000000000000000000000000001100000000110110100111110110001011000000000000000000000000000000
11100011111111000100011110101101001000000000000000000000000000000000000000000000000000000000000000000000000000000000000000000000000000111111110000101100011100010000110000000000000000000000000000000011111110000100011110101110000101100000000000000000000000000000010000000100100100111101000011100110000000000000000000000000000010111111110001100101011100011000000000000000000000000000000000001100000000111011100000000001101001000000000000000000000000000000
11100011111111000100011110101101110001000000000000000000000000000000000000000000000000000000000000000000000000000000000000000000000000111111110000101100011100010000110000000000000000000000000000000011111110000100011110101110000101100000000000000000000000000000010000000100100011111000101101000100000000000000000000000000000010111111110001100101011100011000000000000000000000000000000000001100000000111111100100101100101001100000000000000000000000000000
11100011111111000100011110101110100001000000000000000000000000000000101111001000100111010111101000011010000000000000000000000000000000111111110000101100011100010000110000000000000000000000000000000011111110000100011110101110000101100000000000000000000000000000010000000100100100111101000011100110000000000000000000000000000000111111110001100101011100011000000000000000000000000000000000000011110100000011100010101111100000100000000000000000000000000000
11100011111111000100011110101110100001000000000000000000000000000000000000000000000000000000000000000000000000000000000000000000000000111111110000101100011100010000110000000000000000000000000000000011111110000100011110101110000101100000000000000000000000000000010000000100100011111000101101000100000000000000000000000000000000111111110001100101011100011000000000000000000000000000000000000100000000010010001001011010010001100000000000000000000000000000
11100011111111000100011110101110100001000000000000000000000000000000000000000000000000000000000000000000000000000000000000000000000000111111110000101100011100010000110000000000000000000000000000000011111110000100011110101110000101100000000000000000000000000000010000000100100100111101000011100110000000000000000000000000000000111111110001100101011100011000000000000000000000000000000000000100000000100010011101010101010111000000000000000000000000000000
11100011111111000100011110101110100001000000000000000000000000000000000000000000000000000000000000000000000000000000000000000000000000111111110000101100011100010000110000000000000000000000000000000011111110000100011110101110000101100000000000000000000000000000010000000100100011111000101101000100000000000000000000000000000000111111110001100101011100011000000000000000000000000000000000000100000000101011001110000111100101000000000000000000000000000000
11100011111111000100011110101110100001000000000000000000000000000000000000000000000000000000000000000000000000000000000000000000000000111111110000101100011100010000110000000000000000000000000000000011111110000100011110101110000101100000000000000000000000000000010000000100100100111101000011100110000000000000000000000000000000111111110001100101011100011000000000000000000000000000000000000100000000110010011001010110011011000000000000000000000000000000
11100011111111000100011110101110100001000000000000000000000000000000000000000000000000000000000000000000000000000000000000000000000000111111110000101100011100010000110000000000000000000000000000000011111110000100011110101110000101100000000000000000000000000000010000000100100011111000101101000100000000000000000000000000000000111111110001100101011100011000000000000000000000000000000000000100000000110110100111110110001011000000000000000000000000000000
11100011111111000100011110101110100001000000000000000000000000000000000000000000000000000000000000000000000000000000000000000000000000111111110000101100011100010000110000000000000000000000000000000011111110000100011110101110000101100000000000000000000000000000010000000100100100111101000011100110000000000000000000000000000000111111110001100101011100011000000000000000000000000000000000000100000000111011100000000001101001000000000000000000000000000000
11100011111111000100011110101110100001000000000000000000000000000000000000000000000000000000000000000000000000000000000000000000000000111111110000101100011100010000110000000000000000000000000000000011111110000100011110101110000101100000000000000000000000000000010000000100100011111000101101000100000000000000000000000000000000111111110001100101011100011000000000000000000000000000000000000100000000111111100100101100101001100000000000000000000000000000
11100011111111000100011110101110100001000000000000000000000000000000000000000000000000000000000000000000000000000000000000000000000000111111110000101100011100010000110000000000000000000000000000000011111110000100011110101110000101100000000000000000000000000000010000000100100011111000101101000100000000000000000000000000000000111111110001100101011100011000000000000000000000000000000000001100000000010010001001011010010001100000000000000000000000000000
11100011111111000100011110101110100001000000000000000000000000000000000000000000000000000000000000000000000000000000000000000000000000111111110000101100011100010000110000000000000000000000000000000011111110000100011110101110000101100000000000000000000000000000010000000100100100111101000011100110000000000000000000000000000000111111110001100101011100011000000000000000000000000000000000001100000000100010011101010101010111000000000000000000000000000000
11100011111111000100011110101110100001000000000000000000000000000000000000000000000000000000000000000000000000000000000000000000000000111111110000101100011100010000110000000000000000000000000000000011111110000100011110101110000101100000000000000000000000000000010000000100100011111000101101000100000000000000000000000000000000111111110001100101011100011000000000000000000000000000000000001100000000101011001110000111100101000000000000000000000000000000
11100011111111000100011110101110100001000000000000000000000000000000000000000000000000000000000000000000000000000000000000000000000000111111110000101100011100010000110000000000000000000000000000000011111110000100011110101110000101100000000000000000000000000000010000000100100100111101000011100110000000000000000000000000000000111111110001100101011100011000000000000000000000000000000000001100000000110010011001010110011011000000000000000000000000000000
11100011111111000100011110101110100001000000000000000000000000000000000000000000000000000000000000000000000000000000000000000000000000111111110000101100011100010000110000000000000000000000000000000011111110000100011110101110000101100000000000000000000000000000010000000100100011111000101101000100000000000000000000000000000000111111110001100101011100011000000000000000000000000000000000001100000000110110100111110110001011000000000000000000000000000000
11100011111111000100011110101110100001000000000000000000000000000000000000000000000000000000000000000000000000000000000000000000000000111111110000101100011100010000110000000000000000000000000000000011111110000100011110101110000101100000000000000000000000000000010000000100100100111101000011100110000000000000000000000000000000111111110001100101011100011000000000000000000000000000000000001100000000111011100000000001101001000000000000000000000000000000
11100011111111000100011110101110100001000000000000000000000000000000000000000000000000000000000000000000000000000000000000000000000000111111110000101100011100010000110000000000000000000000000000000011111110000100011110101110000101100000000000000000000000000000010000000100100011111000101101000100000000000000000000000000000000111111110001100101011100011000000000000000000000000000000000001100000000111111100100101100101001100000000000000000000000000000
10110011111111011001100110011000000000000000000000000000000000000000101111111111100100100001111110110110000000000000000000000000000000111111110000101100011100010000110000000000000000000000000000000011111110000100011110101110000101100000000000000000000000000000010000000100101110101110101010000000000000000000000000000000000010111111110101001010101000101010000000000000000000000000000000000100000001100011011111110000101001000000000000000000000000000000
10110011111111011001100110011100000000000000000000000000000000000000101111111111100100100001111110110110000000000000000000000000000000111111110000101100011100010000110000000000000000000000000000000011111110000100011110101110000101100000000000000000000000000000010000000100101110101110101001111110000000000000000000000000000010111111110001010011100100100100000000000000000000000000000000000100000001100011101000010111000010100000000000000000000000000000
10110011111111011001100110011000000000000000000000000000000000000000101111111111100100100001111110110110000000000000000000000000000000111111110000101100011100010000110000000000000000000000000000000011111110000100011110101110000101100000000000000000000000000000010000000100101110101110101001111110000000000000000000000000000010111111100000011101111101000000000000000000000000000000000000000100000001100011011111110000101001000000000000000000000000000000
10110011111111011001100110011100000000000000000000000000000000000000101111111111100100100001111110110110000000000000000000000000000000111111110000101100011100010000110000000000000000000000000000000011111110000100011110101110000101100000000000000000000000000000010000000100101110101110101010000000000000000000000000000000000000111111110000101111110100111100000000000000000000000000000000000100000001100011101000010111000010100000000000000000000000000000
10110011111111011001100110011000000000000000000000000000000000000000101111111111100100100001111110110110000000000000000000000000000000111111110000101100011100010000110000000000000000000000000000000011111110000100011110101110000101100000000000000000000000000000010000000100101110101110101001111110000000000000000000000000000000111111110100111000110000110101000000000000000000000000000000000100000001100011011111110000101001000000000000000000000000000000
10110011111111011001100110011100000000000000000000000000000000000000101111111111100100100001111110110110000000000000000000000000000000111111110000101100011100010000110000000000000000000000000000000011111110000100011110101110000101100000000000000000000000000000010000000100110100001110010100101010000000000000000000000000000010111111110101001010101000101010000000000000000000000000000000000100000001100011000111101000111101100000000000000000000000000000
10110011111111011001100110011000000000000000000000000000000000000000101111111111100100100001111110110110000000000000000000000000000000111111110000101100011100010000110000000000000000000000000000000011111110000100011110101110000101100000000000000000000000000000010000000100110100001110010100101100000000000000000000000000000010111111110001010011100100100100000000000000000000000000000000000100000001100011010000001111010111000000000000000000000000000000
10110011111111011001100110011100000000000000000000000000000000000000101111111111100100100001111110110110000000000000000000000000000000111111110000101100011100010000110000000000000000000000000000000011111110000100011110101110000101100000000000000000000000000000010000000100110100001110010100101100000000000000000000000000000010111111100000011101111101000000000000000000000000000000000000000100000001100011000111101000111101100000000000000000000000000000
10110011111111011001100110011000000000000000000000000000000000000000101111111111100100100001111110110110000000000000000000000000000000111111110000101100011100010000110000000000000000000000000000000011111110000100011110101110000101100000000000000000000000000000010000000100110100001110010100101010000000000000000000000000000000111111110000101111110100111100000000000000000000000000000000000100000001100011010000001111010111000000000000000000000000000000
10110011111111011001100110011100000000000000000000000000000000000000101111111111100100100001111110110110000000000000000000000000000000111111110000101100011100010000110000000000000000000000000000000011111110000100011110101110000101100000000000000000000000000000010000000100110100001110010100101100000000000000000000000000000000111111110100111000110000110101000000000000000000000000000000000100000001100011000111101000111101100000000000000000000000000000
10110011111111011001100110011000000000000000000000000000000000000000101111111111100100100001111110110110000000000000000000000000000000111111110000101100011100010000110000000000000000000000000000000011111110000100011110101110000101100000000000000000000000000000010000000100111111010011010100001010000000000000000000000000000010111111110011010111001011010010000000000000000000000000000000000100000001100011011111110000101001000000000000000000000000000000
10110011111111011001100110011100000000000000000000000000000000000000101111111111100100100001111110110110000000000000000000000000000000111111110000101100011100010000110000000000000000000000000000000011111110000100011110101110000101100000000000000000000000000000010000000100111111010011010100001100000000000000000000000000000010111111101101100101011100011000000000000000000000000000000000000100000001100011101000010111000010100000000000000000000000000000
10110011111111011001100110011000000000000000000000000000000000000000101111111111100100100001111110110110000000000000000000000000000000111111110000101100011100010000110000000000000000000000000000000011111110000100011110101110000101100000000000000000000000000000010000000100111111010011010100001010000000000000000000000000000000111111101011000110111011001000000000000000000000000000000000000100000001100011011111110000101001000000000000000000000000000000
10110011111111011001100110011100000000000000000000000000000000000000101111111111100100100001111110110110000000000000000000000000000000111111110000101100011100010000110000000000000000000000000000000011111110000100011110101110000101100000000000000000000000000000010000000100111111010011010100001100000000000000000000000000000000111111110010010110001011111000000000000000000000000000000000000100000001100011101000010111000010100000000000000000000000000000
10110011111111011001100110011000000000000000000000000000000000000000101111111111100100100001111110110110000000000000000000000000000000111111110000101100011100010000110000000000000000000000000000000011111110000100011110101110000101100000000000000000000000000000010000000100111111010011010100001100000000000000000000000000000000111111110101011101010100011100000000000000000000000000000000000100000001100011011111110000101001000000000000000000000000000000
00000000000000000000000000000000000000000000000000000000000000000000000000000000000000000000000000000000000000000000000000000000000000000000000000000000000000000000000000000000000000000000000000000000000000000000000000000000000000000000000000000000000000000000000000000000000000000000000000000000000000000000000000000000000000000000000000000000000000000000000000000000000000000000000000000000000000000000000000000000000000000000000000000000000000000000
00000000000000000000000000000000000000000000000000000000000000000000000000000000000000000000000000000000000000000000000000000000000000000000000000000000000000000000000000000000000000000000000000000000000000000000000000000000000000000000000000000000000000000000000000000000000000000000000000000000000000000000000000000000000000000000000000000000000000000000000000000000000000000000000000000000000000000000000000000000000000000000000000000000000000000000
00000000000000000000000000000000000000000000000000000000000000000000000000000000000000000000000000000000000000000000000000000000000000000000000000000000000000000000000000000000000000000000000000000000000000000000000000000000000000000000000000000000000000000000000000000000000000000000000000000000000000000000000000000000000000000000000000000000000000000000000000000000000000000000000000000000000000000000000000000000000000000000000000000000000000000000
00000000000000000000000000000000000000000000000000000000000000000000000000000000000000000000000000000000000000000000000000000000000000000000000000000000000000000000000000000000000000000000000000000000000000000000000000000000000000000000000000000000000000000000000000000000000000000000000000000000000000000000000000000000000000000000000000000000000000000000000000000000000000000000000000000000000000000000000000000000000000000000000000000000000000000000
00000000000000000000000000000000000000000000000000000000000000000000000000000000000000000000000000000000000000000000000000000000000000000000000000000000000000000000000000000000000000000000000000000000000000000000000000000000000000000000000000000000000000000000000000000000000000000000000000000000000000000000000000000000000000000000000000000000000000000000000000000000000000000000000000000000000000000000000000000000000000000000000000000000000000000000
00000000000000000000000000000000000000000000000000000000000000000000000000000000000000000000000000000000000000000000000000000000000000000000000000000000000000000000000000000000000000000000000000000000000000000000000000000000000000000000000000000000000000000000000000000000000000000000000000000000000000000000000000000000000000000000000000000000000000000000000000000000000000000000000000000000000000000000000000000000000000000000000000000000000000000000
00000000000000000000000000000000000000000000000000000000000000000000000000000000000000000000000000000000000000000000000000000000000000000000000000000000000000000000000000000000000000000000000000000000000000000000000000000000000000000000000000000000000000000000000000000000000000000000000000000000000000000000000000000000000000000000000000000000000000000000000000000000000000000000000000000000000000000000000000000000000000000000000000000000000000000000
00000000000000000000000000000000000000000000000000000000000000000000000000000000000000000000000000000000000000000000000000000000000000000000000000000000000000000000000000000000000000000000000000000000000000000000000000000000000000000000000000000000000000000000000000000000000000000000000000000000000000000000000000000000000000000000000000000000000000000000000000000000000000000000000000000000000000000000000000000000000000000000000000000000000000000000
00000000000000000000000000000000000000000000000000000000000000000000000000000000000000000000000000000000000000000000000000000000000000000000000000000000000000000000000000000000000000000000000000000000000000000000000000000000000000000000000000000000000000000000000000000000000000000000000000000000000000000000000000000000000000000000000000000000000000000000000000000000000000000000000000000000000000000000000000000000000000000000000000000000000000000000
00000000000000000000000000000000000000000000000000000000000000000000000000000000000000000000000000000000000000000000000000000000000000000000000000000000000000000000000000000000000000000000000000000000000000000000000000000000000000000000000000000000000000000000000000000000000000000000000000000000000000000000000000000000000000000000000000000000000000000000000000000000000000000000000000000000000000000000000000000000000000000000000000000000000000000000
00000000000000000000000000000000000000000000000000000000000000000000000000000000000000000000000000000000000000000000000000000000000000000000000000000000000000000000000000000000000000000000000000000000000000000000000000000000000000000000000000000000000000000000000000000000000000000000000000000000000000000000000000000000000000000000000000000000000000000000000000000000000000000000000000000000000000000000000000000000000000000000000000000000000000000000
00000000000000000000000000000000000000000000000000000000000000000000000000000000000000000000000000000000000000000000000000000000000000000000000000000000000000000000000000000000000000000000000000000000000000000000000000000000000000000000000000000000000000000000000000000000000000000000000000000000000000000000000000000000000000000000000000000000000000000000000000000000000000000000000000000000000000000000000000000000000000000000000000000000000000000000
00000000000000000000000000000000000000000000000000000000000000000000000000000000000000000000000000000000000000000000000000000000000000000000000000000000000000000000000000000000000000000000000000000000000000000000000000000000000000000000000000000000000000000000000000000000000000000000000000000000000000000000000000000000000000000000000000000000000000000000000000000000000000000000000000000000000000000000000000000000000000000000000000000000000000000000
00000000000000000000000000000000000000000000000000000000000000000000000000000000000000000000000000000000000000000000000000000000000000000000000000000000000000000000000000000000000000000000000000000000000000000000000000000000000000000000000000000000000000000000000000000000000000000000000000000000000000000000000000000000000000000000000000000000000000000000000000000000000000000000000000000000000000000000000000000000000000000000000000000000000000000000
00000000000000000000000000000000000000000000000000000000000000000000000000000000000000000000000000000000000000000000000000000000000000000000000000000000000000000000000000000000000000000000000000000000000000000000000000000000000000000000000000000000000000000000000000000000000000000000000000000000000000000000000000000000000000000000000000000000000000000000000000000000000000000000000000000000000000000000000000000000000000000000000000000000000000000000
00000000000000000000000000000000000000000000000000000000000000000000000000000000000000000000000000000000000000000000000000000000000000000000000000000000000000000000000000000000000000000000000000000000000000000000000000000000000000000000000000000000000000000000000000000000000000000000000000000000000000000000000000000000000000000000000000000000000000000000000000000000000000000000000000000000000000000000000000000000000000000000000000000000000000000000
00000000000000000000000000000000000000000000000000000000000000000000000000000000000000000000000000000000000000000000000000000000000000000000000000000000000000000000000000000000000000000000000000000000000000000000000000000000000000000000000000000000000000000000000000000000000000000000000000000000000000000000000000000000000000000000000000000000000000000000000000000000000000000000000000000000000000000000000000000000000000000000000000000000000000000000
00000000000000000000000000000000000000000000000000000000000000000000000000000000000000000000000000000000000000000000000000000000000000000000000000000000000000000000000000000000000000000000000000000000000000000000000000000000000000000000000000000000000000000000000000000000000000000000000000000000000000000000000000000000000000000000000000000000000000000000000000000000000000000000000000000000000000000000000000000000000000000000000000000000000000000000
00000000000000000000000000000000000000000000000000000000000000000000000000000000000000000000000000000000000000000000000000000000000000000000000000000000000000000000000000000000000000000000000000000000000000000000000000000000000000000000000000000000000000000000000000000000000000000000000000000000000000000000000000000000000000000000000000000000000000000000000000000000000000000000000000000000000000000000000000000000000000000000000000000000000000000000
00000000000000000000000000000000000000000000000000000000000000000000000000000000000000000000000000000000000000000000000000000000000000000000000000000000000000000000000000000000000000000000000000000000000000000000000000000000000000000000000000000000000000000000000000000000000000000000000000000000000000000000000000000000000000000000000000000000000000000000000000000000000000000000000000000000000000000000000000000000000000000000000000000000000000000000
00000000000000000000000000000000000000000000000000000000000000000000000000000000000000000000000000000000000000000000000000000000000000000000000000000000000000000000000000000000000000000000000000000000000000000000000000000000000000000000000000000000000000000000000000000000000000000000000000000000000000000000000000000000000000000000000000000000000000000000000000000000000000000000000000000000000000000000000000000000000000000000000000000000000000000000
00000000000000000000000000000000000000000000000000000000000000000000000000000000000000000000000000000000000000000000000000000000000000000000000000000000000000000000000000000000000000000000000000000000000000000000000000000000000000000000000000000000000000000000000000000000000000000000000000000000000000000000000000000000000000000000000000000000000000000000000000000000000000000000000000000000000000000000000000000000000000000000000000000000000000000000
00000000000000000000000000000000000000000000000000000000000000000000000000000000000000000000000000000000000000000000000000000000000000000000000000000000000000000000000000000000000000000000000000000000000000000000000000000000000000000000000000000000000000000000000000000000000000000000000000000000000000000000000000000000000000000000000000000000000000000000000000000000000000000000000000000000000000000000000000000000000000000000000000000000000000000000
00000000000000000000000000000000000000000000000000000000000000000000000000000000000000000000000000000000000000000000000000000000000000000000000000000000000000000000000000000000000000000000000000000000000000000000000000000000000000000000000000000000000000000000000000000000000000000000000000000000000000000000000000000000000000000000000000000000000000000000000000000000000000000000000000000000000000000000000000000000000000000000000000000000000000000000
00000000000000000000000000000000000000000000000000000000000000000000000000000000000000000000000000000000000000000000000000000000000000000000000000000000000000000000000000000000000000000000000000000000000000000000000000000000000000000000000000000000000000000000000000000000000000000000000000000000000000000000000000000000000000000000000000000000000000000000000000000000000000000000000000000000000000000000000000000000000000000000000000000000000000000000
00000000000000000000000000000000000000000000000000000000000000000000000000000000000000000000000000000000000000000000000000000000000000000000000000000000000000000000000000000000000000000000000000000000000000000000000000000000000000000000000000000000000000000000000000000000000000000000000000000000000000000000000000000000000000000000000000000000000000000000000000000000000000000000000000000000000000000000000000000000000000000000000000000000000000000000
00000000000000000000000000000000000000000000000000000000000000000000000000000000000000000000000000000000000000000000000000000000000000000000000000000000000000000000000000000000000000000000000000000000000000000000000000000000000000000000000000000000000000000000000000000000000000000000000000000000000000000000000000000000000000000000000000000000000000000000000000000000000000000000000000000000000000000000000000000000000000000000000000000000000000000000
