11100011111111000100011110101101001000000000000000000000000000000000001111001010100011011101010010100000000000000000000000000000000000111111110000101100011100010000110000000000000000000000000000000011111110000100011110101110000101100000000000000000000000000000010000000100100100111101000011100110000000000000000000000000000010111111110001100101011100011001000000000000000000000000000000001011110011100100101001101100100110100000000000000000000000000000
11100011111111000100011110101101110001000000000000000000000000000000000000000000000000000000000000000000000000000000000000000000000000111111110000101100011100010000110000000000000000000000000000000011111110000100011110101110000101100000000000000000000000000000010000000100100011111000101101000100000000000000000000000000000010111111110001100101011100011000100000000000000000000000000000000100000000010010001001011010010001100000000000000000000000000000
11100011111111000100011110101101001000000000000000000000000000000000000000000000000000000000000000000000000000000000000000000000000000111111110000101100011100010000110000000000000000000000000000000011111110000100011110101110000101100000000000000000000000000000010000000100100100111101000011100110000000000000000000000000000010111111110001100101011100011001000000000000000000000000000000000100000000100010011101010101010111000000000000000000000000000000
11100011111111000100011110101101110001000000000000000000000000000000000000000000000000000000000000000000000000000000000000000000000000111111110000101100011100010000110000000000000000000000000000000011111110000100011110101110000101100000000000000000000000000000010000000100100011111000101101000100000000000000000000000000000010111111110001100101011100011000100000000000000000000000000000000100000000101011001110000111100101000000000000000000000000000000
11100011111111000100011110101101001000000000000000000000000000000000000000000000000000000000000000000000000000000000000000000000000000111111110000101100011100010000110000000000000000000000000000000011111110000100011110101110000101100000000000000000000000000000010000000100100100111101000011100110000000000000000000000000000010111111110001100101011100011001000000000000000000000000000000000100000000110010011001010110011011000000000000000000000000000000
11100011111111000100011110101101110001000000000000000000000000000000000000000000000000000000000000000000000000000000000000000000000000111111110000101100011100010000110000000000000000000000000000000011111110000100011110101110000101100000000000000000000000000000010000000100100011111000101101000100000000000000000000000000000010111111110001100101011100011000100000000000000000000000000000000100000000110110100111110110001011000000000000000000000000000000
11100011111111000100011110101101001000000000000000000000000000000000000000000000000000000000000000000000000000000000000000000000000000111111110000101100011100010000110000000000000000000000000000000011111110000100011110101110000101100000000000000000000000000000010000000100100100111101000011100110000000000000000000000000000010111111110001100101011100011001000000000000000000000000000000000100000000111011100000000001101001000000000000000000000000000000
11100011111111000100011110101101110001000000000000000000000000000000000000000000000000000000000000000000000000000000000000000000000000111111110000101100011100010000110000000000000000000000000000000011111110000100011110101110000101100000000000000000000000000000010000000100100011111000101101000100000000000000000000000000000010111111110001100101011100011000100000000000000000000000000000000100000000111111100100101100101001100000000000000000000000000000
11100011111111000100011110101101110001000000000000000000000000000000000000000000000000000000000000000000000000000000000000000000000000111111110000101100011100010000110000000000000000000000000000000011111110000100011110101110000101100000000000000000000000000000010000000100100011111000101101000100000000000000000000000000000010111111110001100101011100011000100000000000000000000000000000001100000000010010001001011010010001100000000000000000000000000000
11100011111111000100011110101101001000000000000000000000000000000000000000000000000000000000000000000000000000000000000000000000000000111111110000101100011100010000110000000000000000000000000000000011111110000100011110101110000101100000000000000000000000000000010000000100100100111101000011100110000000000000000000000000000010111111110001100101011100011001000000000000000000000000000000001100000000100010011101010101010111000000000000000000000000000000
11100011111111000100011110101101110001000000000000000000000000000000000000000000000000000000000000000000000000000000000000000000000000111111110000101100011100010000110000000000000000000000000000000011111110000100011110101110000101100000000000000000000000000000010000000100100011111000101101000100000000000000000000000000000010111111110001100101011100011000100000000000000000000000000000001100000000101011001110000111100101000000000000000000000000000000
11100011111111000100011110101101001000000000000000000000000000000000000000000000000000000000000000000000000000000000000000000000000000111111110000101100011100010000110000000000000000000000000000000011111110000100011110101110000101100000000000000000000000000000010000000100100100111101000011100110000000000000000000000000000010111111110001100101011100011001000000000000000000000000000000001100000000110010011001010110011011000000000000000000000000000000
11100011111111000100011110101101110001000000000000000000000000000000000000000000000000000000000000000000000000000000000000000000000000111111110000101100011100010000110000000000000000000000000000000011111110000100011110101110000101100000000000000000000000000000010000000100100011111000101101000100000000000000000000000000000010111111110001100101011100011000100000000000000000000000000000001100000000110110100111110110001011000000000000000000000000000000
11100011111111000100011110101101001000000000000000000000000000000000000000000000000000000000000000000000000000000000000000000000000000111111110000101100011100010000110000000000000000000000000000000011111110000100011110101110000101100000000000000000000000000000010000000100100100111101000011100110000000000000000000000000000010111111110001100101011100011001000000000000000000000000000000001100000000111011100000000001101001000000000000000000000000000000
11100011111111000100011110101101110001000000000000000000000000000000000000000000000000000000000000000000000000000000000000000000000000111111110000101100011100010000110000000000000000000000000000000011111110000100011110101110000101100000000000000000000000000000010000000100100011111000101101000100000000000000000000000000000010111111110001100101011100011000100000000000000000000000000000001100000000111111100100101100101001100000000000000000000000000000
11100011111111000100011110101101000111000000000000000000000000000000001111001010011010011110111110001110000000000000000000000000000000111111110000101100011100010000110000000000000000000000000000000011111110000100011110101110000101100000000000000000000000000000010000000100100100111101000011100110000000000000000000000000000000111111110001100101011100011000000000000000000000000000000000001011110011011011001001011010111000100000000000000000000000000000
11100011111111000100011110101110111111100000000000000000000000000000000000000000000000000000000000000000000000000000000000000000000000111111110000101100011100010000110000000000000000000000000000000011111110000100011110101110000101100000000000000000000000000000010000000100100011111000101101000100000000000000000000000000000000111111110001100101011100011000000000000000000000000000000000000100000000010010001001011010010001100000000000000000000000000000
11100011111111000100011110101101000111000000000000000000000000000000000000000000000000000000000000000000000000000000000000000000000000111111110000101100011100010000110000000000000000000000000000000011111110000100011110101110000101100000000000000000000000000000010000000100100100111101000011100110000000000000000000000000000000111111110001100101011100011000000000000000000000000000000000000100000000100010011101010101010111000000000000000000000000000000
11100011111111000100011110101110111111100000000000000000000000000000000000000000000000000000000000000000000000000000000000000000000000111111110000101100011100010000110000000000000000000000000000000011111110000100011110101110000101100000000000000000000000000000010000000100100011111000101101000100000000000000000000000000000000111111110001100101011100011000000000000000000000000000000000000100000000101011001110000111100101000000000000000000000000000000
11100011111111000100011110101101000111000000000000000000000000000000000000000000000000000000000000000000000000000000000000000000000000111111110000101100011100010000110000000000000000000000000000000011111110000100011110101110000101100000000000000000000000000000010000000100100100111101000011100110000000000000000000000000000000111111110001100101011100011000000000000000000000000000000000000100000000110010011001010110011011000000000000000000000000000000
11100011111111000100011110101110111111100000000000000000000000000000000000000000000000000000000000000000000000000000000000000000000000111111110000101100011100010000110000000000000000000000000000000011111110000100011110101110000101100000000000000000000000000000010000000100100011111000101101000100000000000000000000000000000000111111110001100101011100011000000000000000000000000000000000000100000000110110100111110110001011000000000000000000000000000000
11100011111111000100011110101101000111000000000000000000000000000000000000000000000000000000000000000000000000000000000000000000000000111111110000101100011100010000110000000000000000000000000000000011111110000100011110101110000101100000000000000000000000000000010000000100100100111101000011100110000000000000000000000000000000111111110001100101011100011000000000000000000000000000000000000100000000111011100000000001101001000000000000000000000000000000
11100011111111000100011110101110111111100000000000000000000000000000000000000000000000000000000000000000000000000000000000000000000000111111110000101100011100010000110000000000000000000000000000000011111110000100011110101110000101100000000000000000000000000000010000000100100011111000101101000100000000000000000000000000000000111111110001100101011100011000000000000000000000000000000000000100000000111111100100101100101001100000000000000000000000000000
11100011111111000100011110101110111111100000000000000000000000000000000000000000000000000000000000000000000000000000000000000000000000111111110000101100011100010000110000000000000000000000000000000011111110000100011110101110000101100000000000000000000000000000010000000100100011111000101101000100000000000000000000000000000000111111110001100101011100011000000000000000000000000000000000001100000000010010001001011010010001100000000000000000000000000000
11100011111111000100011110101101000111000000000000000000000000000000000000000000000000000000000000000000000000000000000000000000000000111111110000101100011100010000110000000000000000000000000000000011111110000100011110101110000101100000000000000000000000000000010000000100100100111101000011100110000000000000000000000000000000111111110001100101011100011000000000000000000000000000000000001100000000100010011101010101010111000000000000000000000000000000
11100011111111000100011110101110111111100000000000000000000000000000000000000000000000000000000000000000000000000000000000000000000000111111110000101100011100010000110000000000000000000000000000000011111110000100011110101110000101100000000000000000000000000000010000000100100011111000101101000100000000000000000000000000000000111111110001100101011100011000000000000000000000000000000000001100000000101011001110000111100101000000000000000000000000000000
11100011111111000100011110101101000111000000000000000000000000000000000000000000000000000000000000000000000000000000000000000000000000111111110000101100011100010000110000000000000000000000000000000011111110000100011110101110000101100000000000000000000000000000010000000100100100111101000011100110000000000000000000000000000000111111110001100101011100011000000000000000000000000000000000001100000000110010011001010110011011000000000000000000000000000000
11100011111111000100011110101110111111100000000000000000000000000000000000000000000000000000000000000000000000000000000000000000000000111111110000101100011100010000110000000000000000000000000000000011111110000100011110101110000101100000000000000000000000000000010000000100100011111000101101000100000000000000000000000000000000111111110001100101011100011000000000000000000000000000000000001100000000110110100111110110001011000000000000000000000000000000
11100011111111000100011110101101000111000000000000000000000000000000000000000000000000000000000000000000000000000000000000000000000000111111110000101100011100010000110000000000000000000000000000000011111110000100011110101110000101100000000000000000000000000000010000000100100100111101000011100110000000000000000000000000000000111111110001100101011100011000000000000000000000000000000000001100000000111011100000000001101001000000000000000000000000000000
11100011111111000100011110101110111111100000000000000000000000000000000000000000000000000000000000000000000000000000000000000000000000111111110000101100011100010000110000000000000000000000000000000011111110000100011110101110000101100000000000000000000000000000010000000100100011111000101101000100000000000000000000000000000000111111110001100101011100011000000000000000000000000000000000001100000000111111100100101100101001100000000000000000000000000000
10110011111111011001100110011100000000000000000000000000000000000000101111111111100100100001111110110110000000000000000000000000000000111111110000101100011100010000110000000000000000000000000000000011111110000100011110101110000101100000000000000000000000000000010000000100101110101110101001111110000000000000000000000000000010111111110101011100100000011110000000000000000000000000000000000100000001100011101000010111000010100000000000000000000000000000
10110011111111011001100110011000000000000000000000000000000000000000101111111111100100100001111110110110000000000000000000000000000000111111110000101100011100010000110000000000000000000000000000000011111110000100011110101110000101100000000000000000000000000000010000000100101110101110101001111110000000000000000000000000000010111111110001110111010100001101100000000000000000000000000000000100000001100011011111110000101001000000000000000000000000000000
10110011111111011001100110011100000000000000000000000000000000000000101111111111100100100001111110110110000000000000000000000000000000111111110000101100011100010000110000000000000000000000000000000011111110000100011110101110000101100000000000000000000000000000010000000100101110101110101010000000000000000000000000000000000010111111100110101100111011110000000000000000000000000000000000000100000001100011101000010111000010100000000000000000000000000000
10110011111111011001100110011000000000000000000000000000000000000000101111111111100100100001111110110110000000000000000000000000000000111111110000101100011100010000110000000000000000000000000000000011111110000100011110101110000101100000000000000000000000000000010000000100101110101110101001111110000000000000000000000000000000111111110000001100000101010010000000000000000000000000000000000100000001100011011111110000101001000000000000000000000000000000
10110011111111011001100110011100000000000000000000000000000000000000101111111111100100100001111110110110000000000000000000000000000000111111110000101100011100010000110000000000000000000000000000000011111110000100011110101110000101100000000000000000000000000000010000000100101110101110101001111110000000000000000000000000000000111111110100100110111001000000100000000000000000000000000000000100000001100011101000010111000010100000000000000000000000000000
10110011111111011001100110011000000000000000000000000000000000000000101111111111100100100001111110110110000000000000000000000000000000111111110000101100011100010000110000000000000000000000000000000011111110000100011110101110000101100000000000000000000000000000010000000100110100001110010100101100000000000000000000000000000010111111110101011100100000011110010000000000000000000000000000000100000001100011010000001111010111000000000000000000000000000000
10110011111111011001100110011100000000000000000000000000000000000000101111111111100100100001111110110110000000000000000000000000000000111111110000101100011100010000110000000000000000000000000000000011111110000100011110101110000101100000000000000000000000000000010000000100110100001110010100101100000000000000000000000000000010111111110001110111010100001101000000000000000000000000000000000100000001100011000111101000111101100000000000000000000000000000
10110011111111011001100110011000000000000000000000000000000000000000101111111111100100100001111110110110000000000000000000000000000000111111110000101100011100010000110000000000000000000000000000000011111110000100011110101110000101100000000000000000000000000000010000000100110100001110010100101010000000000000000000000000000010111111100110101100111011110000000000000000000000000000000000000100000001100011010000001111010111000000000000000000000000000000
10110011111111011001100110011100000000000000000000000000000000000000101111111111100100100001111110110110000000000000000000000000000000111111110000101100011100010000110000000000000000000000000000000011111110000100011110101110000101100000000000000000000000000000010000000100110100001110010100101100000000000000000000000000000000111111110000001100000101010010000000000000000000000000000000000100000001100011000111101000111101100000000000000000000000000000
10110011111111011001100110011000000000000000000000000000000000000000101111111111100100100001111110110110000000000000000000000000000000111111110000101100011100010000110000000000000000000000000000000011111110000100011110101110000101100000000000000000000000000000010000000100110100001110010100101100000000000000000000000000000000111111110100100110111001000001000000000000000000000000000000000100000001100011010000001111010111000000000000000000000000000000
10110011111111011001100110011000000000000000000000000000000000000000101111111111100100100001111110110110000000000000000000000000000000111111110000101100011100010000110000000000000000000000000000000011111110000100011110101110000101100000000000000000000000000000010000000100111111010011010100001010000000000000000000000000000010111111110100001100000101010100010000000000000000000000000000000100000001100011011111110000101001000000000000000000000000000000
10110011111111011001100110011100000000000000000000000000000000000000101111111111100100100001111110110110000000000000000000000000000000111111110000101100011100010000110000000000000000000000000000000011111110000100011110101110000101100000000000000000000000000000010000000100111111010011010100001010000000000000000000000000000010111111101111100111011011000100000000000000000000000000000000000100000001100011101000010111000010100000000000000000000000000000
10110011111111011001100110011000000000000000000000000000000000000000101111111111100100100001111110110110000000000000000000000000000000111111110000101100011100010000110000000000000000000000000000000011111110000100011110101110000101100000000000000000000000000000010000000100111111010011010100001010000000000000000000000000000000111111100110000101111011100000000000000000000000000000000000000100000001100011011111110000101001000000000000000000000000000000
10110011111111011001100110011100000000000000000000000000000000000000101111111111100100100001111110110110000000000000000000000000000000111111110000101100011100010000110000000000000000000000000000000011111110000100011110101110000101100000000000000000000000000000010000000100111111010011010100001100000000000000000000000000000000111111110001010101001100100011000000000000000000000000000000000100000001100011101000010111000010100000000000000000000000000000
10110011111111011001100110011000000000000000000000000000000000000000101111111111100100100001111110110110000000000000000000000000000000111111110000101100011100010000110000000000000000000000000000000011111110000100011110101110000101100000000000000000000000000000010000000100111111010011010100001010000000000000000000000000000000111111110100111100110100110000100000000000000000000000000000000100000001100011011111110000101001000000000000000000000000000000
00000000000000000000000000000000000000000000000000000000000000000000000000000000000000000000000000000000000000000000000000000000000000000000000000000000000000000000000000000000000000000000000000000000000000000000000000000000000000000000000000000000000000000000000000000000000000000000000000000000000000000000000000000000000000000000000000000000000000000000000000000000000000000000000000000000000000000000000000000000000000000000000000000000000000000000
00000000000000000000000000000000000000000000000000000000000000000000000000000000000000000000000000000000000000000000000000000000000000000000000000000000000000000000000000000000000000000000000000000000000000000000000000000000000000000000000000000000000000000000000000000000000000000000000000000000000000000000000000000000000000000000000000000000000000000000000000000000000000000000000000000000000000000000000000000000000000000000000000000000000000000000
00000000000000000000000000000000000000000000000000000000000000000000000000000000000000000000000000000000000000000000000000000000000000000000000000000000000000000000000000000000000000000000000000000000000000000000000000000000000000000000000000000000000000000000000000000000000000000000000000000000000000000000000000000000000000000000000000000000000000000000000000000000000000000000000000000000000000000000000000000000000000000000000000000000000000000000
00000000000000000000000000000000000000000000000000000000000000000000000000000000000000000000000000000000000000000000000000000000000000000000000000000000000000000000000000000000000000000000000000000000000000000000000000000000000000000000000000000000000000000000000000000000000000000000000000000000000000000000000000000000000000000000000000000000000000000000000000000000000000000000000000000000000000000000000000000000000000000000000000000000000000000000
00000000000000000000000000000000000000000000000000000000000000000000000000000000000000000000000000000000000000000000000000000000000000000000000000000000000000000000000000000000000000000000000000000000000000000000000000000000000000000000000000000000000000000000000000000000000000000000000000000000000000000000000000000000000000000000000000000000000000000000000000000000000000000000000000000000000000000000000000000000000000000000000000000000000000000000
00000000000000000000000000000000000000000000000000000000000000000000000000000000000000000000000000000000000000000000000000000000000000000000000000000000000000000000000000000000000000000000000000000000000000000000000000000000000000000000000000000000000000000000000000000000000000000000000000000000000000000000000000000000000000000000000000000000000000000000000000000000000000000000000000000000000000000000000000000000000000000000000000000000000000000000
00000000000000000000000000000000000000000000000000000000000000000000000000000000000000000000000000000000000000000000000000000000000000000000000000000000000000000000000000000000000000000000000000000000000000000000000000000000000000000000000000000000000000000000000000000000000000000000000000000000000000000000000000000000000000000000000000000000000000000000000000000000000000000000000000000000000000000000000000000000000000000000000000000000000000000000
00000000000000000000000000000000000000000000000000000000000000000000000000000000000000000000000000000000000000000000000000000000000000000000000000000000000000000000000000000000000000000000000000000000000000000000000000000000000000000000000000000000000000000000000000000000000000000000000000000000000000000000000000000000000000000000000000000000000000000000000000000000000000000000000000000000000000000000000000000000000000000000000000000000000000000000
00000000000000000000000000000000000000000000000000000000000000000000000000000000000000000000000000000000000000000000000000000000000000000000000000000000000000000000000000000000000000000000000000000000000000000000000000000000000000000000000000000000000000000000000000000000000000000000000000000000000000000000000000000000000000000000000000000000000000000000000000000000000000000000000000000000000000000000000000000000000000000000000000000000000000000000
00000000000000000000000000000000000000000000000000000000000000000000000000000000000000000000000000000000000000000000000000000000000000000000000000000000000000000000000000000000000000000000000000000000000000000000000000000000000000000000000000000000000000000000000000000000000000000000000000000000000000000000000000000000000000000000000000000000000000000000000000000000000000000000000000000000000000000000000000000000000000000000000000000000000000000000
00000000000000000000000000000000000000000000000000000000000000000000000000000000000000000000000000000000000000000000000000000000000000000000000000000000000000000000000000000000000000000000000000000000000000000000000000000000000000000000000000000000000000000000000000000000000000000000000000000000000000000000000000000000000000000000000000000000000000000000000000000000000000000000000000000000000000000000000000000000000000000000000000000000000000000000
00000000000000000000000000000000000000000000000000000000000000000000000000000000000000000000000000000000000000000000000000000000000000000000000000000000000000000000000000000000000000000000000000000000000000000000000000000000000000000000000000000000000000000000000000000000000000000000000000000000000000000000000000000000000000000000000000000000000000000000000000000000000000000000000000000000000000000000000000000000000000000000000000000000000000000000
00000000000000000000000000000000000000000000000000000000000000000000000000000000000000000000000000000000000000000000000000000000000000000000000000000000000000000000000000000000000000000000000000000000000000000000000000000000000000000000000000000000000000000000000000000000000000000000000000000000000000000000000000000000000000000000000000000000000000000000000000000000000000000000000000000000000000000000000000000000000000000000000000000000000000000000
00000000000000000000000000000000000000000000000000000000000000000000000000000000000000000000000000000000000000000000000000000000000000000000000000000000000000000000000000000000000000000000000000000000000000000000000000000000000000000000000000000000000000000000000000000000000000000000000000000000000000000000000000000000000000000000000000000000000000000000000000000000000000000000000000000000000000000000000000000000000000000000000000000000000000000000
00000000000000000000000000000000000000000000000000000000000000000000000000000000000000000000000000000000000000000000000000000000000000000000000000000000000000000000000000000000000000000000000000000000000000000000000000000000000000000000000000000000000000000000000000000000000000000000000000000000000000000000000000000000000000000000000000000000000000000000000000000000000000000000000000000000000000000000000000000000000000000000000000000000000000000000
00000000000000000000000000000000000000000000000000000000000000000000000000000000000000000000000000000000000000000000000000000000000000000000000000000000000000000000000000000000000000000000000000000000000000000000000000000000000000000000000000000000000000000000000000000000000000000000000000000000000000000000000000000000000000000000000000000000000000000000000000000000000000000000000000000000000000000000000000000000000000000000000000000000000000000000
00000000000000000000000000000000000000000000000000000000000000000000000000000000000000000000000000000000000000000000000000000000000000000000000000000000000000000000000000000000000000000000000000000000000000000000000000000000000000000000000000000000000000000000000000000000000000000000000000000000000000000000000000000000000000000000000000000000000000000000000000000000000000000000000000000000000000000000000000000000000000000000000000000000000000000000
00000000000000000000000000000000000000000000000000000000000000000000000000000000000000000000000000000000000000000000000000000000000000000000000000000000000000000000000000000000000000000000000000000000000000000000000000000000000000000000000000000000000000000000000000000000000000000000000000000000000000000000000000000000000000000000000000000000000000000000000000000000000000000000000000000000000000000000000000000000000000000000000000000000000000000000
00000000000000000000000000000000000000000000000000000000000000000000000000000000000000000000000000000000000000000000000000000000000000000000000000000000000000000000000000000000000000000000000000000000000000000000000000000000000000000000000000000000000000000000000000000000000000000000000000000000000000000000000000000000000000000000000000000000000000000000000000000000000000000000000000000000000000000000000000000000000000000000000000000000000000000000
00000000000000000000000000000000000000000000000000000000000000000000000000000000000000000000000000000000000000000000000000000000000000000000000000000000000000000000000000000000000000000000000000000000000000000000000000000000000000000000000000000000000000000000000000000000000000000000000000000000000000000000000000000000000000000000000000000000000000000000000000000000000000000000000000000000000000000000000000000000000000000000000000000000000000000000
00000000000000000000000000000000000000000000000000000000000000000000000000000000000000000000000000000000000000000000000000000000000000000000000000000000000000000000000000000000000000000000000000000000000000000000000000000000000000000000000000000000000000000000000000000000000000000000000000000000000000000000000000000000000000000000000000000000000000000000000000000000000000000000000000000000000000000000000000000000000000000000000000000000000000000000
00000000000000000000000000000000000000000000000000000000000000000000000000000000000000000000000000000000000000000000000000000000000000000000000000000000000000000000000000000000000000000000000000000000000000000000000000000000000000000000000000000000000000000000000000000000000000000000000000000000000000000000000000000000000000000000000000000000000000000000000000000000000000000000000000000000000000000000000000000000000000000000000000000000000000000000
00000000000000000000000000000000000000000000000000000000000000000000000000000000000000000000000000000000000000000000000000000000000000000000000000000000000000000000000000000000000000000000000000000000000000000000000000000000000000000000000000000000000000000000000000000000000000000000000000000000000000000000000000000000000000000000000000000000000000000000000000000000000000000000000000000000000000000000000000000000000000000000000000000000000000000000
00000000000000000000000000000000000000000000000000000000000000000000000000000000000000000000000000000000000000000000000000000000000000000000000000000000000000000000000000000000000000000000000000000000000000000000000000000000000000000000000000000000000000000000000000000000000000000000000000000000000000000000000000000000000000000000000000000000000000000000000000000000000000000000000000000000000000000000000000000000000000000000000000000000000000000000
00000000000000000000000000000000000000000000000000000000000000000000000000000000000000000000000000000000000000000000000000000000000000000000000000000000000000000000000000000000000000000000000000000000000000000000000000000000000000000000000000000000000000000000000000000000000000000000000000000000000000000000000000000000000000000000000000000000000000000000000000000000000000000000000000000000000000000000000000000000000000000000000000000000000000000000
00000000000000000000000000000000000000000000000000000000000000000000000000000000000000000000000000000000000000000000000000000000000000000000000000000000000000000000000000000000000000000000000000000000000000000000000000000000000000000000000000000000000000000000000000000000000000000000000000000000000000000000000000000000000000000000000000000000000000000000000000000000000000000000000000000000000000000000000000000000000000000000000000000000000000000000
00000000000000000000000000000000000000000000000000000000000000000000000000000000000000000000000000000000000000000000000000000000000000000000000000000000000000000000000000000000000000000000000000000000000000000000000000000000000000000000000000000000000000000000000000000000000000000000000000000000000000000000000000000000000000000000000000000000000000000000000000000000000000000000000000000000000000000000000000000000000000000000000000000000000000000000
