10101000111111110001110000101000110011111000000000000000000000000000000000000000000000000000000000000000000000000000000000000000000000010000000101101101010110101110000100000000000000000000000000000010111111110010011100011011110110000000000000000000000000000000000100000000010101000111010101001111000000000000000000000000000000
10101000111111110001110000101000110011111000000000000000000000000000000000000000000000000000000000000000000000000000000000000000000000010000000101101101000101011100001010000000000000000000000000000010111111110010011100011011110110000000000000000000000000000000000100000000101110010101011000000100000000000000000000000000000000
10101000111111110001110000101000110011111000000000000000000000000000000000000000000000000000000000000000000000000000000000000000000000010000000101101101010110101110000100000000000000000000000000000010111111110010011100011011110110000000000000000000000000000000000100000000111001001111111010101011000000000000000000000000000000
10101000111111110001110000101000110011111000000000000000000000000000000000000000000000000000000000000000000000000000000000000000000000010000000101101101000101011100001010000000000000000000000000000010111111110010011100011011110110000000000000000000000000000000000100000001000001011110011010101000000000000000000000000000000000
10101000111111110001110000101000110011111000000000000000000000000000000000000000000000000000000000000000000000000000000000000000000000010000000101101101010110101110000100000000000000000000000000000010111111110010011100011011110110000000000000000000000000000000000100000001000110100010100011011011100000000000000000000000000000
10101000111111110001110000101000110011111000000000000000000000000000000000000000000000000000000000000000000000000000000000000000000000010000000101101101000101011100001010000000000000000000000000000010111111110010011100011011110110000000000000000000000000000000000100000001001011010011000101001110000000000000000000000000000000
10101000111111110001110000101000110011111000000000000000000000000000000000000000000000000000000000000000000000000000000000000000000000010000000101101101010110101110000100000000000000000000000000000010111111110010011100011011110110000000000000000000000000000000000100000001010000001100010111011101000000000000000000000000000000
10101000111111110001110000101000110011111000000000000000000000000000000000000000000000000000000000000000000000000000000000000000000000010000000101101101000101011100001010000000000000000000000000000010111111110010011100011011110110000000000000000000000000000000000100000001010010100001001010101001100000000000000000000000000000
10101000111111110001110000101000110011111000000000000000000000000000000000000000000000000000000000000000000000000000000000000000000000010000000101101101010110101110000100000000000000000000000000000010111111110010011100011011110110000000000000000000000000000000000100000001010101000100101111011010100000000000000000000000000000
10101000111111110001110000101000110011111000000000000000000000000000000000000000000000000000000000000000000000000000000000000000000000010000000101101101000101011100001010000000000000000000000000000010111111110010011100011011110110000000000000000000000000000000000100000001010111010110010101110100000000000000000000000000000000
10101000111111110001110000101000110011111000000000000000000000000000000000000000000000000000000000000000000000000000000000000000000000010000000101101101010110101110000100000000000000000000000000000010111111110010011100011011110110000000000000000000000000000000000100000001011001111010101001111111000000000000000000000000000000
10101000111111110001110000101000110011111000000000000000000000000000000000000000000000000000000000000000000000000000000000000000000000010000000101101101000101011100001010000000000000000000000000000010111111110010011100011011110110000000000000000000000000000000000100000001011100001010001010001111100000000000000000000000000000
10101000111111110001110000101001000001101000000000000000000000000000000000000000000000000000000000000000000000000000000000000000000000010000000101110000100000111101011100000000000000000000000000000010111111101111101110111011000000000000000000000000000000000000000100000000010101000111010101001111000000000000000000000000000000
10101000111111110001110000101001000000101000000000000000000000000000000000000000000000000000000000000000000000000000000000000000000000010000000101110000001111101011100000000000000000000000000000000010111111101111101110111011000000000000000000000000000000000000000100000000101110010101011000000100000000000000000000000000000000
10101000111111110001110000101001000001101000000000000000000000000000000000000000000000000000000000000000000000000000000000000000000000010000000101110000100000111101011100000000000000000000000000000010111111101111101110111011000000000000000000000000000000000000000100000000111001001111111010101011000000000000000000000000000000
10101000111111110001110000101001000000101000000000000000000000000000000000000000000000000000000000000000000000000000000000000000000000010000000101110000001111101011100000000000000000000000000000000010111111101111101110111011000000000000000000000000000000000000000100000001000001011110011010101000000000000000000000000000000000
10101000111111110001110000101001000001101000000000000000000000000000000000000000000000000000000000000000000000000000000000000000000000010000000101110000100000111101011100000000000000000000000000000010111111101111101110111011000000000000000000000000000000000000000100000001000110100010100011011011100000000000000000000000000000
10101000111111110001110000101001000000101000000000000000000000000000000000000000000000000000000000000000000000000000000000000000000000010000000101110000001111101011100000000000000000000000000000000010111111101111101110111011000000000000000000000000000000000000000100000001001011010011000101001110000000000000000000000000000000
10101000111111110001110000101001000001101000000000000000000000000000000000000000000000000000000000000000000000000000000000000000000000010000000101110000100000111101011100000000000000000000000000000010111111101111101110111011000000000000000000000000000000000000000100000001010000001100010111011101000000000000000000000000000000
10101000111111110001110000101001000000101000000000000000000000000000000000000000000000000000000000000000000000000000000000000000000000010000000101110000001111101011100000000000000000000000000000000010111111101111101110111011000000000000000000000000000000000000000100000001010010100001001010101001100000000000000000000000000000
10101000111111110001110000101001000001101000000000000000000000000000000000000000000000000000000000000000000000000000000000000000000000010000000101110000100000111101011100000000000000000000000000000010111111101111101110111011000000000000000000000000000000000000000100000001010101000100101111011010100000000000000000000000000000
10101000111111110001110000101001000000101000000000000000000000000000000000000000000000000000000000000000000000000000000000000000000000010000000101110000001111101011100000000000000000000000000000000010111111101111101110111011000000000000000000000000000000000000000100000001010111010110010101110100000000000000000000000000000000
10101000111111110001110000101001000001101000000000000000000000000000000000000000000000000000000000000000000000000000000000000000000000010000000101110000100000111101011100000000000000000000000000000010111111101111101110111011000000000000000000000000000000000000000100000001011001111010101001111111000000000000000000000000000000
10101000111111110001110000101001000000101000000000000000000000000000000000000000000000000000000000000000000000000000000000000000000000010000000101110000001111101011100000000000000000000000000000000010111111101111101110111011000000000000000000000000000000000000000100000001011100001010001010001111100000000000000000000000000000
10101000111111110001110000101001001000101000000000000000000000000000000000000000000000000000000000000000000000000000000000000000000000010000000101101101010110101110000100000000000000000000000000000010111111101001001001111100110000000000000000000000000000000000000100000000010101000111010101001111000000000000000000000000000000
10101000111111110001110000101000001000101000000000000000000000000000000000000000000000000000000000000000000000000000000000000000000000010000000101101101000101011100001000000000000000000000000000000010111111101001001001111100110000000000000000000000000000000000000100000000101110010101011000000100000000000000000000000000000000
10101000111111110001110000101001001000101000000000000000000000000000000000000000000000000000000000000000000000000000000000000000000000010000000101101101010110101110000100000000000000000000000000000010111111101001001001111100110000000000000000000000000000000000000100000000111001001111111010101011000000000000000000000000000000
10101000111111110001110000101000001000101000000000000000000000000000000000000000000000000000000000000000000000000000000000000000000000010000000101101101000101011100001000000000000000000000000000000010111111101001001001111100110000000000000000000000000000000000000100000001000001011110011010101000000000000000000000000000000000
10101000111111110001110000101001001000101000000000000000000000000000000000000000000000000000000000000000000000000000000000000000000000010000000101101101010110101110000100000000000000000000000000000010111111101001001001111100110000000000000000000000000000000000000100000001000110100010100011011011100000000000000000000000000000
10101000111111110001110000101000001000101000000000000000000000000000000000000000000000000000000000000000000000000000000000000000000000010000000101101101000101011100001000000000000000000000000000000010111111101001001001111100110000000000000000000000000000000000000100000001001011010011000101001110000000000000000000000000000000
10101000111111110001110000101001001000101000000000000000000000000000000000000000000000000000000000000000000000000000000000000000000000010000000101101101010110101110000100000000000000000000000000000010111111101001001001111100110000000000000000000000000000000000000100000001010000001100010111011101000000000000000000000000000000
10101000111111110001110000101000001000101000000000000000000000000000000000000000000000000000000000000000000000000000000000000000000000010000000101101101000101011100001000000000000000000000000000000010111111101001001001111100110000000000000000000000000000000000000100000001010010100001001010101001100000000000000000000000000000
10101000111111110001110000101001001000101000000000000000000000000000000000000000000000000000000000000000000000000000000000000000000000010000000101101101010110101110000100000000000000000000000000000010111111101001001001111100110000000000000000000000000000000000000100000001010101000100101111011010100000000000000000000000000000
10101000111111110001110000101000001000101000000000000000000000000000000000000000000000000000000000000000000000000000000000000000000000010000000101101101000101011100001000000000000000000000000000000010111111101001001001111100110000000000000000000000000000000000000100000001010111010110010101110100000000000000000000000000000000
10101000111111110001110000101001001000101000000000000000000000000000000000000000000000000000000000000000000000000000000000000000000000010000000101101101010110101110000100000000000000000000000000000010111111101001001001111100110000000000000000000000000000000000000100000001011001111010101001111111000000000000000000000000000000
10101000111111110001110000101000001000101000000000000000000000000000000000000000000000000000000000000000000000000000000000000000000000010000000101101101000101011100001000000000000000000000000000000010111111101001001001111100110000000000000000000000000000000000000100000001011100001010001010001111100000000000000000000000000000
10101000111111110001110000101001000000101000000000000000000000000000000000000000000000000000000000000000000000000000000000000000000000010000000101101101010110101110000100000000000000000000000000000000111111101111101110111010111101001000000000000000000000000000000100000000010101000111010101001111000000000000000000000000000000
10101000111111110001110000101001000000101000000000000000000000000000000000000000000000000000000000000000000000000000000000000000000000010000000101101101000101011100001100000000000000000000000000000000111111101111101110111010111101001000000000000000000000000000000100000000101110010101011000000100000000000000000000000000000000
10101000111111110001110000101001000000101000000000000000000000000000000000000000000000000000000000000000000000000000000000000000000000010000000101101101010110101110000100000000000000000000000000000000111111101111101110111010111101001000000000000000000000000000000100000000111001001111111010101011000000000000000000000000000000
10101000111111110001110000101001000000101000000000000000000000000000000000000000000000000000000000000000000000000000000000000000000000010000000101101101000101011100001100000000000000000000000000000000111111101111101110111010111101001000000000000000000000000000000100000001000001011110011010101000000000000000000000000000000000
10101000111111110001110000101001000000101000000000000000000000000000000000000000000000000000000000000000000000000000000000000000000000010000000101101101010110101110000100000000000000000000000000000000111111101111101110111010111101001000000000000000000000000000000100000001000110100010100011011011100000000000000000000000000000
10101000111111110001110000101001000000101000000000000000000000000000000000000000000000000000000000000000000000000000000000000000000000010000000101101101000101011100001100000000000000000000000000000000111111101111101110111010111101001000000000000000000000000000000100000001001011010011000101001110000000000000000000000000000000
10101000111111110001110000101001000000101000000000000000000000000000000000000000000000000000000000000000000000000000000000000000000000010000000101101101010110101110000100000000000000000000000000000000111111101111101110111010111101001000000000000000000000000000000100000001010000001100010111011101000000000000000000000000000000
10101000111111110001110000101001000000101000000000000000000000000000000000000000000000000000000000000000000000000000000000000000000000010000000101101101000101011100001100000000000000000000000000000000111111101111101110111010111101001000000000000000000000000000000100000001010010100001001010101001100000000000000000000000000000
10101000111111110001110000101001000000101000000000000000000000000000000000000000000000000000000000000000000000000000000000000000000000010000000101101101010110101110000100000000000000000000000000000000111111101111101110111010111101001000000000000000000000000000000100000001010101000100101111011010100000000000000000000000000000
10101000111111110001110000101001000000101000000000000000000000000000000000000000000000000000000000000000000000000000000000000000000000010000000101101101000101011100001100000000000000000000000000000000111111101111101110111010111101001000000000000000000000000000000100000001010111010110010101110100000000000000000000000000000000
10101000111111110001110000101001000000101000000000000000000000000000000000000000000000000000000000000000000000000000000000000000000000010000000101101101010110101110000100000000000000000000000000000000111111101111101110111010111101001000000000000000000000000000000100000001011001111010101001111111000000000000000000000000000000
10101000111111110001110000101001000000101000000000000000000000000000000000000000000000000000000000000000000000000000000000000000000000010000000101101101000101011100001100000000000000000000000000000000111111101111101110111010111101001000000000000000000000000000000100000001011100001010001010001111100000000000000000000000000000
10101000111111110001110000101001101111100000000000000000000000000000000000000000000000000000000000000000000000000000000000000000000000010000000101110000100000111101011100000000000000000000000000000000111111110010011100011011110010100000000000000000000000000000000100000000010101000111010101001111000000000000000000000000000000
10101000111111110001110000101000110000110000000000000000000000000000000000000000000000000000000000000000000000000000000000000000000000010000000101110000001111101011100000000000000000000000000000000000111111110010011100011011110010100000000000000000000000000000000100000000101110010101011000000100000000000000000000000000000000
10101000111111110001110000101001101111100000000000000000000000000000000000000000000000000000000000000000000000000000000000000000000000010000000101110000100000111101011100000000000000000000000000000000111111110010011100011011110010100000000000000000000000000000000100000000111001001111111010101011000000000000000000000000000000
10101000111111110001110000101000110000110000000000000000000000000000000000000000000000000000000000000000000000000000000000000000000000010000000101110000001111101011100000000000000000000000000000000000111111110010011100011011110010100000000000000000000000000000000100000001000001011110011010101000000000000000000000000000000000
10101000111111110001110000101001101111100000000000000000000000000000000000000000000000000000000000000000000000000000000000000000000000010000000101110000100000111101011100000000000000000000000000000000111111110010011100011011110010100000000000000000000000000000000100000001000110100010100011011011100000000000000000000000000000
10101000111111110001110000101000110000110000000000000000000000000000000000000000000000000000000000000000000000000000000000000000000000010000000101110000001111101011100000000000000000000000000000000000111111110010011100011011110010100000000000000000000000000000000100000001001011010011000101001110000000000000000000000000000000
10101000111111110001110000101001101111100000000000000000000000000000000000000000000000000000000000000000000000000000000000000000000000010000000101110000100000111101011100000000000000000000000000000000111111110010011100011011110010100000000000000000000000000000000100000001010000001100010111011101000000000000000000000000000000
10101000111111110001110000101000110000110000000000000000000000000000000000000000000000000000000000000000000000000000000000000000000000010000000101110000001111101011100000000000000000000000000000000000111111110010011100011011110010100000000000000000000000000000000100000001010010100001001010101001100000000000000000000000000000
10101000111111110001110000101001101111100000000000000000000000000000000000000000000000000000000000000000000000000000000000000000000000010000000101110000100000111101011100000000000000000000000000000000111111110010011100011011110010100000000000000000000000000000000100000001010101000100101111011010100000000000000000000000000000
10101000111111110001110000101000110000110000000000000000000000000000000000000000000000000000000000000000000000000000000000000000000000010000000101110000001111101011100000000000000000000000000000000000111111110010011100011011110010100000000000000000000000000000000100000001010111010110010101110100000000000000000000000000000000
10101000111111110001110000101001101111100000000000000000000000000000000000000000000000000000000000000000000000000000000000000000000000010000000101110000100000111101011100000000000000000000000000000000111111110010011100011011110010100000000000000000000000000000000100000001011001111010101001111111000000000000000000000000000000
10101000111111110001110000101000110000110000000000000000000000000000000000000000000000000000000000000000000000000000000000000000000000010000000101110000001111101011100000000000000000000000000000000000111111110010011100011011110010100000000000000000000000000000000100000001011100001010001010001111100000000000000000000000000000
00000000000000000000000000000000000000000000000000000000000000000000000000000000000000000000000000000000000000000000000000000000000000000000000000000000000000000000000000000000000000000000000000000000000000000000000000000000000000000000000000000000000000000000000000000000000000000000000000000000000000000000000000000000000000
00000000000000000000000000000000000000000000000000000000000000000000000000000000000000000000000000000000000000000000000000000000000000000000000000000000000000000000000000000000000000000000000000000000000000000000000000000000000000000000000000000000000000000000000000000000000000000000000000000000000000000000000000000000000000
00000000000000000000000000000000000000000000000000000000000000000000000000000000000000000000000000000000000000000000000000000000000000000000000000000000000000000000000000000000000000000000000000000000000000000000000000000000000000000000000000000000000000000000000000000000000000000000000000000000000000000000000000000000000000
00000000000000000000000000000000000000000000000000000000000000000000000000000000000000000000000000000000000000000000000000000000000000000000000000000000000000000000000000000000000000000000000000000000000000000000000000000000000000000000000000000000000000000000000000000000000000000000000000000000000000000000000000000000000000
00000000000000000000000000000000000000000000000000000000000000000000000000000000000000000000000000000000000000000000000000000000000000000000000000000000000000000000000000000000000000000000000000000000000000000000000000000000000000000000000000000000000000000000000000000000000000000000000000000000000000000000000000000000000000
00000000000000000000000000000000000000000000000000000000000000000000000000000000000000000000000000000000000000000000000000000000000000000000000000000000000000000000000000000000000000000000000000000000000000000000000000000000000000000000000000000000000000000000000000000000000000000000000000000000000000000000000000000000000000
00000000000000000000000000000000000000000000000000000000000000000000000000000000000000000000000000000000000000000000000000000000000000000000000000000000000000000000000000000000000000000000000000000000000000000000000000000000000000000000000000000000000000000000000000000000000000000000000000000000000000000000000000000000000000
00000000000000000000000000000000000000000000000000000000000000000000000000000000000000000000000000000000000000000000000000000000000000000000000000000000000000000000000000000000000000000000000000000000000000000000000000000000000000000000000000000000000000000000000000000000000000000000000000000000000000000000000000000000000000
00000000000000000000000000000000000000000000000000000000000000000000000000000000000000000000000000000000000000000000000000000000000000000000000000000000000000000000000000000000000000000000000000000000000000000000000000000000000000000000000000000000000000000000000000000000000000000000000000000000000000000000000000000000000000
00000000000000000000000000000000000000000000000000000000000000000000000000000000000000000000000000000000000000000000000000000000000000000000000000000000000000000000000000000000000000000000000000000000000000000000000000000000000000000000000000000000000000000000000000000000000000000000000000000000000000000000000000000000000000
00000000000000000000000000000000000000000000000000000000000000000000000000000000000000000000000000000000000000000000000000000000000000000000000000000000000000000000000000000000000000000000000000000000000000000000000000000000000000000000000000000000000000000000000000000000000000000000000000000000000000000000000000000000000000
00000000000000000000000000000000000000000000000000000000000000000000000000000000000000000000000000000000000000000000000000000000000000000000000000000000000000000000000000000000000000000000000000000000000000000000000000000000000000000000000000000000000000000000000000000000000000000000000000000000000000000000000000000000000000
