11100100111111110001000111101011110011000000000000000000000000000000001011110010100110110000101001111111100000000000000000000000000000010000000100000110011111100111011010000000000000000000000000000010111111110101010111101100100000000000000000000000000000000000000011110100000110001011101101000010100000000000000000000000000000
11100100111111110001000111101011010101001000000000000000000000000000000000000000000000000000000000000000000000000000000000000000000000010000000100000101011011010000111010000000000000000000000000000010111111110101010111101100100000000000000000000000000000000000000100000000010001111000000011010001100000000000000000000000000000
11100100111111110001000111101011110011000000000000000000000000000000000000000000000000000000000000000000000000000000000000000000000000010000000100000110011111100111011010000000000000000000000000000010111111110101010111101100100000000000000000000000000000000000000100000000100010010100010100111110000000000000000000000000000000
11100100111111110001000111101011010101001000000000000000000000000000000000000000000000000000000000000000000000000000000000000000000000010000000100000101011011010000111010000000000000000000000000000010111111110101010111101100100000000000000000000000000000000000000100000000101010110100000100100000100000000000000000000000000000
11100100111111110001000111101011110011000000000000000000000000000000000000000000000000000000000000000000000000000000000000000000000000010000000100000110011111100111011010000000000000000000000000000010111111110101010111101100100000000000000000000000000000000000000100000000110010001110100011000001100000000000000000000000000000
11100100111111110001000111101011010101001000000000000000000000000000000000000000000000000000000000000000000000000000000000000000000000010000000100000101011011010000111010000000000000000000000000000010111111110101010111101100100000000000000000000000000000000000000100000000110110010000011011000010000000000000000000000000000000
11100100111111110001000111101011010101001000000000000000000000000000000000000000000000000000000000000000000000000000000000000000000000010000000100000101011011010000111010000000000000000000000000000010111111110101010111101100100000000000000000000000000000000000001100000000010001111000000011010001100000000000000000000000000000
11100100111111110001000111101011110011000000000000000000000000000000000000000000000000000000000000000000000000000000000000000000000000010000000100000110011111100111011010000000000000000000000000000010111111110101010111101100100000000000000000000000000000000000001100000000100010010100010100111110000000000000000000000000000000
11100100111111110001000111101011010101001000000000000000000000000000000000000000000000000000000000000000000000000000000000000000000000010000000100000101011011010000111010000000000000000000000000000010111111110101010111101100100000000000000000000000000000000000001100000000101010110100000100100000100000000000000000000000000000
11100100111111110001000111101011110011000000000000000000000000000000000000000000000000000000000000000000000000000000000000000000000000010000000100000110011111100111011010000000000000000000000000000010111111110101010111101100100000000000000000000000000000000000001100000000110010001110100011000001100000000000000000000000000000
11100100111111110001000111101011010101001000000000000000000000000000000000000000000000000000000000000000000000000000000000000000000000010000000100000101011011010000111010000000000000000000000000000010111111110101010111101100100000000000000000000000000000000000001100000000110110010000011011000010000000000000000000000000000000
11100100111111110100001010001111010111101000000000000000000000000000000011111111100110010101110000101011100000000000000000000000000000010000000100001010111111111100100110000000000000000000000000000010111111110101010111101100100000000000000000000000000000000000001100000000111011000100101000011111000000000000000000000000000000
11100100111111110100001010001111011100110000000000000000000000000000000011111111100110010101110001011010100000000000000000000000000000010000000100001010111111111100100110000000000000000000000000000010111111110101010111101100100000000000000000000000000000000000001100000001000000001001000001000110000000000000000000000000000000
11100100111111110100001010001111011100110000000000000000000000000000000011111111100110010101110001011010100000000000000000000000000000010000000100001010111111111100100110000000000000000000000000000010111111110101010111101100100000000000000000000000000000000000001100000001000010111101100100100001100000000000000000000000000000
11100100111111110100001010001111011011001000000000000000000000000000000011111111101110101101111010111101100000000000000000000000000000010000000100001010100011001001010000000000000000000000000000000010111111110101010111101100100000000000000000000000000000000000001100000001000101100111100111001100100000000000000000000000000000
11100100111111110100001010001111011011001000000000000000000000000000000011111111101110101101111010111101100000000000000000000000000000010000000100001010100011001001010000000000000000000000000000000010111111110101010111101100100000000000000000000000000000000000001100000001001000110101110010101010100000000000000000000000000000
11100100111111110100001010001111101000010000000000000000000000000000000011111111101110101101111100000100100000000000000000000000000000010000000100001010100011001001010000000000000000000000000000000010111111110101010111101100100000000000000000000000000000000000001100000001001100011010101001010110100000000000000000000000000000
11100100111111110100001010001111101000010000000000000000000000000000000011111111101110101101111100000100100000000000000000000000000000010000000100001010100011001001010000000000000000000000000000000010111111110101010111101100100000000000000000000000000000000000001100000001010000001011011110100000100000000000000000000000000000
11100100111111110110011001100110010110111000000000000000000000000000000011111111110010111111010011110101000000000000000000000000000000010000000100001010010110011000111100000000000000000000000000000010111111110101010111101100100000000000000000000000000000000000001100000001010010001011010110000010100000000000000000000000000000
11100100111111110110011001100110010110111000000000000000000000000000000011111111110010111111010011110101000000000000000000000000000000010000000100001010010110011000111100000000000000000000000000000010111111110101010111101100100000000000000000000000000000000000001100000001010100100011111111100111000000000000000000000000000000
11100100111111110110011001100110110100100000000000000000000000000000000011111111110010111111010100010011000000000000000000000000000000010000000100001010010110011000111100000000000000000000000000000010111111110101010111101100100000000000000000000000000000000000001100000001010111001111000111101101000000000000000000000000000000
11100100111111110110011001100110010110111000000000000000000000000000000011111111110010111111010011110101000000000000000000000000000000010000000100001010010110011000111100000000000000000000000000000010111111110101010111101100100000000000000000000000000000000000001100000001011010001111111111010011100000000000000000000000000000
11100100111111110110011001100110010110111000000000000000000000000000000011111111110010111111010011110101000000000000000000000000000000010000000100001010010110011000111100000000000000000000000000000010111111110101010111101100100000000000000000000000000000000000001100000001011101100101011011011101100000000000000000000000000000
11100100111111110100001010001111010111010000000000000000000000000000000011111111100110010101110001011010100000000000000000000000000000010000000100001101001100110110100110000000000000000000000000000010111111101110000000111100110000000000000000000000000000000000001100000000111011101001111110001110000000000000000000000000000000
11100100111111110100001010001111010111010000000000000000000000000000000011111111100110010101110001011010100000000000000000000000000000010000000100001101001100110110100110000000000000000000000000000010111111101110000000111100110000000000000000000000000000000000001100000001000000011011101011111101100000000000000000000000000000
11100100111111110100001010001111010111010000000000000000000000000000000011111111100110010101110001011010100000000000000000000000000000010000000100001101001100110110100110000000000000000000000000000010111111101110000000111100110000000000000000000000000000000000001100000001000011010000001111011001000000000000000000000000000000
11100100111111110100001010001111010010100000000000000000000000000000000011111111101110101101111100100010100000000000000000000000000000010000000100001100000011010000011000000000000000000000000000000010111111101110000000111100110000000000000000000000000000000000001100000001000101111101100110001110000000000000000000000000000000
11100100111111110100001010001111010010100000000000000000000000000000000011111111101110101101111100100010100000000000000000000000000000010000000100001100000011010000011000000000000000000000000000000010111111101110000000111100110000000000000000000000000000000000001100000001001001001011110001101100000000000000000000000000000000
11100100111111110100001010001111010010100000000000000000000000000000000011111111101110101101111100100010100000000000000000000000000000010000000100001100000011010000011000000000000000000000000000000010111111101110000000111100110000000000000000000000000000000000001100000001001100110000101000010111100000000000000000000000000000
11100100111111110100001010001111000101011000000000000000000000000000000011111111101110101101111011011100000000000000000000000000000000010000000100001100000011010000011000000000000000000000000000000010111111101110000000111100110000000000000000000000000000000000001100000001010000010110011110000001000000000000000000000000000000
11100100111111110110011001100110010110101000000000000000000000000000000011111111110010111111010011110101000000000000000000000000000000010000000100001011011100110011110110000000000000000000000000000010111111101110000000111100110000000000000000000000000000000000001100000001010010010111010101011000100000000000000000000000000000
11100100111111110110011001100110010110101000000000000000000000000000000011111111110010111111010011110101000000000000000000000000000000010000000100001011011100110011110110000000000000000000000000000010111111101110000000111100110000000000000000000000000000000000001100000001010100101111111110111101000000000000000000000000000000
11100100111111110110011001100110010110101000000000000000000000000000000011111111110010111111010011110101000000000000000000000000000000010000000100001011011100110011110110000000000000000000000000000010111111101110000000111100110000000000000000000000000000000000001100000001010111011011000111000011000000000000000000000000000000
11100100111111110110011001100110010110101000000000000000000000000000000011111111110010111111010011110101000000000000000000000000000000010000000100001011011100110011110110000000000000000000000000000010111111101110000000111100110000000000000000000000000000000000001100000001011010011011111110101001100000000000000000000000000000
11100100111111110110011001100110110100010000000000000000000000000000000011111111110010111111010100010011000000000000000000000000000000010000000100001011011100110011110110000000000000000000000000000010111111101110000000111100110000000000000000000000000000000000001100000001011101110001011010110011100000000000000000000000000000
11100100111111110001000111101011010001101000000000000000000000000000001011110010101000111010100001011010000000000000000000000000000000010000000100000110011111100111011100000000000000000000000000000000111111110000101110011100111010100000000000000000000000000000000011110100000111010111100110101100000000000000000000000000000000
11100100111111110001000111101011010001101000000000000000000000000000000000000000000000000000000000000000000000000000000000000000000000010000000100000101011011010000111010000000000000000000000000000000111111110000101110011100111010100000000000000000000000000000000100000000010001111000000011010001100000000000000000000000000000
11100100111111110001000111101011010001101000000000000000000000000000000000000000000000000000000000000000000000000000000000000000000000010000000100000110011111100111011100000000000000000000000000000000111111110000101110011100111010100000000000000000000000000000000100000000100010010100010100111110000000000000000000000000000000
11100100111111110001000111101011010001101000000000000000000000000000000000000000000000000000000000000000000000000000000000000000000000010000000100000101011011010000111010000000000000000000000000000000111111110000101110011100111010100000000000000000000000000000000100000000101010110100000100100000100000000000000000000000000000
11100100111111110001000111101011010001101000000000000000000000000000000000000000000000000000000000000000000000000000000000000000000000010000000100000110011111100111011100000000000000000000000000000000111111110000101110011100111010100000000000000000000000000000000100000000110010001110100011000001100000000000000000000000000000
11100100111111110001000111101011010001101000000000000000000000000000000000000000000000000000000000000000000000000000000000000000000000010000000100000101011011010000111010000000000000000000000000000000111111110000101110011100111010100000000000000000000000000000000100000000110110010000011011000010000000000000000000000000000000
11100100111111110001000111101011010001101000000000000000000000000000000000000000000000000000000000000000000000000000000000000000000000010000000100000101011011010000111010000000000000000000000000000000111111110000101110011100111010100000000000000000000000000000001100000000010001111000000011010001100000000000000000000000000000
11100100111111110001000111101011010001101000000000000000000000000000000000000000000000000000000000000000000000000000000000000000000000010000000100000110011111100111011100000000000000000000000000000000111111110000101110011100111010100000000000000000000000000000001100000000100010010100010100111110000000000000000000000000000000
11100100111111110001000111101011010001101000000000000000000000000000000000000000000000000000000000000000000000000000000000000000000000010000000100000101011011010000111010000000000000000000000000000000111111110000101110011100111010100000000000000000000000000000001100000000101010110100000100100000100000000000000000000000000000
11100100111111110001000111101011010001101000000000000000000000000000000000000000000000000000000000000000000000000000000000000000000000010000000100000110011111100111011100000000000000000000000000000000111111110000101110011100111010100000000000000000000000000000001100000000110010001110100011000001100000000000000000000000000000
11100100111111110001000111101011010001101000000000000000000000000000000000000000000000000000000000000000000000000000000000000000000000010000000100000101011011010000111010000000000000000000000000000000111111110000101110011100111010100000000000000000000000000000001100000000110110010000011011000010000000000000000000000000000000
11100100111111110100001010001111010011000000000000000000000000000000000011111111100110010101110000101011100000000000000000000000000000010000000100001010111111111100101000000000000000000000000000000000111111110000101110011100111010100000000000000000000000000000001100000000111011000100101000011111000000000000000000000000000000
11100100111111110100001010001111011000001000000000000000000000000000000011111111100110010101110001011010100000000000000000000000000000010000000100001010111111111100101000000000000000000000000000000000111111110000101110011100111010100000000000000000000000000000001100000001000000001001000001000110000000000000000000000000000000
11100100111111110100001010001111011000001000000000000000000000000000000011111111100110010101110001011010100000000000000000000000000000010000000100001010111111111100101000000000000000000000000000000000111111110000101110011100111010100000000000000000000000000000001100000001000010111101100100100001100000000000000000000000000000
11100100111111110100001010001111010001100000000000000000000000000000000011111111101110101101111010111101100000000000000000000000000000010000000100001010100011001001010000000000000000000000000000000000111111110000101110011100111010100000000000000000000000000000001100000001000101100111100111001100100000000000000000000000000000
11100100111111110100001010001111010001100000000000000000000000000000000011111111101110101101111010111101100000000000000000000000000000010000000100001010100011001001010000000000000000000000000000000000111111110000101110011100111010100000000000000000000000000000001100000001001000110101110010101010100000000000000000000000000000
11100100111111110100001010001111011110101000000000000000000000000000000011111111101110101101111100000100100000000000000000000000000000010000000100001010100011001001010000000000000000000000000000000000111111110000101110011100111010100000000000000000000000000000001100000001001100011010101001010110100000000000000000000000000000
11100100111111110100001010001111011110101000000000000000000000000000000011111111101110101101111100000100100000000000000000000000000000010000000100001010100011001001010000000000000000000000000000000000111111110000101110011100111010100000000000000000000000000000001100000001010000001011011110100000100000000000000000000000000000
11100100111111110110011001100110010111111000000000000000000000000000000011111111110010111111010011010000000000000000000000000000000000010000000100001010010110011000111110000000000000000000000000000000111111110000101110011100111010100000000000000000000000000000001100000001010010001011010110000010100000000000000000000000000000
11100100111111110110011001100110010111111000000000000000000000000000000011111111110010111111010011010000000000000000000000000000000000010000000100001010010110011000111110000000000000000000000000000000111111110000101110011100111010100000000000000000000000000000001100000001010100100011111111100111000000000000000000000000000000
11100100111111110110011001100110110101100000000000000000000000000000000011111111110010111111010011101110000000000000000000000000000000010000000100001010010110011000111110000000000000000000000000000000111111110000101110011100111010100000000000000000000000000000001100000001010111001111000111101101000000000000000000000000000000
11100100111111110110011001100110010111111000000000000000000000000000000011111111110010111111010011010000000000000000000000000000000000010000000100001010010110011000111110000000000000000000000000000000111111110000101110011100111010100000000000000000000000000000001100000001011010001111111111010011100000000000000000000000000000
11100100111111110110011001100110010111111000000000000000000000000000000011111111110010111111010011010000000000000000000000000000000000010000000100001010010110011000111110000000000000000000000000000000111111110000101110011100111010100000000000000000000000000000001100000001011101100101011011011101100000000000000000000000000000
11001100111111110110011001100111000000000000000000000000000000000000000011111111111001001000011111101101100000000000000000000000000000010000000011100100111001000011111110000000000000000000000000000000111111101101100101011100010101001000000000000000000000000000001100000001100011000111101000111101100000000000000000000000000000
11001100111111110110011001100110000000000000000000000000000000000000000011111111111001001000011111101101100000000000000000000000000000010000000011100100111001000100000000000000000000000000000000000010111111110011010000101011010000000000000000000000000000000000001100000001100011010000001111010111000000000000000000000000000000
11001100111111110110011001100111000000000000000000000000000000000000000011111111111001001000011111101101100000000000000000000000000000010000000011111000101110001010000010000000000000000000000000000000111111110010111110110011011110100000000000000000000000000000001100000001100011101000010111000010100000000000000000000000000000
11001100111111110110011001100110000000000000000000000000000000000000000011111111111001001000011111101101100000000000000000000000000000010000000011111000101110001010000010000000000000000000000000000010111111101001100101011100010000000000000000000000000000000000001100000001100011011111110000101001000000000000000000000000000000
11001100111111110110011001100111000000000000000000000000000000000000000011111111111001001000011111101101100000000000000000000000000000010000000011111000101110001010000010000000000000000000000000000010111111110100111000110000110100000000000000000000000000000000001100000001100011101000010111000010100000000000000000000000000000
11001100111111110110011001100110000000000000000000000000000000000000000011111111111001001000011111101101100000000000000000000000000000010000000100000011101000100010011010000000000000000000000000000000111111110010111110110011011110100000000000000000000000000000001100000001100011010000001111010111000000000000000000000000000000
11001100111111110110011001100111000000000000000000000000000000000000000011111111111001001000011111101101100000000000000000000000000000010000000100000011101000100010011010000000000000000000000000000010111111101001100101011100010000000000000000000000000000000000001100000001100011000111101000111101100000000000000000000000000000
11001100111111110110011001100110000000000000000000000000000000000000000011111111111001001000011111101101100000000000000000000000000000010000000100000011101000100010011010000000000000000000000000000010111111110100111000110000110100000000000000000000000000000000001100000001100011010000001111010111000000000000000000000000000000
11001100111111110110011001100110000000000000000000000000000000000000000011111111111001001000011111101101100000000000000000000000000000010000000100001101101001110100010100000000000000000000000000000000111111110100111111001001010101010000000000000000000000000000001100000001100011011111110000101001000000000000000000000000000000
11001100111111110110011001100111000000000000000000000000000000000000000011111111111001001000011111101101100000000000000000000000000000010000000100001101101001110100010110000000000000000000000000000000111111101101100101011100010101001000000000000000000000000000001100000001100011101000010111000010100000000000000000000000000000
11001100111111110110011001100110000000000000000000000000000000000000000011111111111001001000011111101101100000000000000000000000000000010000000100001101101001110100010100000000000000000000000000000010111111110000011000110110001100000000000000000000000000000000001100000001100011011111110000101001000000000000000000000000000000
00000000000000000000000000000000000000000000000000000000000000000000000000000000000000000000000000000000000000000000000000000000000000000000000000000000000000000000000000000000000000000000000000000000000000000000000000000000000000000000000000000000000000000000000000000000000000000000000000000000000000000000000000000000000000
00000000000000000000000000000000000000000000000000000000000000000000000000000000000000000000000000000000000000000000000000000000000000000000000000000000000000000000000000000000000000000000000000000000000000000000000000000000000000000000000000000000000000000000000000000000000000000000000000000000000000000000000000000000000000
00000000000000000000000000000000000000000000000000000000000000000000000000000000000000000000000000000000000000000000000000000000000000000000000000000000000000000000000000000000000000000000000000000000000000000000000000000000000000000000000000000000000000000000000000000000000000000000000000000000000000000000000000000000000000
