10100011111111000111000010100100110110000000000000000000000000000000000000000000000000000000000000000000000000000000000000000000000001000000000101000001100110011001101000000000000000000000000000000011111110000010011011101001011110000000000000000000000000000000010000000101110000100000111101011100000000000000000000000000000010111111110011010011011011010000000000000000000000000000000000000100000000010101000111010101001111000000000000000000000000000000
10100011111111000111000010100010011100100000000000000000000000000000000000000000000000000000000000000000000000000000000000000000000001000000000101000001100110011001101000000000000000000000000000000011111110000010011011101001011110000000000000000000000000000000010000000101110000001111101011100000000000000000000000000000000010111111110011010011011011010000000000000000000000000000000000000100000000101110010101011000000100000000000000000000000000000000
10100011111111000111000010100100110110000000000000000000000000000000000000000000000000000000000000000000000000000000000000000000000001000000000101000001100110011001101000000000000000000000000000000011111110000010011011101001011110000000000000000000000000000000010000000101110000100000111101011100000000000000000000000000000010111111110011010011011011010000000000000000000000000000000000000100000000111001001111111010101011000000000000000000000000000000
10100011111111000111000010100010011100100000000000000000000000000000000000000000000000000000000000000000000000000000000000000000000001000000000101000001100110011001101000000000000000000000000000000011111110000010011011101001011110000000000000000000000000000000010000000101110000001111101011100000000000000000000000000000000010111111110011010011011011010000000000000000000000000000000000000100000001000001011110011010101000000000000000000000000000000000
10100011111111000111000010100100110110000000000000000000000000000000000000000000000000000000000000000000000000000000000000000000000001000000000101000001100110011001101000000000000000000000000000000011111110000010011011101001011110000000000000000000000000000000010000000101110000100000111101011100000000000000000000000000000010111111110011010011011011010000000000000000000000000000000000000100000001000110100010100011011011100000000000000000000000000000
10100011111111000111000010100010011100100000000000000000000000000000000000000000000000000000000000000000000000000000000000000000000001000000000101000001100110011001101000000000000000000000000000000011111110000010011011101001011110000000000000000000000000000000010000000101110000001111101011100000000000000000000000000000000010111111110011010011011011010000000000000000000000000000000000000100000001001011010011000101001110000000000000000000000000000000
10100011111111000111000010100100110110000000000000000000000000000000000000000000000000000000000000000000000000000000000000000000000001000000000101000001100110011001101000000000000000000000000000000011111110000010011011101001011110000000000000000000000000000000010000000101110000100000111101011100000000000000000000000000000010111111110011010011011011010000000000000000000000000000000000000100000001010000001100010111011101000000000000000000000000000000
10100011111111000111000010100010011100100000000000000000000000000000000000000000000000000000000000000000000000000000000000000000000001000000000101000001100110011001101000000000000000000000000000000011111110000010011011101001011110000000000000000000000000000000010000000101110000001111101011100000000000000000000000000000000010111111110011010011011011010000000000000000000000000000000000000100000001010010100001001010101001100000000000000000000000000000
10100011111111000111000010100100110110000000000000000000000000000000000000000000000000000000000000000000000000000000000000000000000001000000000101000001100110011001101000000000000000000000000000000011111110000010011011101001011110000000000000000000000000000000010000000101110000100000111101011100000000000000000000000000000010111111110011010011011011010000000000000000000000000000000000000100000001010101000100101111011010100000000000000000000000000000
10100011111111000111000010100010011100100000000000000000000000000000000000000000000000000000000000000000000000000000000000000000000001000000000101000001100110011001101000000000000000000000000000000011111110000010011011101001011110000000000000000000000000000000010000000101110000001111101011100000000000000000000000000000000010111111110011010011011011010000000000000000000000000000000000000100000001010111010110010101110100000000000000000000000000000000
10100011111111000111000010100100110110000000000000000000000000000000000000000000000000000000000000000000000000000000000000000000000001000000000101000001100110011001101000000000000000000000000000000011111110000010011011101001011110000000000000000000000000000000010000000101110000100000111101011100000000000000000000000000000010111111110011010011011011010000000000000000000000000000000000000100000001011001111010101001111111000000000000000000000000000000
10100011111111000111000010100010011100100000000000000000000000000000000000000000000000000000000000000000000000000000000000000000000001000000000101000001100110011001101000000000000000000000000000000011111110000010011011101001011110000000000000000000000000000000010000000101110000001111101011100000000000000000000000000000000010111111110011010011011011010000000000000000000000000000000000000100000001011100001010001010001111100000000000000000000000000000
10100011111111000111000010100010000001100000000000000000000000000000000000000000000000000000000000000000000000000000000000000000000001000000000101000001100110011001101000000000000000000000000000000011111110000010011011101001011110000000000000000000000000000000010000000101101101010110101110000100000000000000000000000000000010111111110000101110011100111100000000000000000000000000000000000100000000010101000111010101001111000000000000000000000000000000
10100011111111000111000010100101000001000000000000000000000000000000000000000000000000000000000000000000000000000000000000000000000001000000000101000001100110011001101000000000000000000000000000000011111110000010011011101001011110000000000000000000000000000000010000000101101101000101011100001100000000000000000000000000000010111111110000101110011100111100000000000000000000000000000000000100000000101110010101011000000100000000000000000000000000000000
10100011111111000111000010100010000001100000000000000000000000000000000000000000000000000000000000000000000000000000000000000000000001000000000101000001100110011001101000000000000000000000000000000011111110000010011011101001011110000000000000000000000000000000010000000101101101010110101110000100000000000000000000000000000010111111110000101110011100111100000000000000000000000000000000000100000000111001001111111010101011000000000000000000000000000000
10100011111111000111000010100101000001000000000000000000000000000000000000000000000000000000000000000000000000000000000000000000000001000000000101000001100110011001101000000000000000000000000000000011111110000010011011101001011110000000000000000000000000000000010000000101101101000101011100001100000000000000000000000000000010111111110000101110011100111100000000000000000000000000000000000100000001000001011110011010101000000000000000000000000000000000
10100011111111000111000010100010000001100000000000000000000000000000000000000000000000000000000000000000000000000000000000000000000001000000000101000001100110011001101000000000000000000000000000000011111110000010011011101001011110000000000000000000000000000000010000000101101101010110101110000100000000000000000000000000000010111111110000101110011100111100000000000000000000000000000000000100000001000110100010100011011011100000000000000000000000000000
10100011111111000111000010100101000001000000000000000000000000000000000000000000000000000000000000000000000000000000000000000000000001000000000101000001100110011001101000000000000000000000000000000011111110000010011011101001011110000000000000000000000000000000010000000101101101000101011100001100000000000000000000000000000010111111110000101110011100111100000000000000000000000000000000000100000001001011010011000101001110000000000000000000000000000000
10100011111111000111000010100010000001100000000000000000000000000000000000000000000000000000000000000000000000000000000000000000000001000000000101000001100110011001101000000000000000000000000000000011111110000010011011101001011110000000000000000000000000000000010000000101101101010110101110000100000000000000000000000000000010111111110000101110011100111100000000000000000000000000000000000100000001010000001100010111011101000000000000000000000000000000
10100011111111000111000010100101000001000000000000000000000000000000000000000000000000000000000000000000000000000000000000000000000001000000000101000001100110011001101000000000000000000000000000000011111110000010011011101001011110000000000000000000000000000000010000000101101101000101011100001100000000000000000000000000000010111111110000101110011100111100000000000000000000000000000000000100000001010010100001001010101001100000000000000000000000000000
10100011111111000111000010100010000001100000000000000000000000000000000000000000000000000000000000000000000000000000000000000000000001000000000101000001100110011001101000000000000000000000000000000011111110000010011011101001011110000000000000000000000000000000010000000101101101010110101110000100000000000000000000000000000010111111110000101110011100111100000000000000000000000000000000000100000001010101000100101111011010100000000000000000000000000000
10100011111111000111000010100101000001000000000000000000000000000000000000000000000000000000000000000000000000000000000000000000000001000000000101000001100110011001101000000000000000000000000000000011111110000010011011101001011110000000000000000000000000000000010000000101101101000101011100001100000000000000000000000000000010111111110000101110011100111100000000000000000000000000000000000100000001010111010110010101110100000000000000000000000000000000
10100011111111000111000010100010000001100000000000000000000000000000000000000000000000000000000000000000000000000000000000000000000001000000000101000001100110011001101000000000000000000000000000000011111110000010011011101001011110000000000000000000000000000000010000000101101101010110101110000100000000000000000000000000000010111111110000101110011100111100000000000000000000000000000000000100000001011001111010101001111111000000000000000000000000000000
10100011111111000111000010100101000001000000000000000000000000000000000000000000000000000000000000000000000000000000000000000000000001000000000101000001100110011001101000000000000000000000000000000011111110000010011011101001011110000000000000000000000000000000010000000101101101000101011100001100000000000000000000000000000010111111110000101110011100111100000000000000000000000000000000000100000001011100001010001010001111100000000000000000000000000000
10100011111111000111000010100100100101100000000000000000000000000000000000000000000000000000000000000000000000000000000000000000000001000000000101000001100110011001101000000000000000000000000000000011111110000010011011101001011110000000000000000000000000000000010000000101110000100000111101011100000000000000000000000000000010111111101100010010111101001100000000000000000000000000000000000100000000010101000111010101001111000000000000000000000000000000
10100011111111000111000010100100101100100000000000000000000000000000000000000000000000000000000000000000000000000000000000000000000001000000000101000001100110011001101000000000000000000000000000000011111110000010011011101001011110000000000000000000000000000000010000000101110000001111101011100010000000000000000000000000000010111111101100010010111101001100000000000000000000000000000000000100000000101110010101011000000100000000000000000000000000000000
10100011111111000111000010100100100101100000000000000000000000000000000000000000000000000000000000000000000000000000000000000000000001000000000101000001100110011001101000000000000000000000000000000011111110000010011011101001011110000000000000000000000000000000010000000101110000100000111101011100000000000000000000000000000010111111101100010010111101001100000000000000000000000000000000000100000000111001001111111010101011000000000000000000000000000000
10100011111111000111000010100100101100100000000000000000000000000000000000000000000000000000000000000000000000000000000000000000000001000000000101000001100110011001101000000000000000000000000000000011111110000010011011101001011110000000000000000000000000000000010000000101110000001111101011100010000000000000000000000000000010111111101100010010111101001100000000000000000000000000000000000100000001000001011110011010101000000000000000000000000000000000
10100011111111000111000010100100100101100000000000000000000000000000000000000000000000000000000000000000000000000000000000000000000001000000000101000001100110011001101000000000000000000000000000000011111110000010011011101001011110000000000000000000000000000000010000000101110000100000111101011100000000000000000000000000000010111111101100010010111101001100000000000000000000000000000000000100000001000110100010100011011011100000000000000000000000000000
10100011111111000111000010100100101100100000000000000000000000000000000000000000000000000000000000000000000000000000000000000000000001000000000101000001100110011001101000000000000000000000000000000011111110000010011011101001011110000000000000000000000000000000010000000101110000001111101011100010000000000000000000000000000010111111101100010010111101001100000000000000000000000000000000000100000001001011010011000101001110000000000000000000000000000000
10100011111111000111000010100100100101100000000000000000000000000000000000000000000000000000000000000000000000000000000000000000000001000000000101000001100110011001101000000000000000000000000000000011111110000010011011101001011110000000000000000000000000000000010000000101110000100000111101011100000000000000000000000000000010111111101100010010111101001100000000000000000000000000000000000100000001010000001100010111011101000000000000000000000000000000
10100011111111000111000010100100101100100000000000000000000000000000000000000000000000000000000000000000000000000000000000000000000001000000000101000001100110011001101000000000000000000000000000000011111110000010011011101001011110000000000000000000000000000000010000000101110000001111101011100010000000000000000000000000000010111111101100010010111101001100000000000000000000000000000000000100000001010010100001001010101001100000000000000000000000000000
10100011111111000111000010100100100101100000000000000000000000000000000000000000000000000000000000000000000000000000000000000000000001000000000101000001100110011001101000000000000000000000000000000011111110000010011011101001011110000000000000000000000000000000010000000101110000100000111101011100000000000000000000000000000010111111101100010010111101001100000000000000000000000000000000000100000001010101000100101111011010100000000000000000000000000000
10100011111111000111000010100100101100100000000000000000000000000000000000000000000000000000000000000000000000000000000000000000000001000000000101000001100110011001101000000000000000000000000000000011111110000010011011101001011110000000000000000000000000000000010000000101110000001111101011100010000000000000000000000000000010111111101100010010111101001100000000000000000000000000000000000100000001010111010110010101110100000000000000000000000000000000
10100011111111000111000010100100100101100000000000000000000000000000000000000000000000000000000000000000000000000000000000000000000001000000000101000001100110011001101000000000000000000000000000000011111110000010011011101001011110000000000000000000000000000000010000000101110000100000111101011100000000000000000000000000000010111111101100010010111101001100000000000000000000000000000000000100000001011001111010101001111111000000000000000000000000000000
10100011111111000111000010100100101100100000000000000000000000000000000000000000000000000000000000000000000000000000000000000000000001000000000101000001100110011001101000000000000000000000000000000011111110000010011011101001011110000000000000000000000000000000010000000101110000001111101011100010000000000000000000000000000010111111101100010010111101001100000000000000000000000000000000000100000001011100001010001010001111100000000000000000000000000000
10100011111111000111000010100101011101100000000000000000000000000000000000000000000000000000000000000000000000000000000000000000000001000000000101000001100110011001101000000000000000000000000000000011111110000010011011101001011110000000000000000000000000000000010000000101110000100000111101011110000000000000000000000000000000111111101110000000111100001000000000000000000000000000000000000100000000010101000111010101001111000000000000000000000000000000
10100011111111000111000010100101011101100000000000000000000000000000000000000000000000000000000000000000000000000000000000000000000001000000000101000001100110011001101000000000000000000000000000000011111110000010011011101001011110000000000000000000000000000000010000000101110000001111101011100010000000000000000000000000000000111111101110000000111100001000000000000000000000000000000000000100000000101110010101011000000100000000000000000000000000000000
10100011111111000111000010100101011101100000000000000000000000000000000000000000000000000000000000000000000000000000000000000000000001000000000101000001100110011001101000000000000000000000000000000011111110000010011011101001011110000000000000000000000000000000010000000101110000100000111101011110000000000000000000000000000000111111101110000000111100001000000000000000000000000000000000000100000000111001001111111010101011000000000000000000000000000000
10100011111111000111000010100101011101100000000000000000000000000000000000000000000000000000000000000000000000000000000000000000000001000000000101000001100110011001101000000000000000000000000000000011111110000010011011101001011110000000000000000000000000000000010000000101110000001111101011100010000000000000000000000000000000111111101110000000111100001000000000000000000000000000000000000100000001000001011110011010101000000000000000000000000000000000
10100011111111000111000010100101011101100000000000000000000000000000000000000000000000000000000000000000000000000000000000000000000001000000000101000001100110011001101000000000000000000000000000000011111110000010011011101001011110000000000000000000000000000000010000000101110000100000111101011110000000000000000000000000000000111111101110000000111100001000000000000000000000000000000000000100000001000110100010100011011011100000000000000000000000000000
10100011111111000111000010100101011101100000000000000000000000000000000000000000000000000000000000000000000000000000000000000000000001000000000101000001100110011001101000000000000000000000000000000011111110000010011011101001011110000000000000000000000000000000010000000101110000001111101011100010000000000000000000000000000000111111101110000000111100001000000000000000000000000000000000000100000001001011010011000101001110000000000000000000000000000000
10100011111111000111000010100101011101100000000000000000000000000000000000000000000000000000000000000000000000000000000000000000000001000000000101000001100110011001101000000000000000000000000000000011111110000010011011101001011110000000000000000000000000000000010000000101110000100000111101011110000000000000000000000000000000111111101110000000111100001000000000000000000000000000000000000100000001010000001100010111011101000000000000000000000000000000
10100011111111000111000010100101011101100000000000000000000000000000000000000000000000000000000000000000000000000000000000000000000001000000000101000001100110011001101000000000000000000000000000000011111110000010011011101001011110000000000000000000000000000000010000000101110000001111101011100010000000000000000000000000000000111111101110000000111100001000000000000000000000000000000000000100000001010010100001001010101001100000000000000000000000000000
10100011111111000111000010100101011101100000000000000000000000000000000000000000000000000000000000000000000000000000000000000000000001000000000101000001100110011001101000000000000000000000000000000011111110000010011011101001011110000000000000000000000000000000010000000101110000100000111101011110000000000000000000000000000000111111101110000000111100001000000000000000000000000000000000000100000001010101000100101111011010100000000000000000000000000000
10100011111111000111000010100101011101100000000000000000000000000000000000000000000000000000000000000000000000000000000000000000000001000000000101000001100110011001101000000000000000000000000000000011111110000010011011101001011110000000000000000000000000000000010000000101110000001111101011100010000000000000000000000000000000111111101110000000111100001000000000000000000000000000000000000100000001010111010110010101110100000000000000000000000000000000
10100011111111000111000010100101011101100000000000000000000000000000000000000000000000000000000000000000000000000000000000000000000001000000000101000001100110011001101000000000000000000000000000000011111110000010011011101001011110000000000000000000000000000000010000000101110000100000111101011110000000000000000000000000000000111111101110000000111100001000000000000000000000000000000000000100000001011001111010101001111111000000000000000000000000000000
10100011111111000111000010100101011101100000000000000000000000000000000000000000000000000000000000000000000000000000000000000000000001000000000101000001100110011001101000000000000000000000000000000011111110000010011011101001011110000000000000000000000000000000010000000101110000001111101011100010000000000000000000000000000000111111101110000000111100001000000000000000000000000000000000000100000001011100001010001010001111100000000000000000000000000000
10100011111111000111000010100011100001100000000000000000000000000000000000000000000000000000000000000000000000000000000000000000000001000000000101000001100110011001101000000000000000000000000000000011111110000010011011101001011110000000000000000000000000000000010000000101101101010110101110000100000000000000000000000000000000111111110001100101011100011000000000000000000000000000000000000100000000010101000111010101001111000000000000000000000000000000
10100011111111000111000010100011100001100000000000000000000000000000000000000000000000000000000000000000000000000000000000000000000001000000000101000001100110011001101000000000000000000000000000000011111110000010011011101001011110000000000000000000000000000000010000000101101101000101011100001010000000000000000000000000000000111111110001100101011100011000000000000000000000000000000000000100000000101110010101011000000100000000000000000000000000000000
10100011111111000111000010100011100001100000000000000000000000000000000000000000000000000000000000000000000000000000000000000000000001000000000101000001100110011001101000000000000000000000000000000011111110000010011011101001011110000000000000000000000000000000010000000101101101010110101110000100000000000000000000000000000000111111110001100101011100011000000000000000000000000000000000000100000000111001001111111010101011000000000000000000000000000000
10100011111111000111000010100011100001100000000000000000000000000000000000000000000000000000000000000000000000000000000000000000000001000000000101000001100110011001101000000000000000000000000000000011111110000010011011101001011110000000000000000000000000000000010000000101101101000101011100001010000000000000000000000000000000111111110001100101011100011000000000000000000000000000000000000100000001000001011110011010101000000000000000000000000000000000
10100011111111000111000010100011100001100000000000000000000000000000000000000000000000000000000000000000000000000000000000000000000001000000000101000001100110011001101000000000000000000000000000000011111110000010011011101001011110000000000000000000000000000000010000000101101101010110101110000100000000000000000000000000000000111111110001100101011100011000000000000000000000000000000000000100000001000110100010100011011011100000000000000000000000000000
10100011111111000111000010100011100001100000000000000000000000000000000000000000000000000000000000000000000000000000000000000000000001000000000101000001100110011001101000000000000000000000000000000011111110000010011011101001011110000000000000000000000000000000010000000101101101000101011100001010000000000000000000000000000000111111110001100101011100011000000000000000000000000000000000000100000001001011010011000101001110000000000000000000000000000000
10100011111111000111000010100011100001100000000000000000000000000000000000000000000000000000000000000000000000000000000000000000000001000000000101000001100110011001101000000000000000000000000000000011111110000010011011101001011110000000000000000000000000000000010000000101101101010110101110000100000000000000000000000000000000111111110001100101011100011000000000000000000000000000000000000100000001010000001100010111011101000000000000000000000000000000
10100011111111000111000010100011100001100000000000000000000000000000000000000000000000000000000000000000000000000000000000000000000001000000000101000001100110011001101000000000000000000000000000000011111110000010011011101001011110000000000000000000000000000000010000000101101101000101011100001010000000000000000000000000000000111111110001100101011100011000000000000000000000000000000000000100000001010010100001001010101001100000000000000000000000000000
10100011111111000111000010100011100001100000000000000000000000000000000000000000000000000000000000000000000000000000000000000000000001000000000101000001100110011001101000000000000000000000000000000011111110000010011011101001011110000000000000000000000000000000010000000101101101010110101110000100000000000000000000000000000000111111110001100101011100011000000000000000000000000000000000000100000001010101000100101111011010100000000000000000000000000000
10100011111111000111000010100011100001100000000000000000000000000000000000000000000000000000000000000000000000000000000000000000000001000000000101000001100110011001101000000000000000000000000000000011111110000010011011101001011110000000000000000000000000000000010000000101101101000101011100001010000000000000000000000000000000111111110001100101011100011000000000000000000000000000000000000100000001010111010110010101110100000000000000000000000000000000
10100011111111000111000010100011100001100000000000000000000000000000000000000000000000000000000000000000000000000000000000000000000001000000000101000001100110011001101000000000000000000000000000000011111110000010011011101001011110000000000000000000000000000000010000000101101101010110101110000100000000000000000000000000000000111111110001100101011100011000000000000000000000000000000000000100000001011001111010101001111111000000000000000000000000000000
10100011111111000111000010100011100001100000000000000000000000000000000000000000000000000000000000000000000000000000000000000000000001000000000101000001100110011001101000000000000000000000000000000011111110000010011011101001011110000000000000000000000000000000010000000101101101000101011100001010000000000000000000000000000000111111110001100101011100011000000000000000000000000000000000000100000001011100001010001010001111100000000000000000000000000000
10100011111111000111000010100101000010100000000000000000000000000000000000000000000000000000000000000000000000000000000000000000000001000000000101000001100110011001101000000000000000000000000000000011111110000010011011101001011110000000000000000000000000000000010000000101101101010110101110000100000000000000000000000000000000111111110101010111101100100001000000000000000000000000000000000100000000010101000111010101001111000000000000000000000000000000
10100011111111000111000010100101000010100000000000000000000000000000000000000000000000000000000000000000000000000000000000000000000001000000000101000001100110011001101000000000000000000000000000000011111110000010011011101001011110000000000000000000000000000000010000000101101101000101011100001010000000000000000000000000000000111111110101010111101100100001000000000000000000000000000000000100000000101110010101011000000100000000000000000000000000000000
10100011111111000111000010100101000010100000000000000000000000000000000000000000000000000000000000000000000000000000000000000000000001000000000101000001100110011001101000000000000000000000000000000011111110000010011011101001011110000000000000000000000000000000010000000101101101010110101110000100000000000000000000000000000000111111110101010111101100100001000000000000000000000000000000000100000000111001001111111010101011000000000000000000000000000000
10100011111111000111000010100101000010100000000000000000000000000000000000000000000000000000000000000000000000000000000000000000000001000000000101000001100110011001101000000000000000000000000000000011111110000010011011101001011110000000000000000000000000000000010000000101101101000101011100001010000000000000000000000000000000111111110101010111101100100001000000000000000000000000000000000100000001000001011110011010101000000000000000000000000000000000
10100011111111000111000010100101000010100000000000000000000000000000000000000000000000000000000000000000000000000000000000000000000001000000000101000001100110011001101000000000000000000000000000000011111110000010011011101001011110000000000000000000000000000000010000000101101101010110101110000100000000000000000000000000000000111111110101010111101100100001000000000000000000000000000000000100000001000110100010100011011011100000000000000000000000000000
10100011111111000111000010100101000010100000000000000000000000000000000000000000000000000000000000000000000000000000000000000000000001000000000101000001100110011001101000000000000000000000000000000011111110000010011011101001011110000000000000000000000000000000010000000101101101000101011100001010000000000000000000000000000000111111110101010111101100100001000000000000000000000000000000000100000001001011010011000101001110000000000000000000000000000000
10100011111111000111000010100101000010100000000000000000000000000000000000000000000000000000000000000000000000000000000000000000000001000000000101000001100110011001101000000000000000000000000000000011111110000010011011101001011110000000000000000000000000000000010000000101101101010110101110000100000000000000000000000000000000111111110101010111101100100001000000000000000000000000000000000100000001010000001100010111011101000000000000000000000000000000
10100011111111000111000010100101000010100000000000000000000000000000000000000000000000000000000000000000000000000000000000000000000001000000000101000001100110011001101000000000000000000000000000000011111110000010011011101001011110000000000000000000000000000000010000000101101101000101011100001010000000000000000000000000000000111111110101010111101100100001000000000000000000000000000000000100000001010010100001001010101001100000000000000000000000000000
10100011111111000111000010100101000010100000000000000000000000000000000000000000000000000000000000000000000000000000000000000000000001000000000101000001100110011001101000000000000000000000000000000011111110000010011011101001011110000000000000000000000000000000010000000101101101010110101110000100000000000000000000000000000000111111110101010111101100100001000000000000000000000000000000000100000001010101000100101111011010100000000000000000000000000000
10100011111111000111000010100101000010100000000000000000000000000000000000000000000000000000000000000000000000000000000000000000000001000000000101000001100110011001101000000000000000000000000000000011111110000010011011101001011110000000000000000000000000000000010000000101101101000101011100001010000000000000000000000000000000111111110101010111101100100001000000000000000000000000000000000100000001010111010110010101110100000000000000000000000000000000
10100011111111000111000010100101000010100000000000000000000000000000000000000000000000000000000000000000000000000000000000000000000001000000000101000001100110011001101000000000000000000000000000000011111110000010011011101001011110000000000000000000000000000000010000000101101101010110101110000100000000000000000000000000000000111111110101010111101100100001000000000000000000000000000000000100000001011001111010101001111111000000000000000000000000000000
10100011111111000111000010100101000010100000000000000000000000000000000000000000000000000000000000000000000000000000000000000000000001000000000101000001100110011001101000000000000000000000000000000011111110000010011011101001011110000000000000000000000000000000010000000101101101000101011100001010000000000000000000000000000000111111110101010111101100100001000000000000000000000000000000000100000001011100001010001010001111100000000000000000000000000000
