10001000111111110001110000101010000000000000000000000000000000000000000011111111111001001000011111101101100000000000000000000000000000010000000101000101001111000000100000000000000000000000000000000000111111110101000011000100101110100000000000000000000000000000001100000001100000010010100111101011100000000000000000000000000000
10001000111111110001110000101010000000000000000000000000000000000000000011111111111001001000011111101101100000000000000000000000000000010000000101000101001111000000100000000000000000000000000000000000111111110010001110101100000000000000000000000000000000000000001100000001100000001000001000111101100000000000000000000000000000
10001000111111110001110000101010000000000000000000000000000000000000000011111111111001001000011111101101100000000000000000000000000000010000000101000101001111000000100000000000000000000000000000000000111111101100101110011100111011100000000000000000000000000000001100000001100000010010100111101011100000000000000000000000000000
10001000111111110001110000101010000000000000000000000000000000000000000011111111111001001000011111101101100000000000000000000000000000010000000101000101001111000000100000000000000000000000000000000010111111101010000000111011111110000000000000000000000000000000001100000001100000001000001000111101100000000000000000000000000000
10001000111111110001110000101010000000000000000000000000000000000000000011111111111001001000011111101101100000000000000000000000000000010000000101000101001111000000100000000000000000000000000000000010111111110001010111101100100001011000000000000000000000000000001100000001100000010010100111101011100000000000000000000000000000
10001000111111110001110000101010000000000000000000000000000000000000000011111111111001001000011111101101100000000000000000000000000000010000000101000101001111000000100000000000000000000000000000000010111111110100100111100100111111010000000000000000000000000000001100000001100000001000001000111101100000000000000000000000000000
10001000111111110001110000101010000000000000000000000000000000000000000011111111111001001000011111101101100000000000000000000000000000010000000101010000000000010110111100000000000000000000000000000000111111110101010011100100100100000000000000000000000000000000001100000001100000100000010000101001000000000000000000000000000000
10001000111111110001110000101010000000000000000000000000000000000000000011111111111001001000011111101101100000000000000000000000000000010000000101010000000000010110111100000000000000000000000000000000111111110011010000101011010010100000000000000000000000000000001100000001100000101010101111010111000000000000000000000000000000
10001000111111110001110000101010000000000000000000000000000000000000000011111111111001001000011111101101100000000000000000000000000000010000000101010000000000010110111100000000000000000000000000000000111111101111110100011010111011100000000000000000000000000000001100000001100000100000010000101001000000000000000000000000000000
10001000111111110001110000101010000000000000000000000000000000000000000011111111111001001000011111101101100000000000000000000000000000010000000101010000000000010110111100000000000000000000000000000000111111100100011101111101000110000000000000000000000000000000001100000001100000101010101111010111000000000000000000000000000000
10001000111111110001110000101010000000000000000000000000000000000000000011111111111001001000011111101101100000000000000000000000000000010000000101010000000000010110111100000000000000000000000000000010111111101101100101011100011000000000000000000000000000000000001100000001100000100000010000101001000000000000000000000000000000
10001000111111110001110000101010000000000000000000000000000000000000000011111111111001001000011111101101100000000000000000000000000000010000000101010000000000010110111100000000000000000000000000000010111111110010001001001100000001000000000000000000000000000000001100000001100000101010101111010111000000000000000000000000000000
10001000111111110001110000101010000000000000000000000000000000000000000011111111111001001000011111101101100000000000000000000000000000010000000101010000000000010110111100000000000000000000000000000010111111110100101111110100111011000000000000000000000000000000001100000001100000100000010000101001000000000000000000000000000000
10001000111111110001110000101010000000000000000000000000000000000000000011111111111001001000011111101101100000000000000000000000000000010000000101010111010110000010101010000000000000000000000000000000111111110100101000000000100000010000000000000000000000000000001100000001100000001000001000111101100000000000000000000000000000
10001000111111110001110000101010000000000000000000000000000000000000000011111111111001001000011111101101100000000000000000000000000000010000000101010111010110000010101010000000000000000000000000000000111111110010000110111101000010100000000000000000000000000000001100000001100000010010100111101011100000000000000000000000000000
10001000111111110001110000101010000000000000000000000000000000000000000011111111111001001000011111101101100000000000000000000000000000010000000101010111010110000010101010000000000000000000000000000000111111101101111011110010001010000000000000000000000000000000001100000001100000001000001000111101100000000000000000000000000000
10001000111111110001110000101010000000000000000000000000000000000000000011111111111001001000011111101101100000000000000000000000000000010000000101010111010110000010101010000000000000000000000000000010111111011101100101011100010000000000000000000000000000000000001100000001100000010010100111101011100000000000000000000000000000
10001000111111110001110000101010000000000000000000000000000000000000000011111111111001001000011111101101100000000000000000000000000000010000000101010111010110000010101010000000000000000000000000000010111111101110101000011101101101000000000000000000000000000000001100000001100000001000001000111101100000000000000000000000000000
10001000111111110001110000101010000000000000000000000000000000000000000011111111111001001000011111101101100000000000000000000000000000010000000101010111010110000010101010000000000000000000000000000010111111110010011101010010110100000000000000000000000000000000001100000001100000010010100111101011100000000000000000000000000000
10001000111111110001110000101010000000000000000000000000000000000000000011111111111001001000011111101101100000000000000000000000000000010000000101010111010110000010101010000000000000000000000000000010111111110100110011001011011000111000000000000000000000000000001100000001100000001000001000111101100000000000000000000000000000
10001000111111110001110000101010000000000000000000000000000000000000000011111111111001001000011111101101100000000000000000000000000000010000000101100010010000000110001010000000000000000000000000000000111111110100111000110000110101010000000000000000000000000000001100000001100000101010101111010111000000000000000000000000000000
10001000111111110001110000101010000000000000000000000000000000000000000011111111111001001000011111101101100000000000000000000000000000010000000101100010010000000110001000000000000000000000000000000000111111110010111110110011011110100000000000000000000000000000001100000001100000100000010000101001000000000000000000000000000000
10001000111111110001110000101010000000000000000000000000000000000000000011111111111001001000011111101101100000000000000000000000000000010000000101100010010000000110001010000000000000000000000000000000111111110000001100000101010010000000000000000000000000000000001100000001100000101010101111010111000000000000000000000000000000
10001000111111110001110000101010000000000000000000000000000000000000000011111111111001001000011111101101100000000000000000000000000000010000000101100010010000000110001010000000000000000000000000000000111111101001100101011100011000000000000000000000000000000000001100000001100000100000010000101001000000000000000000000000000000
10001000111111110001110000101010000000000000000000000000000000000000000011111111111001001000011111101101100000000000000000000000000000010000000101100010010000000110001010000000000000000000000000000010111111101001100101011100011001000000000000000000000000000000001100000001100000101010101111010111000000000000000000000000000000
10001000111111110001110000101010000000000000000000000000000000000000000011111111111001001000011111101101100000000000000000000000000000010000000101100010010000000110001010000000000000000000000000000010111111110000001100000101010010001000000000000000000000000000001100000001100000100000010000101001000000000000000000000000000000
10001000111111110001110000101010000000000000000000000000000000000000000011111111111001001000011111101101100000000000000000000000000000010000000101100010010000000110001000000000000000000000000000000010111111110010111110110011011110010000000000000000000000000000001100000001100000101010101111010111000000000000000000000000000000
10001000111111110001110000101010000000000000000000000000000000000000000011111111111001001000011111101101100000000000000000000000000000010000000101100010010000000110001010000000000000000000000000000010111111110100111000110000110101010000000000000000000000000000001100000001100000100000010000101001000000000000000000000000000000
10001000111111110001110000101010000000000000000000000000000000000000000011111111111001001000011111101101100000000000000000000000000000010000000101101000111110011001100110000000000000000000000000000000111111110100010101011111010010110000000000000000000000000000001100000001100000010010100111101011100000000000000000000000000000
10001000111111110001110000101010000000000000000000000000000000000000000011111111111001001000011111101101100000000000000000000000000000010000000101101000111110011001100110000000000000000000000000000000111111110010000001101010011010100000000000000000000000000000001100000001100000001000001000111101100000000000000000000000000000
10001000111111110001110000101010000000000000000000000000000000000000000011111111111001001000011111101101100000000000000000000000000000010000000101101000111110011001101000000000000000000000000000000000111111101110110000101100011110000000000000000000000000000000001100000001100000010010100111101011100000000000000000000000000000
10001000111111110001110000101010000000000000000000000000000000000000000011111111111001001000011111101101100000000000000000000000000000010000000101101000111110011001100110000000000000000000000000000000111111100101111000010000100000000000000000000000000000000000001100000001100000001000001000111101100000000000000000000000000000
10001000111111110001110000101010000000000000000000000000000000000000000011111111111001001000011111101101100000000000000000000000000000010000000101101000111110011001100110000000000000000000000000000010111111101011101001001000100000000000000000000000000000000000001100000001100000010010100111101011100000000000000000000000000000
10001000111111110001110000101010000000000000000000000000000000000000000011111111111001001000011111101101100000000000000000000000000000010000000101101000111110011001100110000000000000000000000000000010111111110000100011100110010011010000000000000000000000000000001100000001100000001000001000111101100000000000000000000000000000
10001000111111110001110000101010000000000000000000000000000000000000000011111111111001001000011111101101100000000000000000000000000000010000000101101000111110011001100110000000000000000000000000000010111111110011001100111010011111000000000000000000000000000000001100000001100000010010100111101011100000000000000000000000000000
10001000111111110001110000101010000000000000000000000000000000000000000011111111111001001000011111101101100000000000000000000000000000010000000101101000111110011001100110000000000000000000000000000010111111110100111011000111010101001000000000000000000000000000001100000001100000001000001000111101100000000000000000000000000000
10010100111111110110011001100111000000000000000000000000000000000000000011111111111001001000011111101101100000000000000000000000000000010000000101000011101000011011011100000000000000000000000000000000111111110101000011000100101110100000000000000000000000000000001100000001101011100110001000011100100000000000000000000000000000
10010100111111110110011001100110000000000000000000000000000000000000000011111111111001001000011111101101100000000000000000000000000000010000000101000011101000011011011100000000000000000000000000000000111111110010001110101100000000000000000000000000000000000000001100000001101011011011101001101110100000000000000000000000000000
10010100111111110110011001100111000000000000000000000000000000000000000011111111111001001000011111101101100000000000000000000000000000010000000101000011101000011011011100000000000000000000000000000000111111101100101110011100111011100000000000000000000000000000001100000001101011100110001000011100100000000000000000000000000000
10010100111111110110011001100110000000000000000000000000000000000000000011111111111001001000011111101101100000000000000000000000000000010000000101000011101000011011011100000000000000000000000000000010111111101010000000111011111101000000000000000000000000000000001100000001101011011011101001101110100000000000000000000000000000
10010100111111110110011001100111000000000000000000000000000000000000000011111111111001001000011111101101100000000000000000000000000000010000000101000011101000011011011100000000000000000000000000000010111111110001010111101100100001011000000000000000000000000000001100000001101011100110001000011100100000000000000000000000000000
10010100111111110110011001100110000000000000000000000000000000000000000011111111111001001000011111101101100000000000000000000000000000010000000101000011101000011011011100000000000000000000000000000010111111110100100111100100111111010000000000000000000000000000001100000001101011011011101001101110100000000000000000000000000000
10010100111111110001110000101010000000000000000000000000000000000000000011111111111001001000011111101101100000000000000000000000000000010000000101001110001000010100011110000000000000000000000000000000111111110100010010011101110010100000000000000000000000000000001100000001101011111110010000001000000000000000000000000000000000
10010100111111110001110000101000000000000000000000000000000000000000000011111111111001001000011111101101100000000000000000000000000000010000000101001110001000010100011110000000000000000000000000000000111111110000111111001001010101000000000000000000000000000000001100000001101011110011110001011010000000000000000000000000000000
10010100111111110001110000101010000000000000000000000000000000000000000011111111111001001000011111101101100000000000000000000000000000010000000101001110001000010100011110000000000000000000000000000000111111101001100101011100010110000000000000000000000000000000001100000001101011111110010000001000000000000000000000000000000000
10010100111111110001110000101000000000000000000000000000000000000000000011111111111001001000011111101101100000000000000000000000000000010000000101001110001000010100011110000000000000000000000000000010111111101100011000110110010011100000000000000000000000000000001100000001101011110011110001011010000000000000000000000000000000
10010100111111110001110000101010000000000000000000000000000000000000000011111111111001001000011111101101100000000000000000000000000000010000000101001110001000010100011110000000000000000000000000000010111111110001110010001101011001101000000000000000000000000000001100000001101011111110010000001000000000000000000000000000000000
10010100111111110001110000101000000000000000000000000000000000000000000011111111111001001000011111101101100000000000000000000000000000010000000101001110001000010100100000000000000000000000000000000010111111110100101011111111110100100000000000000000000000000000001100000001101011110011110001011010000000000000000000000000000000
10010100111111110001110000101000000000000000000000000000000000000000000011111111111001001000011111101101100000000000000000000000000000010000000101010110011011011110011010000000000000000000000000000000111111110100101000000000100000010000000000000000000000000000001100000001101011011011101001101110100000000000000000000000000000
10010100111111110001110000101010000000000000000000000000000000000000000011111111111001001000011111101101100000000000000000000000000000010000000101010110011011011110011010000000000000000000000000000000111111110010000110111101000011000000000000000000000000000000001100000001101011100110001000011100100000000000000000000000000000
10010100111111110001110000101000000000000000000000000000000000000000000011111111111001001000011111101101100000000000000000000000000000010000000101010110011011011110011100000000000000000000000000000000111111101101111011110010001010000000000000000000000000000000001100000001101011011011101001101110100000000000000000000000000000
10010100111111110001110000101010000000000000000000000000000000000000000011111111111001001000011111101101100000000000000000000000000000010000000101010110011011011110011010000000000000000000000000000010111111011101100101011100010000000000000000000000000000000000001100000001101011100110001000011100100000000000000000000000000000
10010100111111110001110000101000000000000000000000000000000000000000000011111111111001001000011111101101100000000000000000000000000000010000000101010110011011011110011010000000000000000000000000000010111111101110101000011101101100100000000000000000000000000000001100000001101011011011101001101110100000000000000000000000000000
10010100111111110001110000101010000000000000000000000000000000000000000011111111111001001000011111101101100000000000000000000000000000010000000101010110011011011110011100000000000000000000000000000010111111110010011101010010110100001000000000000000000000000000001100000001101011100110001000011100100000000000000000000000000000
10010100111111110001110000101000000000000000000000000000000000000000000011111111111001001000011111101101100000000000000000000000000000010000000101010110011011011110011100000000000000000000000000000010111111110100110011001011011000111000000000000000000000000000001100000001101011011011101001101110100000000000000000000000000000
10010100111111110001110000101010000000000000000000000000000000000000000011111111111001001000011111101101100000000000000000000000000000010000000101100001001000011011000010000000000000000000000000000000111111110100111000110000110101010000000000000000000000000000001100000001101011111110010000001000000000000000000000000000000000
10010100111111110001110000101000000000000000000000000000000000000000000011111111111001001000011111101101100000000000000000000000000000010000000101100001001000011011000010000000000000000000000000000000111111110010111110110011011110100000000000000000000000000000001100000001101011110011110001011010000000000000000000000000000000
10010100111111110001110000101010000000000000000000000000000000000000000011111111111001001000011111101101100000000000000000000000000000010000000101100001001000011011000010000000000000000000000000000000111111110000001100000101010010000000000000000000000000000000001100000001101011111110010000001000000000000000000000000000000000
10010100111111110001110000101000000000000000000000000000000000000000000011111111111001001000011111101101100000000000000000000000000000010000000101100001001000011011000010000000000000000000000000000000111111101001100101011100011000000000000000000000000000000000001100000001101011110011110001011010000000000000000000000000000000
10010100111111110001110000101010000000000000000000000000000000000000000011111111111001001000011111101101100000000000000000000000000000010000000101100001001000011011000010000000000000000000000000000010111111101001100101011100011001000000000000000000000000000000001100000001101011111110010000001000000000000000000000000000000000
10010100111111110001110000101000000000000000000000000000000000000000000011111111111001001000011111101101100000000000000000000000000000010000000101100001001000011011000010000000000000000000000000000010111111110000001100000101010010001000000000000000000000000000001100000001101011110011110001011010000000000000000000000000000000
10010100111111110001110000101010000000000000000000000000000000000000000011111111111001001000011111101101100000000000000000000000000000010000000101100001001000011011000100000000000000000000000000000010111111110010111110110011011110011000000000000000000000000000001100000001101011111110010000001000000000000000000000000000000000
10010100111111110001110000101000000000000000000000000000000000000000000011111111111001001000011111101101100000000000000000000000000000010000000101100001001000011011000010000000000000000000000000000010111111110100111000110000110101010000000000000000000000000000001100000001101011110011110001011010000000000000000000000000000000
10010100111111110001110000101010000000000000000000000000000000000000000011111111111001001000011111101101100000000000000000000000000000010000000101101000111110011001100110000000000000000000000000000000111111110100010101011111010010110000000000000000000000000000001100000001101011100110001000011100100000000000000000000000000000
10010100111111110001110000101000000000000000000000000000000000000000000011111111111001001000011111101101100000000000000000000000000000010000000101101000111110011001100110000000000000000000000000000000111111110010000001101010011010100000000000000000000000000000001100000001101011011011101001101110100000000000000000000000000000
10010100111111110001110000101010000000000000000000000000000000000000000011111111111001001000011111101101100000000000000000000000000000010000000101101000111110011001101000000000000000000000000000000000111111101110110000101100011110000000000000000000000000000000001100000001101011100110001000011100100000000000000000000000000000
10010100111111110001110000101000000000000000000000000000000000000000000011111111111001001000011111101101100000000000000000000000000000010000000101101000111110011001100110000000000000000000000000000000111111100101111000010000100000000000000000000000000000000000001100000001101011011011101001101110100000000000000000000000000000
10010100111111110001110000101010000000000000000000000000000000000000000011111111111001001000011111101101100000000000000000000000000000010000000101101000111110011001100110000000000000000000000000000010111111101011101001001000100000000000000000000000000000000000001100000001101011100110001000011100100000000000000000000000000000
10010100111111110001110000101000000000000000000000000000000000000000000011111111111001001000011111101101100000000000000000000000000000010000000101101000111110011001100110000000000000000000000000000010111111110000100011100110010011010000000000000000000000000000001100000001101011011011101001101110100000000000000000000000000000
10010100111111110001110000101010000000000000000000000000000000000000000011111111111001001000011111101101100000000000000000000000000000010000000101101000111110011001100110000000000000000000000000000010111111110011001100111010011111000000000000000000000000000000001100000001101011100110001000011100100000000000000000000000000000
10010100111111110001110000101000000000000000000000000000000000000000000011111111111001001000011111101101100000000000000000000000000000010000000101101000111110011001100110000000000000000000000000000010111111110100111011000111010101001000000000000000000000000000001100000001101011011011101001101110100000000000000000000000000000
00000000000000000000000000000000000000000000000000000000000000000000000000000000000000000000000000000000000000000000000000000000000000000000000000000000000000000000000000000000000000000000000000000000000000000000000000000000000000000000000000000000000000000000000000000000000000000000000000000000000000000000000000000000000000
