10001100111111110001110000101000000000000000000000000000000000000000001011111111111001001000011111101101100000000000000000000000000000010000000101000101001111000000100000000000000000000000000000000010111111110100011001110101001010000000000000000000000000000000000100000001100011000110101100110011000000000000000000000000000000
10001100111111110001110000101000000000000000000000000000000000000000001011111111111001001000011111101101100000000000000000000000000000010000000101000101001111000000100000000000000000000000000000000010111111110000111100001100110100000000000000000000000000000000000100000001100011010001001011100001100000000000000000000000000000
10001100111111110001110000101000000000000000000000000000000000000000001011111111111001001000011111101101100000000000000000000000000000010000000101000101001111000000100000000000000000000000000000000010111111101000010010111101010000000000000000000000000000000000000100000001100011000110101100110011000000000000000000000000000000
10001100111111110001110000101000000000000000000000000000000000000000001011111111111001001000011111101101100000000000000000000000000000010000000101000101001111000000100000000000000000000000000000000000111111101101100101011100010101001000000000000000000000000000000100000001100011010001001011100001100000000000000000000000000000
10001100111111110001110000101000000000000000000000000000000000000000001011111111111001001000011111101101100000000000000000000000000000010000000101000101001111000000100000000000000000000000000000000000111111110010101010001011101010100000000000000000000000000000000100000001100011000110101100110011000000000000000000000000000000
10001100111111110001110000101000000000000000000000000000000000000000001011111111111001001000011111101101100000000000000000000000000000010000000101000101001111000000100000000000000000000000000000000000111111110101010000110100100101010000000000000000000000000000000100000001100011010001001011100001100000000000000000000000000000
10001100111111110001110000101000000000000000000000000000000000000000001011111111111001001000011111101101100000000000000000000000000000010000000101010000000000010110111100000000000000000000000000000010111111110101010011100100100010000000000000000000000000000000000100000001100011011110110100011110100000000000000000000000000000
10001100111111110001110000101000000000000000000000000000000000000000001011111111111001001000011111101101100000000000000000000000000000010000000101010000000000010110111100000000000000000000000000000010111111110011010000101011010100000000000000000000000000000000000100000001100011101001010011001101000000000000000000000000000000
10001100111111110001110000101000000000000000000000000000000000000000001011111111111001001000011111101101100000000000000000000000000000010000000101010000000000010110111100000000000000000000000000000010111111101111110100011010111000000000000000000000000000000000000100000001100011011110110100011110100000000000000000000000000000
10001100111111110001110000101000000000000000000000000000000000000000001011111111111001001000011111101101100000000000000000000000000000010000000101010000000000010110111100000000000000000000000000000010111111100100011101111100100000000000000000000000000000000000000100000001100011101001010011001101000000000000000000000000000000
10001100111111110001110000101000000000000000000000000000000000000000001011111111111001001000011111101101100000000000000000000000000000010000000101010000000000010110111100000000000000000000000000000000111111101101100101011100010101001000000000000000000000000000000100000001100011011110110100011110100000000000000000000000000000
10001100111111110001110000101000000000000000000000000000000000000000001011111111111001001000011111101101100000000000000000000000000000010000000101010000000000010110111100000000000000000000000000000000111111110010001001001100000010100000000000000000000000000000000100000001100011101001010011001101000000000000000000000000000000
10001100111111110001110000101000000000000000000000000000000000000000001011111111111001001000011111101101100000000000000000000000000000010000000101010000000000010110111100000000000000000000000000000000111111110100101111110100111011010000000000000000000000000000000100000001100011011110110100011110100000000000000000000000000000
10001100111111110001110000101000000000000000000000000000000000000000001011111111111001001000011111101101100000000000000000000000000000010000000101010111010110000010101010000000000000000000000000000010111111110100000110011111110110000000000000000000000000000000000100000001100011010001001011100001100000000000000000000000000000
10001100111111110001110000101000000000000000000000000000000000000000001011111111111001001000011111101101100000000000000000000000000000010000000101010111010110000010101010000000000000000000000000000010111111110001000011111011101100000000000000000000000000000000000100000001100011000110101100110011000000000000000000000000000000
10001100111111110001110000101000000000000000000000000000000000000000001011111111111001001000011111101101100000000000000000000000000000010000000101010111010110000010101010000000000000000000000000000010111111101011101011011110110000000000000000000000000000000000000100000001100011010001001011100001100000000000000000000000000000
10001100111111110001110000101000000000000000000000000000000000000000001011111111111001001000011111101101100000000000000000000000000000010000000101010111010110000010101100000000000000000000000000000000111111101000111000110000101010001000000000000000000000000000000100000001100011000110101100110011000000000000000000000000000000
10001100111111110001110000101000000000000000000000000000000000000000001011111111111001001000011111101101100000000000000000000000000000010000000101010111010110000010101100000000000000000000000000000000111111110000010111010000001010100000000000000000000000000000000100000001100011010001001011100001100000000000000000000000000000
10001100111111110001110000101000000000000000000000000000000000000000001011111111111001001000011111101101100000000000000000000000000000010000000101010111010110000010101010000000000000000000000000000000111111110011100000010100001010100000000000000000000000000000000100000001100011000110101100110011000000000000000000000000000000
10001100111111110001110000101000000000000000000000000000000000000000001011111111111001001000011111101101100000000000000000000000000000010000000101010111010110000010101010000000000000000000000000000000111111110101010100101100000101010000000000000000000000000000000100000001100011010001001011100001100000000000000000000000000000
10001100111111110001110000101000000000000000000000000000000000000000001011111111111001001000011111101101100000000000000000000000000000010000000101100010010000000110001010000000000000000000000000000010111111110100111000110000110100000000000000000000000000000000000100000001100011101001010011001101000000000000000000000000000000
10001100111111110001110000101000000000000000000000000000000000000000001011111111111001001000011111101101100000000000000000000000000000010000000101100010010000000110001010000000000000000000000000000010111111110010111110110011011100000000000000000000000000000000000100000001100011011110110100011110100000000000000000000000000000
10001100111111110001110000101000000000000000000000000000000000000000001011111111111001001000011111101101100000000000000000000000000000010000000101100010010000000110001000000000000000000000000000000010111111110000001100000101010000000000000000000000000000000000000100000001100011101001010011001101000000000000000000000000000000
10001100111111110001110000101000000000000000000000000000000000000000001011111111111001001000011111101101100000000000000000000000000000010000000101100010010000000110001010000000000000000000000000000010111111101001100101011100010000000000000000000000000000000000000100000001100011011110110100011110100000000000000000000000000000
10001100111111110001110000101000000000000000000000000000000000000000001011111111111001001000011111101101100000000000000000000000000000010000000101100010010000000110001010000000000000000000000000000000111111101001100101011100011010001000000000000000000000000000000100000001100011101001010011001101000000000000000000000000000000
10001100111111110001110000101000000000000000000000000000000000000000001011111111111001001000011111101101100000000000000000000000000000010000000101100010010000000110001010000000000000000000000000000000111111110000001100000101010010100000000000000000000000000000000100000001100011011110110100011110100000000000000000000000000000
10001100111111110001110000101000000000000000000000000000000000000000001011111111111001001000011111101101100000000000000000000000000000010000000101100010010000000110001010000000000000000000000000000000111111110010111110110011011110100000000000000000000000000000000100000001100011101001010011001101000000000000000000000000000000
10001100111111110001110000101000000000000000000000000000000000000000001011111111111001001000011111101101100000000000000000000000000000010000000101100010010000000110001000000000000000000000000000000000111111110100111000110000110101010000000000000000000000000000000100000001100011011110110100011110100000000000000000000000000000
10001100111111110001110000101000000000000000000000000000000000000000001011111111111001001000011111101101100000000000000000000000000000010000000101101000111110011001100110000000000000000000000000000010111111110101001101111011010110000000000000000000000000000000000100000001100011010001001011100001100000000000000000000000000000
10001100111111110001110000101000000000000000000000000000000000000000001011111111111001001000011111101101100000000000000000000000000000010000000101101000111110011001100110000000000000000000000000000010111111110011110010100010100000000000000000000000000000000000000100000001100011000110101100110011000000000000000000000000000000
10001100111111110001110000101000000000000000000000000000000000000000001011111111111001001000011111101101100000000000000000000000000000010000000101101000111110011001100110000000000000000000000000000010111111110001001001001110010100000000000000000000000000000000000100000001100011010001001011100001100000000000000000000000000000
10001100111111110001110000101000000000000000000000000000000000000000001011111111111001001000011111101101100000000000000000000000000000010000000101101000111110011001100110000000000000000000000000000010111111101100111111110100011000000000000000000000000000000000000100000001100011000110101100110011000000000000000000000000000000
10001100111111110001110000101000000000000000000000000000000000000000001011111111111001001000011111101101100000000000000000000000000000010000000101101000111110011001100110000000000000000000000000000000111111011100101101000001010001001000000000000000000000000000000100000001100011010001001011100001100000000000000000000000000000
10001100111111110001110000101000000000000000000000000000000000000000001011111111111001001000011111101101100000000000000000000000000000010000000101101000111110011001100110000000000000000000000000000000111111101101100101011100010101001000000000000000000000000000000100000001100011000110101100110011000000000000000000000000000000
10001100111111110001110000101000000000000000000000000000000000000000001011111111111001001000011111101101100000000000000000000000000000010000000101101000111110011001100110000000000000000000000000000000111111110001011100000010011010100000000000000000000000000000000100000001100011010001001011100001100000000000000000000000000000
10001100111111110001110000101000000000000000000000000000000000000000001011111111111001001000011111101101100000000000000000000000000000010000000101101000111110011001100110000000000000000000000000000000111111110100000010101011010001010000000000000000000000000000000100000001100011000110101100110011000000000000000000000000000000
10011000111111110110011001100110000000000000000000000000000000000000001011111111111001001000011111101101100000000000000000000000000000010000000101000011101000011011011100000000000000000000000000000010111111110100011001110101001010000000000000000000000000000000000100000001110000011011010110011001100000000000000000000000000000
10011000111111110110011001100110000000000000000000000000000000000000001011111111111001001000011111101101100000000000000000000000000000010000000101000011101000011011011100000000000000000000000000000010111111110000111100001100110100000000000000000000000000000000000100000001110000100000100101110000100000000000000000000000000000
10011000111111110110011001100110000000000000000000000000000000000000001011111111111001001000011111101101100000000000000000000000000000010000000101000011101000011011011100000000000000000000000000000010111111101000010010111101010000000000000000000000000000000000000100000001110000011011010110011001100000000000000000000000000000
10011000111111110110011001100110000000000000000000000000000000000000001011111111111001001000011111101101100000000000000000000000000000010000000101000011101000011011011100000000000000000000000000000000111111101101100101011100010101001000000000000000000000000000000100000001110000100000100101110000100000000000000000000000000000
10011000111111110110011001100110000000000000000000000000000000000000001011111111111001001000011111101101100000000000000000000000000000010000000101000011101000011011011100000000000000000000000000000000111111110010101010001011101010100000000000000000000000000000000100000001110000011011010110011001100000000000000000000000000000
10011000111111110110011001100110000000000000000000000000000000000000001011111111111001001000011111101101100000000000000000000000000000010000000101000011101000011011011100000000000000000000000000000000111111110101010000110100100101010000000000000000000000000000000100000001110000100000100101110000100000000000000000000000000000
10011000111111110110011001100110000000000000000000000000000000000000001011111111111001001000011111101101100000000000000000000000000000010000000101001110001000010100011110000000000000000000000000000010111111110100111000110000110100000000000000000000000000000000000100000001110000100111011010001111100000000000000000000000000000
10011000111111110110011001100110000000000000000000000000000000000000001011111111111001001000011111101101100000000000000000000000000000010000000101001110001000010100011110000000000000000000000000000010111111110010001011101111011000000000000000000000000000000000000100000001110000101100101001100110100000000000000000000000000000
10011000111111110110011001100110000000000000000000000000000000000000001011111111111001001000011111101101100000000000000000000000000000010000000101001110001000010100011110000000000000000000000000000010111111101101001011111010011000000000000000000000000000000000000100000001110000100111011010001111100000000000000000000000000000
10011000111111110110011001100110000000000000000000000000000000000000001011111111111001001000011111101101100000000000000000000000000000010000000101001110001000010100011110000000000000000000000000000000111111100111111110101000010100010000000000000000000000000000000100000001110000101100101001100110100000000000000000000000000000
10011000111111110110011001100110000000000000000000000000000000000000001011111111111001001000011111101101100000000000000000000000000000010000000101001110001000010100011110000000000000000000000000000000111111110000100101100111010010100000000000000000000000000000000100000001110000100111011010001111100000000000000000000000000000
10011000111111110110011001100110000000000000000000000000000000000000001011111111111001001000011111101101100000000000000000000000000000010000000101001110001000010100011110000000000000000000000000000000111111110100000101101100110001010000000000000000000000000000000100000001110000101100101001100110100000000000000000000000000000
10011000111111110001110000101000000000000000000000000000000000000000001011111111111001001000011111101101100000000000000000000000000000010000000101010110011011011110011010000000000000000000000000000010111111110101101011000001110100000000000000000000000000000000000100000001110000011011010110011001100000000000000000000000000000
10011000111111110001110000101100000000000000000000000000000000000000001011111111111001001000011111101101100000000000000000000000000000010000000101010110011011011110011100000000000000000000000000000010111111110100000110011111110110000000000000000000000000000000000100000001110000100000100101110000100000000000000000000000000000
10011000111111110001110000101000000000000000000000000000000000000000001011111111111001001000011111101101100000000000000000000000000000010000000101010110011011011110011010000000000000000000000000000010111111110001000011111011101100000000000000000000000000000000000100000001110000011011010110011001100000000000000000000000000000
10011000111111110001110000101100000000000000000000000000000000000000001011111111111001001000011111101101100000000000000000000000000000010000000101010110011011011110011010000000000000000000000000000010111111101011101011011110110000000000000000000000000000000000000100000001110000100000100101110000100000000000000000000000000000
10011000111111110001110000101000000000000000000000000000000000000000001011111111111001001000011111101101100000000000000000000000000000010000000101010110011011011110011010000000000000000000000000000000111111101000111000110000101010001000000000000000000000000000000100000001110000011011010110011001100000000000000000000000000000
10011000111111110001110000101100000000000000000000000000000000000000001011111111111001001000011111101101100000000000000000000000000000010000000101010110011011011110011010000000000000000000000000000000111111110000010111010000001010100000000000000000000000000000000100000001110000100000100101110000100000000000000000000000000000
10011000111111110001110000101000000000000000000000000000000000000000001011111111111001001000011111101101100000000000000000000000000000010000000101010110011011011110011010000000000000000000000000000000111111110011100000010100001010100000000000000000000000000000000100000001110000011011010110011001100000000000000000000000000000
10011000111111110001110000101100000000000000000000000000000000000000001011111111111001001000011111101101100000000000000000000000000000010000000101010110011011011110011010000000000000000000000000000000111111110101010100101100000011010000000000000000000000000000000100000001110000100000100101110000100000000000000000000000000000
10011000111111110001110000101000000000000000000000000000000000000000001011111111111001001000011111101101100000000000000000000000000000010000000101100001001000011011000010000000000000000000000000000010111111110100111000110000110100000000000000000000000000000000000100000001110000101100101001100110100000000000000000000000000000
10011000111111110001110000101100000000000000000000000000000000000000001011111111111001001000011111101101100000000000000000000000000000010000000101100001001000011011000010000000000000000000000000000010111111110010111110110011011100000000000000000000000000000000000100000001110000100111011010001111100000000000000000000000000000
10011000111111110001110000101000000000000000000000000000000000000000001011111111111001001000011111101101100000000000000000000000000000010000000101100001001000011011000010000000000000000000000000000010111111110000001100000101010000000000000000000000000000000000000100000001110000101100101001100110100000000000000000000000000000
10011000111111110001110000101100000000000000000000000000000000000000001011111111111001001000011111101101100000000000000000000000000000010000000101100001001000011011000010000000000000000000000000000010111111101001100101011100010000000000000000000000000000000000000100000001110000100111011010001111100000000000000000000000000000
10011000111111110001110000101000000000000000000000000000000000000000001011111111111001001000011111101101100000000000000000000000000000010000000101100001001000011011000010000000000000000000000000000000111111101001100101011100011010001000000000000000000000000000000100000001110000101100101001100110100000000000000000000000000000
10011000111111110001110000101100000000000000000000000000000000000000001011111111111001001000011111101101100000000000000000000000000000010000000101100001001000011011000010000000000000000000000000000000111111110000001100000101010010100000000000000000000000000000000100000001110000100111011010001111100000000000000000000000000000
10011000111111110001110000101000000000000000000000000000000000000000001011111111111001001000011111101101100000000000000000000000000000010000000101100001001000011011000010000000000000000000000000000000111111110010111110110011011110100000000000000000000000000000000100000001110000101100101001100110100000000000000000000000000000
10011000111111110001110000101100000000000000000000000000000000000000001011111111111001001000011111101101100000000000000000000000000000010000000101100001001000011011000010000000000000000000000000000000111111110100111000110000110101010000000000000000000000000000000100000001110000100111011010001111100000000000000000000000000000
10011000111111110001110000101100000000000000000000000000000000000000001011111111111001001000011111101101100000000000000000000000000000010000000101101000111110011001100110000000000000000000000000000010111111110101001101111011010110000000000000000000000000000000000100000001110000100000100101110000100000000000000000000000000000
10011000111111110001110000101000000000000000000000000000000000000000001011111111111001001000011111101101100000000000000000000000000000010000000101101000111110011001100110000000000000000000000000000010111111110011110010100010100000000000000000000000000000000000000100000001110000011011010110011001100000000000000000000000000000
10011000111111110001110000101100000000000000000000000000000000000000001011111111111001001000011111101101100000000000000000000000000000010000000101101000111110011001100110000000000000000000000000000010111111110001001001001110010100000000000000000000000000000000000100000001110000100000100101110000100000000000000000000000000000
10011000111111110001110000101000000000000000000000000000000000000000001011111111111001001000011111101101100000000000000000000000000000010000000101101000111110011001100110000000000000000000000000000010111111101100111111110100011000000000000000000000000000000000000100000001110000011011010110011001100000000000000000000000000000
10011000111111110001110000101100000000000000000000000000000000000000001011111111111001001000011111101101100000000000000000000000000000010000000101101000111110011001100110000000000000000000000000000000111111011100101101000001010001001000000000000000000000000000000100000001110000100000100101110000100000000000000000000000000000
10011000111111110001110000101000000000000000000000000000000000000000001011111111111001001000011111101101100000000000000000000000000000010000000101101000111110011001100110000000000000000000000000000000111111101101100101011100010101001000000000000000000000000000000100000001110000011011010110011001100000000000000000000000000000
10011000111111110001110000101100000000000000000000000000000000000000001011111111111001001000011111101101100000000000000000000000000000010000000101101000111110011001100110000000000000000000000000000000111111110001011100000010011010100000000000000000000000000000000100000001110000100000100101110000100000000000000000000000000000
10011000111111110001110000101000000000000000000000000000000000000000001011111111111001001000011111101101100000000000000000000000000000010000000101101000111110011001100110000000000000000000000000000000111111110100000010101011010001010000000000000000000000000000000100000001110000011011010110011001100000000000000000000000000000
