10101000111111110001110000101001000000000000000000000000000000000000000000000000000000000000000000000000000000000000000000000000000000010000000101110000001111101011100010000000000000000000000000000010111111110001100101011100011001000000000000000000000000000000001100000000010010110101010101010010000000000000000000000000000000
10101000111111110001110000101001000000000000000000000000000000000000000000000000000000000000000000000000000000000000000000000000000000010000000101110000100000111101011100000000000000000000000000000010111111110001100101011100011001000000000000000000000000000000001100000000101101100001111010000100000000000000000000000000000000
10101000111111110001110000101001000000000000000000000000000000000000000000000000000000000000000000000000000000000000000000000000000000010000000101110000001111101011100010000000000000000000000000000010111111110001100101011100011001000000000000000000000000000000001100000000111000100100001000100110100000000000000000000000000000
10101000111111110001110000101001000000000000000000000000000000000000000000000000000000000000000000000000000000000000000000000000000000010000000101110000100000111101011100000000000000000000000000000010111111110001100101011100011000000000000000000000000000000000001100000001000001010101011010000111000000000000000000000000000000
10101000111111110001110000101001000000000000000000000000000000000000000000000000000000000000000000000000000000000000000000000000000000010000000101110000001111101011100010000000000000000000000000000010111111110001100101011100011000000000000000000000000000000000001100000001000110001001000010111110000000000000000000000000000000
10101000111111110001110000101001000000000000000000000000000000000000000000000000000000000000000000000000000000000000000000000000000000010000000101110000100000111101011100000000000000000000000000000010111111110001100101011100011000000000000000000000000000000000001100000001001011001101111001110111000000000000000000000000000000
10101000111111110001110000101001000000000000000000000000000000000000000000000000000000000000000000000000000000000000000000000000000000010000000101110000001111101011100010000000000000000000000000000010111111110001100101011100011000000000000000000000000000000000001100000001001111110111100000010000100000000000000000000000000000
10101000111111110001110000101001000000000000000000000000000000000000000000000000000000000000000000000000000000000000000000000000000000010000000101110000100000111101011100000000000000000000000000000010111111110001100101011100011000000000000000000000000000000000001100000001010010011110111011011111100000000000000000000000000000
10101000111111110001110000101001000000000000000000000000000000000000000000000000000000000000000000000000000000000000000000000000000000010000000101110000001111101011100010000000000000000000000000000010111111110001100101011100011000000000000000000000000000000000001100000001010100110000100001111001000000000000000000000000000000
10101000111111110001110000101001000000000000000000000000000000000000000000000000000000000000000000000000000000000000000000000000000000010000000101110000100000111101011100000000000000000000000000000010111111110001100101011100011000000000000000000000000000000000001100000001010111010100011100101011000000000000000000000000000000
10101000111111110001110000101001000000000000000000000000000000000000000000000000000000000000000000000000000000000000000000000000000000010000000101110000001111101011100010000000000000000000000000000010111111110001100101011100011000000000000000000000000000000000001100000001011001100101100000010000100000000000000000000000000000
10101000111111110001110000101001000000000000000000000000000000000000000000000000000000000000000000000000000000000000000000000000000000010000000101110000100000111101011100000000000000000000000000000010111111110001100101011100011000000000000000000000000000000000001100000001011100001010001011010001000000000000000000000000000000
10101000111111110001110000101000100000101000000000000000000000000000000000000000000000000000000000000000000000000000000000000000000000010000000101101101000101011100001010000000000000000000000000000010111111101110000000111100001000000000000000000000000000000000001100000000010010110101010101010010000000000000000000000000000000
10101000111111110001110000101000100000101000000000000000000000000000000000000000000000000000000000000000000000000000000000000000000000010000000101101101010110101110000110000000000000000000000000000010111111101110000000111100001000000000000000000000000000000000001100000000101101100001111010000100000000000000000000000000000000
10101000111111110001110000101000100000101000000000000000000000000000000000000000000000000000000000000000000000000000000000000000000000010000000101101101000101011100001010000000000000000000000000000010111111101110000000111100001000000000000000000000000000000000001100000000111000100100001000100110100000000000000000000000000000
10101000111111110001110000101000100000101000000000000000000000000000000000000000000000000000000000000000000000000000000000000000000000010000000101101101010110101110000110000000000000000000000000000010111111101110000000111100001000000000000000000000000000000000001100000001000001010101011010000111000000000000000000000000000000
10101000111111110001110000101000100000101000000000000000000000000000000000000000000000000000000000000000000000000000000000000000000000010000000101101101000101011100001010000000000000000000000000000010111111101110000000111100001000000000000000000000000000000000001100000001000110001001000010111110000000000000000000000000000000
10101000111111110001110000101000100000101000000000000000000000000000000000000000000000000000000000000000000000000000000000000000000000010000000101101101010110101110000110000000000000000000000000000010111111101110000000111100001000000000000000000000000000000000001100000001001011001101111001110111000000000000000000000000000000
10101000111111110001110000101000100000101000000000000000000000000000000000000000000000000000000000000000000000000000000000000000000000010000000101101101000101011100001010000000000000000000000000000010111111101110000000111100001000000000000000000000000000000000001100000001001111110111100000010000100000000000000000000000000000
10101000111111110001110000101000100000101000000000000000000000000000000000000000000000000000000000000000000000000000000000000000000000010000000101101101010110101110000110000000000000000000000000000010111111101110000000111100001000000000000000000000000000000000001100000001010010011110111011011111100000000000000000000000000000
10101000111111110001110000101000100000101000000000000000000000000000000000000000000000000000000000000000000000000000000000000000000000010000000101101101000101011100001010000000000000000000000000000010111111101110000000111100001000000000000000000000000000000000001100000001010100110000100001111001000000000000000000000000000000
10101000111111110001110000101000100000101000000000000000000000000000000000000000000000000000000000000000000000000000000000000000000000010000000101101101010110101110000110000000000000000000000000000010111111101110000000111100001000000000000000000000000000000000001100000001010111010100011100101011000000000000000000000000000000
10101000111111110001110000101000100000101000000000000000000000000000000000000000000000000000000000000000000000000000000000000000000000010000000101101101000101011100001010000000000000000000000000000010111111101110000000111100001000000000000000000000000000000000001100000001011001100101100000010000100000000000000000000000000000
10101000111111110001110000101000100000101000000000000000000000000000000000000000000000000000000000000000000000000000000000000000000000010000000101101101010110101110000110000000000000000000000000000010111111101110000000111100001000000000000000000000000000000000001100000001011100001010001011010001000000000000000000000000000000
10101000111111110001110000101001100100100000000000000000000000000000000000000000000000000000000000000000000000000000000000000000000000010000000101101101000101011100001010000000000000000000000000000000111111101100010010111101001110000000000000000000000000000000001100000000010010110101010101010010000000000000000000000000000000
10101000111111110001110000101000100110100000000000000000000000000000000000000000000000000000000000000000000000000000000000000000000000010000000101101101010110101110000110000000000000000000000000000000111111101100010010111101001110000000000000000000000000000000001100000000101101100001111010000100000000000000000000000000000000
10101000111111110001110000101001100100100000000000000000000000000000000000000000000000000000000000000000000000000000000000000000000000010000000101101101000101011100001010000000000000000000000000000000111111101100010010111101001110000000000000000000000000000000001100000000111000100100001000100110100000000000000000000000000000
10101000111111110001110000101000100110100000000000000000000000000000000000000000000000000000000000000000000000000000000000000000000000010000000101101101010110101110000110000000000000000000000000000000111111101100010010111101001110000000000000000000000000000000001100000001000001010101011010000111000000000000000000000000000000
10101000111111110001110000101001100100100000000000000000000000000000000000000000000000000000000000000000000000000000000000000000000000010000000101101101000101011100001010000000000000000000000000000000111111101100010010111101001110000000000000000000000000000000001100000001000110001001000010111110000000000000000000000000000000
10101000111111110001110000101000100110100000000000000000000000000000000000000000000000000000000000000000000000000000000000000000000000010000000101101101010110101110000110000000000000000000000000000000111111101100010010111101001110000000000000000000000000000000001100000001001011001101111001110111000000000000000000000000000000
10101000111111110001110000101001100100100000000000000000000000000000000000000000000000000000000000000000000000000000000000000000000000010000000101101101000101011100001010000000000000000000000000000000111111101100010010111101001110000000000000000000000000000000001100000001001111110111100000010000100000000000000000000000000000
10101000111111110001110000101000100110100000000000000000000000000000000000000000000000000000000000000000000000000000000000000000000000010000000101101101010110101110000110000000000000000000000000000000111111101100010010111101001110000000000000000000000000000000001100000001010010011110111011011111100000000000000000000000000000
10101000111111110001110000101001100100100000000000000000000000000000000000000000000000000000000000000000000000000000000000000000000000010000000101101101000101011100001010000000000000000000000000000000111111101100010010111101001110000000000000000000000000000000001100000001010100110000100001111001000000000000000000000000000000
10101000111111110001110000101000100110100000000000000000000000000000000000000000000000000000000000000000000000000000000000000000000000010000000101101101010110101110000110000000000000000000000000000000111111101100010010111101001110000000000000000000000000000000001100000001010111010100011100101011000000000000000000000000000000
10101000111111110001110000101001100100100000000000000000000000000000000000000000000000000000000000000000000000000000000000000000000000010000000101101101000101011100001010000000000000000000000000000000111111101100010010111101001110000000000000000000000000000000001100000001011001100101100000010000100000000000000000000000000000
10101000111111110001110000101000100110100000000000000000000000000000000000000000000000000000000000000000000000000000000000000000000000010000000101101101010110101110000110000000000000000000000000000000111111101100010010111101001110000000000000000000000000000000001100000001011100001010001011010001000000000000000000000000000000
10101000111111110001110000101001001000000000000000000000000000000000000000000000000000000000000000000000000000000000000000000000000000010000000101110000001111101011100010000000000000000000000000000000111111110000101110011100111100000000000000000000000000000000001100000000010010110101010101010010000000000000000000000000000000
10101000111111110001110000101001010010000000000000000000000000000000000000000000000000000000000000000000000000000000000000000000000000010000000101110000100000111101011100000000000000000000000000000000111111110000101110011100111100000000000000000000000000000000001100000000101101100001111010000100000000000000000000000000000000
10101000111111110001110000101001001000000000000000000000000000000000000000000000000000000000000000000000000000000000000000000000000000010000000101110000001111101011100010000000000000000000000000000000111111110000101110011100111100000000000000000000000000000000001100000000111000100100001000100110100000000000000000000000000000
10101000111111110001110000101001010010000000000000000000000000000000000000000000000000000000000000000000000000000000000000000000000000010000000101110000100000111101011100000000000000000000000000000000111111110000101110011100111100000000000000000000000000000000001100000001000001010101011010000111000000000000000000000000000000
10101000111111110001110000101001001000000000000000000000000000000000000000000000000000000000000000000000000000000000000000000000000000010000000101110000001111101011100010000000000000000000000000000000111111110000101110011100111100000000000000000000000000000000001100000001000110001001000010111110000000000000000000000000000000
10101000111111110001110000101001010010000000000000000000000000000000000000000000000000000000000000000000000000000000000000000000000000010000000101110000100000111101011100000000000000000000000000000000111111110000101110011100111100000000000000000000000000000000001100000001001011001101111001110111000000000000000000000000000000
10101000111111110001110000101001001000000000000000000000000000000000000000000000000000000000000000000000000000000000000000000000000000010000000101110000001111101011100010000000000000000000000000000000111111110000101110011100111100000000000000000000000000000000001100000001001111110111100000010000100000000000000000000000000000
10101000111111110001110000101001010010000000000000000000000000000000000000000000000000000000000000000000000000000000000000000000000000010000000101110000100000111101011100000000000000000000000000000000111111110000101110011100111100000000000000000000000000000000001100000001010010011110111011011111100000000000000000000000000000
10101000111111110001110000101001001000000000000000000000000000000000000000000000000000000000000000000000000000000000000000000000000000010000000101110000001111101011100010000000000000000000000000000000111111110000101110011100111100000000000000000000000000000000001100000001010100110000100001111001000000000000000000000000000000
10101000111111110001110000101001010010000000000000000000000000000000000000000000000000000000000000000000000000000000000000000000000000010000000101110000100000111101011100000000000000000000000000000000111111110000101110011100111100000000000000000000000000000000001100000001010111010100011100101011000000000000000000000000000000
10101000111111110001110000101001001000000000000000000000000000000000000000000000000000000000000000000000000000000000000000000000000000010000000101110000001111101011100010000000000000000000000000000000111111110000101110011100111100000000000000000000000000000000001100000001011001100101100000010000100000000000000000000000000000
10101000111111110001110000101001010010000000000000000000000000000000000000000000000000000000000000000000000000000000000000000000000000010000000101110000100000111101011100000000000000000000000000000000111111110000101110011100111100000000000000000000000000000000001100000001011100001010001011010001000000000000000000000000000000
10101000111111110001110000101000101000100000000000000000000000000000000000000000000000000000000000000000000000000000000000000000000000010000000101110000001111101011100000000000000000000000000000000000111111110100111100001100110010100000000000000000000000000000001100000000010010110101010101010010000000000000000000000000000000
10101000111111110001110000101001100001010000000000000000000000000000000000000000000000000000000000000000000000000000000000000000000000010000000101110000100000111101011100000000000000000000000000000000111111110100111100001100110010100000000000000000000000000000001100000000101101100001111010000100000000000000000000000000000000
10101000111111110001110000101000101000100000000000000000000000000000000000000000000000000000000000000000000000000000000000000000000000010000000101110000001111101011100000000000000000000000000000000000111111110100111100001100110010100000000000000000000000000000001100000000111000100100001000100110100000000000000000000000000000
10101000111111110001110000101001100001010000000000000000000000000000000000000000000000000000000000000000000000000000000000000000000000010000000101110000100000111101011100000000000000000000000000000000111111110100111100001100110010100000000000000000000000000000001100000001000001010101011010000111000000000000000000000000000000
10101000111111110001110000101000101000100000000000000000000000000000000000000000000000000000000000000000000000000000000000000000000000010000000101110000001111101011100000000000000000000000000000000000111111110100111100001100110010100000000000000000000000000000001100000001000110001001000010111110000000000000000000000000000000
10101000111111110001110000101001100001010000000000000000000000000000000000000000000000000000000000000000000000000000000000000000000000010000000101110000100000111101011100000000000000000000000000000000111111110100111100001100110010100000000000000000000000000000001100000001001011001101111001110111000000000000000000000000000000
10101000111111110001110000101000101000100000000000000000000000000000000000000000000000000000000000000000000000000000000000000000000000010000000101110000001111101011100000000000000000000000000000000000111111110100111100001100110010100000000000000000000000000000001100000001001111110111100000010000100000000000000000000000000000
10101000111111110001110000101001100001010000000000000000000000000000000000000000000000000000000000000000000000000000000000000000000000010000000101110000100000111101011100000000000000000000000000000000111111110100111100001100110010100000000000000000000000000000001100000001010010011110111011011111100000000000000000000000000000
10101000111111110001110000101000101000100000000000000000000000000000000000000000000000000000000000000000000000000000000000000000000000010000000101110000001111101011100000000000000000000000000000000000111111110100111100001100110010100000000000000000000000000000001100000001010100110000100001111001000000000000000000000000000000
10101000111111110001110000101001100001010000000000000000000000000000000000000000000000000000000000000000000000000000000000000000000000010000000101110000100000111101011100000000000000000000000000000000111111110100111100001100110010100000000000000000000000000000001100000001010111010100011100101011000000000000000000000000000000
10101000111111110001110000101000101000100000000000000000000000000000000000000000000000000000000000000000000000000000000000000000000000010000000101110000001111101011100000000000000000000000000000000000111111110100111100001100110010100000000000000000000000000000001100000001011001100101100000010000100000000000000000000000000000
10101000111111110001110000101001100001010000000000000000000000000000000000000000000000000000000000000000000000000000000000000000000000010000000101110000100000111101011100000000000000000000000000000000111111110100111100001100110010100000000000000000000000000000001100000001011100001010001011010001000000000000000000000000000000
10101000111111110001110000101000100000101000000000000000000000000000000000000000000000000000000000000000000000000000000000000000000000010000000101101101000101011100001010000000000000000000000000000010111111110100000101001101010110100000000000000000000000000000001100000000010010110101010101010010000000000000000000000000000000
10101000111111110001110000101000100000101000000000000000000000000000000000000000000000000000000000000000000000000000000000000000000000010000000101101101010110101110000110000000000000000000000000000010111111110100000101001101010110100000000000000000000000000000001100000000101101100001111010000100000000000000000000000000000000
10101000111111110001110000101000100000101000000000000000000000000000000000000000000000000000000000000000000000000000000000000000000000010000000101101101000101011100001010000000000000000000000000000010111111110100000101001101010110100000000000000000000000000000001100000000111000100100001000100110100000000000000000000000000000
10101000111111110001110000101000100000101000000000000000000000000000000000000000000000000000000000000000000000000000000000000000000000010000000101101101010110101110000110000000000000000000000000000010111111110100000101001101010110100000000000000000000000000000001100000001000001010101011010000111000000000000000000000000000000
10101000111111110001110000101000100000101000000000000000000000000000000000000000000000000000000000000000000000000000000000000000000000010000000101101101000101011100001010000000000000000000000000000010111111110100000101001101010110100000000000000000000000000000001100000001000110001001000010111110000000000000000000000000000000
10101000111111110001110000101000100000101000000000000000000000000000000000000000000000000000000000000000000000000000000000000000000000010000000101101101010110101110000110000000000000000000000000000010111111110100000101001101010110100000000000000000000000000000001100000001001011001101111001110111000000000000000000000000000000
10101000111111110001110000101000100000101000000000000000000000000000000000000000000000000000000000000000000000000000000000000000000000010000000101101101000101011100001010000000000000000000000000000010111111110100000101001101010110100000000000000000000000000000001100000001001111110111100000010000100000000000000000000000000000
10101000111111110001110000101000100000101000000000000000000000000000000000000000000000000000000000000000000000000000000000000000000000010000000101101101010110101110000110000000000000000000000000000010111111110100000101001101010110100000000000000000000000000000001100000001010010011110111011011111100000000000000000000000000000
10101000111111110001110000101000100000101000000000000000000000000000000000000000000000000000000000000000000000000000000000000000000000010000000101101101000101011100001010000000000000000000000000000010111111110100000101001101010110100000000000000000000000000000001100000001010100110000100001111001000000000000000000000000000000
10101000111111110001110000101000100000101000000000000000000000000000000000000000000000000000000000000000000000000000000000000000000000010000000101101101010110101110000110000000000000000000000000000010111111110100000101001101010110100000000000000000000000000000001100000001010111010100011100101011000000000000000000000000000000
10101000111111110001110000101000100000101000000000000000000000000000000000000000000000000000000000000000000000000000000000000000000000010000000101101101000101011100001010000000000000000000000000000010111111110100000101001101010110100000000000000000000000000000001100000001011001100101100000010000100000000000000000000000000000
10101000111111110001110000101000100000101000000000000000000000000000000000000000000000000000000000000000000000000000000000000000000000010000000101101101010110101110000110000000000000000000000000000010111111110100000101001101010110100000000000000000000000000000001100000001011100001010001011010001000000000000000000000000000000
