11111000111111110001000111101011100000000000000000000000000000000000000011110010100001101001100010011101000000000000000000000000000000010000000100101001101101101100100010000000000000000000000000000010111111110101100101011100011000010000000000000000000000000000001011110010010000011011001111100001000000000000000000000000000000
11111000111111110001000111101100000000000000000000000000000000000000000000000000000000000000000000000000000000000000000000000000000000010000000100101000101001010110000010000000000000000000000000000010111111110101100101011100011000010000000000000000000000000000000100000000010010001001011010010001100000000000000000000000000000
11111000111111110001000111101011100000000000000000000000000000000000000000000000000000000000000000000000000000000000000000000000000000010000000100101001101101101100100010000000000000000000000000000010111111110101100101011100011000010000000000000000000000000000000100000000100010011101010101010111000000000000000000000000000000
11111000111111110001000111101100000000000000000000000000000000000000000000000000000000000000000000000000000000000000000000000000000000010000000100101000101001010110000010000000000000000000000000000010111111110101100101011100011000010000000000000000000000000000000100000000101011001110000111100101000000000000000000000000000000
11111000111111110001000111101011100000000000000000000000000000000000000000000000000000000000000000000000000000000000000000000000000000010000000100101001101101101100100010000000000000000000000000000010111111110101100101011100011000010000000000000000000000000000000100000000110010011001010110011011000000000000000000000000000000
11111000111111110001000111101100000000000000000000000000000000000000000000000000000000000000000000000000000000000000000000000000000000010000000100101000101001010110000010000000000000000000000000000010111111110101100101011100011000010000000000000000000000000000000100000000110110100111110110001011000000000000000000000000000000
11111000111111110001000111101011100000000000000000000000000000000000000000000000000000000000000000000000000000000000000000000000000000010000000100101001101101101100100010000000000000000000000000000010111111110101100101011100011000010000000000000000000000000000000100000000111011100000000001101001000000000000000000000000000000
11111000111111110001000111101100000000000000000000000000000000000000000000000000000000000000000000000000000000000000000000000000000000010000000100101000101001010110000010000000000000000000000000000010111111110101100101011100011000010000000000000000000000000000000100000000111111100100101100101001100000000000000000000000000000
11111000111111110001000111101100000000000000000000000000000000000000000000000000000000000000000000000000000000000000000000000000000000010000000100101000101001010110000010000000000000000000000000000010111111110101100101011100011000010000000000000000000000000000001100000000010010001001011010010001100000000000000000000000000000
11111000111111110001000111101011100000000000000000000000000000000000000000000000000000000000000000000000000000000000000000000000000000010000000100101001101101101100100010000000000000000000000000000010111111110101100101011100011000010000000000000000000000000000001100000000100010011101010101010111000000000000000000000000000000
11111000111111110001000111101100000000000000000000000000000000000000000000000000000000000000000000000000000000000000000000000000000000010000000100101000101001010110000010000000000000000000000000000010111111110101100101011100011000010000000000000000000000000000001100000000101011001110000111100101000000000000000000000000000000
11111000111111110001000111101011100000000000000000000000000000000000000000000000000000000000000000000000000000000000000000000000000000010000000100101001101101101100100010000000000000000000000000000010111111110101100101011100011000010000000000000000000000000000001100000000110010011001010110011011000000000000000000000000000000
11111000111111110001000111101100000000000000000000000000000000000000000000000000000000000000000000000000000000000000000000000000000000010000000100101000101001010110000010000000000000000000000000000010111111110101100101011100011000010000000000000000000000000000001100000000110110100111110110001011000000000000000000000000000000
11111000111111110001000111101011100000000000000000000000000000000000000000000000000000000000000000000000000000000000000000000000000000010000000100101001101101101100100010000000000000000000000000000010111111110101100101011100011000010000000000000000000000000000001100000000111011100000000001101001000000000000000000000000000000
11111000111111110001000111101100000000000000000000000000000000000000000000000000000000000000000000000000000000000000000000000000000000010000000100101000101001010110000010000000000000000000000000000010111111110101100101011100011000010000000000000000000000000000001100000000111111100100101100101001100000000000000000000000000000
11111000111111110001000111101011001100011000000000000000000000000000000011110010100110100111110001110001000000000000000000000000000000010000000100101001101101101100100100000000000000000000000000000000111110011000000000000000000000000000000000000000000000000000001011110011100000111100000011111100100000000000000000000000000000
11111000111111110001000111101011101010011000000000000000000000000000000000000000000000000000000000000000000000000000000000000000000000010000000100101000101001010110000000000000000000000000000000000000000000000000000000000000000000000000000000000000000000000000000100000000010010001001011010010001100000000000000000000000000000
11111000111111110001000111101011001100011000000000000000000000000000000000000000000000000000000000000000000000000000000000000000000000010000000100101001101101101100100100000000000000000000000000000000111110011000000000000000000000000000000000000000000000000000000100000000100010011101010101010111000000000000000000000000000000
11111000111111110001000111101011101010011000000000000000000000000000000000000000000000000000000000000000000000000000000000000000000000010000000100101000101001010110000000000000000000000000000000000000000000000000000000000000000000000000000000000000000000000000000100000000101011001110000111100101000000000000000000000000000000
11111000111111110001000111101011001100011000000000000000000000000000000000000000000000000000000000000000000000000000000000000000000000010000000100101001101101101100100100000000000000000000000000000000111110011000000000000000000000000000000000000000000000000000000100000000110010011001010110011011000000000000000000000000000000
11111000111111110001000111101011101010011000000000000000000000000000000000000000000000000000000000000000000000000000000000000000000000010000000100101000101001010110000000000000000000000000000000000000000000000000000000000000000000000000000000000000000000000000000100000000110110100111110110001011000000000000000000000000000000
11111000111111110001000111101011001100011000000000000000000000000000000000000000000000000000000000000000000000000000000000000000000000010000000100101001101101101100100100000000000000000000000000000000111110011000000000000000000000000000000000000000000000000000000100000000111011100000000001101001000000000000000000000000000000
11111000111111110001000111101011101010011000000000000000000000000000000000000000000000000000000000000000000000000000000000000000000000010000000100101000101001010110000000000000000000000000000000000000000000000000000000000000000000000000000000000000000000000000000100000000111111100100101100101001100000000000000000000000000000
11111000111111110001000111101011101010011000000000000000000000000000000000000000000000000000000000000000000000000000000000000000000000010000000100101000101001010110000000000000000000000000000000000000000000000000000000000000000000000000000000000000000000000000001100000000010010001001011010010001100000000000000000000000000000
11111000111111110001000111101011001100011000000000000000000000000000000000000000000000000000000000000000000000000000000000000000000000010000000100101001101101101100100100000000000000000000000000000000111110011000000000000000000000000000000000000000000000000000001100000000100010011101010101010111000000000000000000000000000000
11111000111111110001000111101011101010011000000000000000000000000000000000000000000000000000000000000000000000000000000000000000000000010000000100101000101001010110000000000000000000000000000000000000000000000000000000000000000000000000000000000000000000000000001100000000101011001110000111100101000000000000000000000000000000
11111000111111110001000111101011001100011000000000000000000000000000000000000000000000000000000000000000000000000000000000000000000000010000000100101001101101101100100100000000000000000000000000000000111110011000000000000000000000000000000000000000000000000000001100000000110010011001010110011011000000000000000000000000000000
11111000111111110001000111101011101010011000000000000000000000000000000000000000000000000000000000000000000000000000000000000000000000010000000100101000101001010110000000000000000000000000000000000000000000000000000000000000000000000000000000000000000000000000001100000000110110100111110110001011000000000000000000000000000000
11111000111111110001000111101011001100011000000000000000000000000000000000000000000000000000000000000000000000000000000000000000000000010000000100101001101101101100100100000000000000000000000000000000111110011000000000000000000000000000000000000000000000000000001100000000111011100000000001101001000000000000000000000000000000
11111000111111110001000111101011101010011000000000000000000000000000000000000000000000000000000000000000000000000000000000000000000000010000000100101000101001010110000000000000000000000000000000000000000000000000000000000000000000000000000000000000000000000000001100000000111111100100101100101001100000000000000000000000000000
11001100111111110110011001100111000000000000000000000000000000000000000011111111111001001000011111101101100000000000000000000000000000010000000100101110101110101010000000000000000000000000000000000000111111110010011011000011110101100000000000000000000000000000001100000001100011101000010111000010100000000000000000000000000000
11001100111111110110011001100110000000000000000000000000000000000000000011111111111001001000011111101101100000000000000000000000000000010000000100101110101110101001111110000000000000000000000000000000111111101001100101011100011001000000000000000000000000000000001100000001100011011111110000101001000000000000000000000000000000
11001100111111110110011001100111000000000000000000000000000000000000000011111111111001001000011111101101100000000000000000000000000000010000000100101110101110101001111110000000000000000000000000000010111111101111010000101011010010100000000000000000000000000000001100000001100011101000010111000010100000000000000000000000000000
11001100111111110110011001100110000000000000000000000000000000000000000011111111111001001000011111101101100000000000000000000000000000010000000100101110101110101001111110000000000000000000000000000010111111110100010101000001001100011000000000000000000000000000001100000001100011011111110000101001000000000000000000000000000000
11001100111111110110011001100110000000000000000000000000000000000000000011111111111001001000011111101101100000000000000000000000000000010000000100110100001110010100101010000000000000000000000000000000111111110010011011000011110110000000000000000000000000000000001100000001100011010000001111010111000000000000000000000000000000
11001100111111110110011001100111000000000000000000000000000000000000000011111111111001001000011111101101100000000000000000000000000000010000000100110100001110010100101100000000000000000000000000000000111111101001100101011100011000000000000000000000000000000000001100000001100011000111101000111101100000000000000000000000000000
11001100111111110110011001100110000000000000000000000000000000000000000011111111111001001000011111101101100000000000000000000000000000010000000100110100001110010100101100000000000000000000000000000010111111101111010000101011010010110000000000000000000000000000001100000001100011010000001111010111000000000000000000000000000000
11001100111111110110011001100111000000000000000000000000000000000000000011111111111001001000011111101101100000000000000000000000000000010000000100110100001110010100101100000000000000000000000000000010111111110100010101000001001100011000000000000000000000000000001100000001100011000111101000111101100000000000000000000000000000
11001100111111110110011001100110000000000000000000000000000000000000000011111111111001001000011111101101100000000000000000000000000000010000000100111111010011010100001010000000000000000000000000000000111111110100101100100100111111010000000000000000000000000000001100000001100011011111110000101001000000000000000000000000000000
11001100111111110110011001100111000000000000000000000000000000000000000011111111111001001000011111101101100000000000000000000000000000010000000100111111010011010100001100000000000000000000000000000000111111110000110100101100111000000000000000000000000000000000001100000001100011101000010111000010100000000000000000000000000000
11001100111111110110011001100110000000000000000000000000000000000000000011111111111001001000011111101101100000000000000000000000000000010000000100111111010011010100001100000000000000000000000000000000111111100000000011111110011000000000000000000000000000000000001100000001100011011111110000101001000000000000000000000000000000
11001100111111110110011001100111000000000000000000000000000000000000000011111111111001001000011111101101100000000000000000000000000000010000000100111111010011010100001010000000000000000000000000000010111111110000010100001101001101000000000000000000000000000000001100000001100011101000010111000010100000000000000000000000000000
11001100111111110110011001100110000000000000000000000000000000000000000011111111111001001000011111101101100000000000000000000000000000010000000100111111010011010100001100000000000000000000000000000010111111110100011100010101000101101000000000000000000000000000001100000001100011011111110000101001000000000000000000000000000000
00000000000000000000000000000000000000000000000000000000000000000000000000000000000000000000000000000000000000000000000000000000000000000000000000000000000000000000000000000000000000000000000000000000000000000000000000000000000000000000000000000000000000000000000000000000000000000000000000000000000000000000000000000000000000
00000000000000000000000000000000000000000000000000000000000000000000000000000000000000000000000000000000000000000000000000000000000000000000000000000000000000000000000000000000000000000000000000000000000000000000000000000000000000000000000000000000000000000000000000000000000000000000000000000000000000000000000000000000000000
00000000000000000000000000000000000000000000000000000000000000000000000000000000000000000000000000000000000000000000000000000000000000000000000000000000000000000000000000000000000000000000000000000000000000000000000000000000000000000000000000000000000000000000000000000000000000000000000000000000000000000000000000000000000000
00000000000000000000000000000000000000000000000000000000000000000000000000000000000000000000000000000000000000000000000000000000000000000000000000000000000000000000000000000000000000000000000000000000000000000000000000000000000000000000000000000000000000000000000000000000000000000000000000000000000000000000000000000000000000
00000000000000000000000000000000000000000000000000000000000000000000000000000000000000000000000000000000000000000000000000000000000000000000000000000000000000000000000000000000000000000000000000000000000000000000000000000000000000000000000000000000000000000000000000000000000000000000000000000000000000000000000000000000000000
00000000000000000000000000000000000000000000000000000000000000000000000000000000000000000000000000000000000000000000000000000000000000000000000000000000000000000000000000000000000000000000000000000000000000000000000000000000000000000000000000000000000000000000000000000000000000000000000000000000000000000000000000000000000000
00000000000000000000000000000000000000000000000000000000000000000000000000000000000000000000000000000000000000000000000000000000000000000000000000000000000000000000000000000000000000000000000000000000000000000000000000000000000000000000000000000000000000000000000000000000000000000000000000000000000000000000000000000000000000
00000000000000000000000000000000000000000000000000000000000000000000000000000000000000000000000000000000000000000000000000000000000000000000000000000000000000000000000000000000000000000000000000000000000000000000000000000000000000000000000000000000000000000000000000000000000000000000000000000000000000000000000000000000000000
00000000000000000000000000000000000000000000000000000000000000000000000000000000000000000000000000000000000000000000000000000000000000000000000000000000000000000000000000000000000000000000000000000000000000000000000000000000000000000000000000000000000000000000000000000000000000000000000000000000000000000000000000000000000000
00000000000000000000000000000000000000000000000000000000000000000000000000000000000000000000000000000000000000000000000000000000000000000000000000000000000000000000000000000000000000000000000000000000000000000000000000000000000000000000000000000000000000000000000000000000000000000000000000000000000000000000000000000000000000
00000000000000000000000000000000000000000000000000000000000000000000000000000000000000000000000000000000000000000000000000000000000000000000000000000000000000000000000000000000000000000000000000000000000000000000000000000000000000000000000000000000000000000000000000000000000000000000000000000000000000000000000000000000000000
00000000000000000000000000000000000000000000000000000000000000000000000000000000000000000000000000000000000000000000000000000000000000000000000000000000000000000000000000000000000000000000000000000000000000000000000000000000000000000000000000000000000000000000000000000000000000000000000000000000000000000000000000000000000000
00000000000000000000000000000000000000000000000000000000000000000000000000000000000000000000000000000000000000000000000000000000000000000000000000000000000000000000000000000000000000000000000000000000000000000000000000000000000000000000000000000000000000000000000000000000000000000000000000000000000000000000000000000000000000
00000000000000000000000000000000000000000000000000000000000000000000000000000000000000000000000000000000000000000000000000000000000000000000000000000000000000000000000000000000000000000000000000000000000000000000000000000000000000000000000000000000000000000000000000000000000000000000000000000000000000000000000000000000000000
00000000000000000000000000000000000000000000000000000000000000000000000000000000000000000000000000000000000000000000000000000000000000000000000000000000000000000000000000000000000000000000000000000000000000000000000000000000000000000000000000000000000000000000000000000000000000000000000000000000000000000000000000000000000000
00000000000000000000000000000000000000000000000000000000000000000000000000000000000000000000000000000000000000000000000000000000000000000000000000000000000000000000000000000000000000000000000000000000000000000000000000000000000000000000000000000000000000000000000000000000000000000000000000000000000000000000000000000000000000
00000000000000000000000000000000000000000000000000000000000000000000000000000000000000000000000000000000000000000000000000000000000000000000000000000000000000000000000000000000000000000000000000000000000000000000000000000000000000000000000000000000000000000000000000000000000000000000000000000000000000000000000000000000000000
00000000000000000000000000000000000000000000000000000000000000000000000000000000000000000000000000000000000000000000000000000000000000000000000000000000000000000000000000000000000000000000000000000000000000000000000000000000000000000000000000000000000000000000000000000000000000000000000000000000000000000000000000000000000000
00000000000000000000000000000000000000000000000000000000000000000000000000000000000000000000000000000000000000000000000000000000000000000000000000000000000000000000000000000000000000000000000000000000000000000000000000000000000000000000000000000000000000000000000000000000000000000000000000000000000000000000000000000000000000
00000000000000000000000000000000000000000000000000000000000000000000000000000000000000000000000000000000000000000000000000000000000000000000000000000000000000000000000000000000000000000000000000000000000000000000000000000000000000000000000000000000000000000000000000000000000000000000000000000000000000000000000000000000000000
00000000000000000000000000000000000000000000000000000000000000000000000000000000000000000000000000000000000000000000000000000000000000000000000000000000000000000000000000000000000000000000000000000000000000000000000000000000000000000000000000000000000000000000000000000000000000000000000000000000000000000000000000000000000000
00000000000000000000000000000000000000000000000000000000000000000000000000000000000000000000000000000000000000000000000000000000000000000000000000000000000000000000000000000000000000000000000000000000000000000000000000000000000000000000000000000000000000000000000000000000000000000000000000000000000000000000000000000000000000
00000000000000000000000000000000000000000000000000000000000000000000000000000000000000000000000000000000000000000000000000000000000000000000000000000000000000000000000000000000000000000000000000000000000000000000000000000000000000000000000000000000000000000000000000000000000000000000000000000000000000000000000000000000000000
00000000000000000000000000000000000000000000000000000000000000000000000000000000000000000000000000000000000000000000000000000000000000000000000000000000000000000000000000000000000000000000000000000000000000000000000000000000000000000000000000000000000000000000000000000000000000000000000000000000000000000000000000000000000000
00000000000000000000000000000000000000000000000000000000000000000000000000000000000000000000000000000000000000000000000000000000000000000000000000000000000000000000000000000000000000000000000000000000000000000000000000000000000000000000000000000000000000000000000000000000000000000000000000000000000000000000000000000000000000
00000000000000000000000000000000000000000000000000000000000000000000000000000000000000000000000000000000000000000000000000000000000000000000000000000000000000000000000000000000000000000000000000000000000000000000000000000000000000000000000000000000000000000000000000000000000000000000000000000000000000000000000000000000000000
00000000000000000000000000000000000000000000000000000000000000000000000000000000000000000000000000000000000000000000000000000000000000000000000000000000000000000000000000000000000000000000000000000000000000000000000000000000000000000000000000000000000000000000000000000000000000000000000000000000000000000000000000000000000000
00000000000000000000000000000000000000000000000000000000000000000000000000000000000000000000000000000000000000000000000000000000000000000000000000000000000000000000000000000000000000000000000000000000000000000000000000000000000000000000000000000000000000000000000000000000000000000000000000000000000000000000000000000000000000
00000000000000000000000000000000000000000000000000000000000000000000000000000000000000000000000000000000000000000000000000000000000000000000000000000000000000000000000000000000000000000000000000000000000000000000000000000000000000000000000000000000000000000000000000000000000000000000000000000000000000000000000000000000000000
