10100011111111000111000010101000000000000000000000000000000000000000001111111111100100100001111110110110000000000000000000000000000001000000000101000001100110011001101000000000000000000000000000000011111110000010011011101001011110000000000000000000000000000000010000000101000101001111000000100000000000000000000000000000000000111111110101011110100100011100100000000000000000000000000000001100000001100000010010100111101011100000000000000000000000000000
10100011111111000111000010101000000000000000000000000000000000000000001111111111100100100001111110110110000000000000000000000000000001000000000101000001100110011001101000000000000000000000000000000011111110000010011011101001011110000000000000000000000000000000010000000101000101001111000000100000000000000000000000000000000000111111110011000101101011011100000000000000000000000000000000001100000001100000001000001000111101100000000000000000000000000000
10100011111111000111000010101000000000000000000000000000000000000000001111111111100100100001111110110110000000000000000000000000000001000000000101000001100110011001101000000000000000000000000000000011111110000010011011101001011110000000000000000000000000000000010000000101000101001111000000100000000000000000000000000000000000111111101110011100011011110100000000000000000000000000000000001100000001100000010010100111101011100000000000000000000000000000
10100011111111000111000010101000000000000000000000000000000000000000001111111111100100100001111110110110000000000000000000000000000001000000000101000001100110011001101000000000000000000000000000000011111110000010011011101001011110000000000000000000000000000000010000000101000101001111000000100000000000000000000000000000000010111111100101001001111100011000000000000000000000000000000000001100000001100000001000001000111101100000000000000000000000000000
10100011111111000111000010101000000000000000000000000000000000000000001111111111100100100001111110110110000000000000000000000000000001000000000101000001100110011001101000000000000000000000000000000011111110000010011011101001011110000000000000000000000000000000010000000101000101001111000000100000000000000000000000000000000010111111110000100000101101000101100000000000000000000000000000001100000001100000010010100111101011100000000000000000000000000000
10100011111111000111000010101000000000000000000000000000000000000000001111111111100100100001111110110110000000000000000000000000000001000000000101000001100110011001101000000000000000000000000000000011111110000010011011101001011110000000000000000000000000000000010000000101000101001111000000100000000000000000000000000000000010111111110100001100000101010001010000000000000000000000000000001100000001100000001000001000111101100000000000000000000000000000
10100011111111000111000010101000000000000000000000000000000000000000001111111111100100100001111110110110000000000000000000000000000001000000000101000001100110011001101000000000000000000000000000000011111110000010011011101001011110000000000000000000000000000000010000000101010000000000010110111100000000000000000000000000000000111111110100001100000101010010000000000000000000000000000000001100000001100000100000010000101001000000000000000000000000000000
10100011111111000111000010101000000000000000000000000000000000000000001111111111100100100001111110110110000000000000000000000000000001000000000101000001100110011001101000000000000000000000000000000011111110000010011011101001011110000000000000000000000000000000010000000101010000000000010110111100000000000000000000000000000000111111110001000001101100110000000000000000000000000000000000001100000001100000101010101111010111000000000000000000000000000000
10100011111111000111000010101000000000000000000000000000000000000000001111111111100100100001111110110110000000000000000000000000000001000000000101000001100110011001101000000000000000000000000000000011111110000010011011101001011110000000000000000000000000000000010000000101010000000000010110111100000000000000000000000000000000111111101010101100111011101000000000000000000000000000000000001100000001100000100000010000101001000000000000000000000000000000
10100011111111000111000010101000000000000000000000000000000000000000001111111111100100100001111110110110000000000000000000000000000001000000000101000001100110011001101000000000000000000000000000000011111110000010011011101001011110000000000000000000000000000000010000000101010000000000010110111100000000000000000000000000000010111111101010101100111011101010000000000000000000000000000000001100000001100000101010101111010111000000000000000000000000000000
10100011111111000111000010101000000000000000000000000000000000000000001111111111100100100001111110110110000000000000000000000000000001000000000101000001100110011001101000000000000000000000000000000011111110000010011011101001011110000000000000000000000000000000010000000101010000000000010110111100000000000000000000000000000010111111110001000001101100110000000000000000000000000000000000001100000001100000100000010000101001000000000000000000000000000000
10100011111111000111000010101000000000000000000000000000000000000000001111111111100100100001111110110110000000000000000000000000000001000000000101000001100110011001101000000000000000000000000000000011111110000010011011101001011110000000000000000000000000000000010000000101010000000000010110111100000000000000000000000000000010111111110100001100000101010010010000000000000000000000000000001100000001100000101010101111010111000000000000000000000000000000
10100011111111000111000010101000000000000000000000000000000000000000001111111111100100100001111110110110000000000000000000000000000001000000000101000001100110011001101000000000000000000000000000000011111110000010011011101001011110000000000000000000000000000000010000000101010111010110000010101010000000000000000000000000000000111111110100011100110101100111100000000000000000000000000000001100000001100000010010100111101011100000000000000000000000000000
10100011111111000111000010101000000000000000000000000000000000000000001111111111100100100001111110110110000000000000000000000000000001000000000101000001100110011001101000000000000000000000000000000011111110000010011011101001011110000000000000000000000000000000010000000101010111010110000010101010000000000000000000000000000000111111110001110000100111010001000000000000000000000000000000001100000001100000001000001000111101100000000000000000000000000000
10100011111111000111000010101000000000000000000000000000000000000000001111111111100100100001111110110110000000000000000000000000000001000000000101000001100110011001101000000000000000000000000000000011111110000010011011101001011110000000000000000000000000000000010000000101010111010110000010101010000000000000000000000000000000111111101101001111000110100110000000000000000000000000000000001100000001100000010010100111101011100000000000000000000000000000
10100011111111000111000010101000000000000000000000000000000000000000001111111111100100100001111110110110000000000000000000000000000001000000000101000001100110011001101000000000000000000000000000000011111110000010011011101001011110000000000000000000000000000000010000000101010111010110000010101010000000000000000000000000000010111111100100001100000101010000000000000000000000000000000000001100000001100000001000001000111101100000000000000000000000000000
10100011111111000111000010101000000000000000000000000000000000000000001111111111100100100001111110110110000000000000000000000000000001000000000101000001100110011001101000000000000000000000000000000011111110000010011011101001011110000000000000000000000000000000010000000101010111010110000010101010000000000000000000000000000010111111101111010101001001010001000000000000000000000000000000001100000001100000010010100111101011100000000000000000000000000000
10100011111111000111000010101000000000000000000000000000000000000000001111111111100100100001111110110110000000000000000000000000000001000000000101000001100110011001101000000000000000000000000000000011111110000010011011101001011110000000000000000000000000000000010000000101010111010110000010101100000000000000000000000000000010111111110010110011101000100110000000000000000000000000000000001100000001100000001000001000111101100000000000000000000000000000
10100011111111000111000010101000000000000000000000000000000000000000001111111111100100100001111110110110000000000000000000000000000001000000000101000001100110011001101000000000000000000000000000000011111110000010011011101001011110000000000000000000000000000000010000000101010111010110000010101100000000000000000000000000000010111111110100111110010110010001110000000000000000000000000000001100000001100000010010100111101011100000000000000000000000000000
10100011111111000111000010101000000000000000000000000000000000000000001111111111100100100001111110110110000000000000000000000000000001000000000101000001100110011001101000000000000000000000000000000011111110000010011011101001011110000000000000000000000000000000010000000101100010010000000110001010000000000000000000000000000000111111110100111000110000110101000000000000000000000000000000001100000001100000101010101111010111000000000000000000000000000000
10100011111111000111000010101000000000000000000000000000000000000000001111111111100100100001111110110110000000000000000000000000000001000000000101000001100110011001101000000000000000000000000000000011111110000010011011101001011110000000000000000000000000000000010000000101100010010000000110001010000000000000000000000000000000111111110010111110110011011110000000000000000000000000000000001100000001100000100000010000101001000000000000000000000000000000
10100011111111000111000010101000000000000000000000000000000000000000001111111111100100100001111110110110000000000000000000000000000001000000000101000001100110011001101000000000000000000000000000000011111110000010011011101001011110000000000000000000000000000000010000000101100010010000000110001010000000000000000000000000000000111111110000001100000101010010000000000000000000000000000000001100000001100000101010101111010111000000000000000000000000000000
10100011111111000111000010101000000000000000000000000000000000000000001111111111100100100001111110110110000000000000000000000000000001000000000101000001100110011001101000000000000000000000000000000011111110000010011011101001011110000000000000000000000000000000010000000101100010010000000110001010000000000000000000000000000000111111101001100101011100011000000000000000000000000000000000001100000001100000100000010000101001000000000000000000000000000000
10100011111111000111000010101000000000000000000000000000000000000000001111111111100100100001111110110110000000000000000000000000000001000000000101000001100110011001101000000000000000000000000000000011111110000010011011101001011110000000000000000000000000000000010000000101100010010000000110001000000000000000000000000000000010111111101001100101011100011100000000000000000000000000000000001100000001100000101010101111010111000000000000000000000000000000
10100011111111000111000010101000000000000000000000000000000000000000001111111111100100100001111110110110000000000000000000000000000001000000000101000001100110011001101000000000000000000000000000000011111110000010011011101001011110000000000000000000000000000000010000000101100010010000000110001010000000000000000000000000000010111111110000001100000101010010100000000000000000000000000000001100000001100000100000010000101001000000000000000000000000000000
10100011111111000111000010101000000000000000000000000000000000000000001111111111100100100001111110110110000000000000000000000000000001000000000101000001100110011001101000000000000000000000000000000011111110000010011011101001011110000000000000000000000000000000010000000101100010010000000110001010000000000000000000000000000010111111110010111110110011011111000000000000000000000000000000001100000001100000101010101111010111000000000000000000000000000000
10100011111111000111000010101000000000000000000000000000000000000000001111111111100100100001111110110110000000000000000000000000000001000000000101000001100110011001101000000000000000000000000000000011111110000010011011101001011110000000000000000000000000000000010000000101100010010000000110001010000000000000000000000000000010111111110100111000110000110101100000000000000000000000000000001100000001100000100000010000101001000000000000000000000000000000
10100011111111000111000010101000000000000000000000000000000000000000001111111111100100100001111110110110000000000000000000000000000001000000000101000001100110011001101000000000000000000000000000000011111110000010011011101001011110000000000000000000000000000000010000000101101000111110011001100110000000000000000000000000000000111111110101000100100001010110000000000000000000000000000000001100000001100000001000001000111101100000000000000000000000000000
10100011111111000111000010101000000000000000000000000000000000000000001111111111100100100001111110110110000000000000000000000000000001000000000101000001100110011001101000000000000000000000000000000011111110000010011011101001011110000000000000000000000000000000010000000101101000111110011001100110000000000000000000000000000000111111110011011111101110100000000000000000000000000000000000001100000001100000010010100111101011100000000000000000000000000000
10100011111111000111000010101000000000000000000000000000000000000000001111111111100100100001111110110110000000000000000000000000000001000000000101000001100110011001101000000000000000000000000000000011111110000010011011101001011110000000000000000000000000000000010000000101101000111110011001100110000000000000000000000000000000111111110000110110011010010110000000000000000000000000000000001100000001100000001000001000111101100000000000000000000000000000
10100011111111000111000010101000000000000000000000000000000000000000001111111111100100100001111110110110000000000000000000000000000001000000000101000001100110011001101000000000000000000000000000000011111110000010011011101001011110000000000000000000000000000000010000000101101000111110011001100110000000000000000000000000000000111111101100011010001100010010000000000000000000000000000000001100000001100000010010100111101011100000000000000000000000000000
10100011111111000111000010101000000000000000000000000000000000000000001111111111100100100001111110110110000000000000000000000000000001000000000101000001100110011001101000000000000000000000000000000011111110000010011011101001011110000000000000000000000000000000010000000101101000111110011001100110000000000000000000000000000010111111100011000011100000100000000000000000000000000000000000001100000001100000001000001000111101100000000000000000000000000000
10100011111111000111000010101000000000000000000000000000000000000000001111111111100100100001111110110110000000000000000000000000000001000000000101000001100110011001101000000000000000000000000000000011111110000010011011101001011110000000000000000000000000000000010000000101101000111110011001100110000000000000000000000000000010111111101110001011000100011100000000000000000000000000000000001100000001100000010010100111101011100000000000000000000000000000
10100011111111000111000010101000000000000000000000000000000000000000001111111111100100100001111110110110000000000000000000000000000001000000000101000001100110011001101000000000000000000000000000000011111110000010011011101001011110000000000000000000000000000000010000000101101000111110011001100110000000000000000000000000000010111111110001101110110110011001000000000000000000000000000000001100000001100000001000001000111101100000000000000000000000000000
10100011111111000111000010101000000000000000000000000000000000000000001111111111100100100001111110110110000000000000000000000000000001000000000101000001100110011001101000000000000000000000000000000011111110000010011011101001011110000000000000000000000000000000010000000101101000111110011001100110000000000000000000000000000010111111110100001100000101010010000000000000000000000000000000001100000001100000010010100111101011100000000000000000000000000000
10100011111111000111000010101000000000000000000000000000000000000000001111111111100100100001111110110110000000000000000000000000000001000000000101000001100110011001101000000000000000000000000000000011111110000010011011101001011110000000000000000000000000000000010000000101101000111110011001100110000000000000000000000000000010111111110101100000101111010111110000000000000000000000000000001100000001100000001000001000111101100000000000000000000000000000
11010011111111011001100110011100000000000000000000000000000000000000001111111111100100100001111110110110000000000000000000000000000001000000000101000001100110011001101000000000000000000000000000000011111110000010011011101001011110000000000000000000000000000000010000000101000011101000011011011110000000000000000000000000000000111111110101011110100100011100100000000000000000000000000000001100000001101011100110001000011100100000000000000000000000000000
11010011111111011001100110011000000000000000000000000000000000000000001111111111100100100001111110110110000000000000000000000000000001000000000101000001100110011001101000000000000000000000000000000011111110000010011011101001011110000000000000000000000000000000010000000101000011101000011011011100000000000000000000000000000000111111110011000101101011011100000000000000000000000000000000001100000001101011011011101001101110100000000000000000000000000000
11010011111111011001100110011100000000000000000000000000000000000000001111111111100100100001111110110110000000000000000000000000000001000000000101000001100110011001101000000000000000000000000000000011111110000010011011101001011110000000000000000000000000000000010000000101000011101000011011011100000000000000000000000000000000111111101110011100011011110100000000000000000000000000000000001100000001101011100110001000011100100000000000000000000000000000
11010011111111011001100110011000000000000000000000000000000000000000001111111111100100100001111110110110000000000000000000000000000001000000000101000001100110011001101000000000000000000000000000000011111110000010011011101001011110000000000000000000000000000000010000000101000011101000011011011100000000000000000000000000000010111111100101001001111100011000000000000000000000000000000000001100000001101011011011101001101110100000000000000000000000000000
11010011111111011001100110011100000000000000000000000000000000000000001111111111100100100001111110110110000000000000000000000000000001000000000101000001100110011001101000000000000000000000000000000011111110000010011011101001011110000000000000000000000000000000010000000101000011101000011011011100000000000000000000000000000010111111110000100000101101000101100000000000000000000000000000001100000001101011100110001000011100100000000000000000000000000000
11010011111111011001100110011000000000000000000000000000000000000000001111111111100100100001111110110110000000000000000000000000000001000000000101000001100110011001101000000000000000000000000000000011111110000010011011101001011110000000000000000000000000000000010000000101000011101000011011011100000000000000000000000000000010111111110100001100000101010001010000000000000000000000000000001100000001101011011011101001101110100000000000000000000000000000
11010011111111000111000010101000000000000000000000000000000000000000001111111111100100100001111110110110000000000000000000000000000001000000000101000001100110011001101000000000000000000000000000000011111110000010011011101001011110000000000000000000000000000000010000000101001110001000010100011110000000000000000000000000000000111111110011110001110111100001000000000000000000000000000000001100000001101011111110010000001000000000000000000000000000000000
11010011111111000111000010100000000000000000000000000000000000000000001111111111100100100001111110110110000000000000000000000000000001000000000101000001100110011001101000000000000000000000000000000011111110000010011011101001011110000000000000000000000000000000010000000101001110001000010100011110000000000000000000000000000000111111110000001100000101010010000000000000000000000000000000001100000001101011110011110001011010000000000000000000000000000000
11010011111111000111000010101000000000000000000000000000000000000000001111111111100100100001111110110110000000000000000000000000000001000000000101000001100110011001101000000000000000000000000000000011111110000010011011101001011110000000000000000000000000000000010000000101001110001000010100011110000000000000000000000000000000111111100100110010011000010000000000000000000000000000000000001100000001101011111110010000001000000000000000000000000000000000
11010011111111000111000010100000000000000000000000000000000000000000001111111111100100100001111110110110000000000000000000000000000001000000000101000001100110011001101000000000000000000000000000000011111110000010011011101001011110000000000000000000000000000000010000000101001110001000010100011110000000000000000000000000000010111111101101111110111110011011000000000000000000000000000000001100000001101011110011110001011010000000000000000000000000000000
11010011111111000111000010101000000000000000000000000000000000000000001111111111100100100001111110110110000000000000000000000000000001000000000101000001100110011001101000000000000000000000000000000011111110000010011011101001011110000000000000000000000000000000010000000101001110001000010100011110000000000000000000000000000010111111110010100101010001011101000000000000000000000000000000001100000001101011111110010000001000000000000000000000000000000000
11010011111111000111000010100000000000000000000000000000000000000000001111111111100100100001111110110110000000000000000000000000000001000000000101000001100110011001101000000000000000000000000000000011111110000010011011101001011110000000000000000000000000000000010000000101001110001000010100011110000000000000000000000000000010111111110101000101100001110110100000000000000000000000000000001100000001101011110011110001011010000000000000000000000000000000
11010011111111000111000010101000000000000000000000000000000000000000001111111111100100100001111110110110000000000000000000000000000001000000000101000001100110011001101000000000000000000000000000000011111110000010011011101001011110000000000000000000000000000000010000000101010110011011011110011010000000000000000000000000000000111111110100011100110101100111000000000000000000000000000000001100000001101011100110001000011100100000000000000000000000000000
11010011111111000111000010100000000000000000000000000000000000000000001111111111100100100001111110110110000000000000000000000000000001000000000101000001100110011001101000000000000000000000000000000011111110000010011011101001011110000000000000000000000000000000010000000101010110011011011110011010000000000000000000000000000000111111110001110000100111010001000000000000000000000000000000001100000001101011011011101001101110100000000000000000000000000000
11010011111111000111000010101000000000000000000000000000000000000000001111111111100100100001111110110110000000000000000000000000000001000000000101000001100110011001101000000000000000000000000000000011111110000010011011101001011110000000000000000000000000000000010000000101010110011011011110011100000000000000000000000000000000111111101101001111000110100110000000000000000000000000000000001100000001101011100110001000011100100000000000000000000000000000
11010011111111000111000010100000000000000000000000000000000000000000001111111111100100100001111110110110000000000000000000000000000001000000000101000001100110011001101000000000000000000000000000000011111110000010011011101001011110000000000000000000000000000000010000000101010110011011011110011010000000000000000000000000000010111111100100001100000101011000000000000000000000000000000000001100000001101011011011101001101110100000000000000000000000000000
11010011111111000111000010101000000000000000000000000000000000000000001111111111100100100001111110110110000000000000000000000000000001000000000101000001100110011001101000000000000000000000000000000011111110000010011011101001011110000000000000000000000000000000010000000101010110011011011110011010000000000000000000000000000010111111101111010101001001010001000000000000000000000000000000001100000001101011100110001000011100100000000000000000000000000000
11010011111111000111000010100000000000000000000000000000000000000000001111111111100100100001111110110110000000000000000000000000000001000000000101000001100110011001101000000000000000000000000000000011111110000010011011101001011110000000000000000000000000000000010000000101010110011011011110011010000000000000000000000000000010111111110010110011101000100110000000000000000000000000000000001100000001101011011011101001101110100000000000000000000000000000
11010011111111000111000010101000000000000000000000000000000000000000001111111111100100100001111110110110000000000000000000000000000001000000000101000001100110011001101000000000000000000000000000000011111110000010011011101001011110000000000000000000000000000000010000000101010110011011011110011010000000000000000000000000000010111111110100111110010110010001110000000000000000000000000000001100000001101011100110001000011100100000000000000000000000000000
11010011111111000111000010101000000000000000000000000000000000000000001111111111100100100001111110110110000000000000000000000000000001000000000101000001100110011001101000000000000000000000000000000011111110000010011011101001011110000000000000000000000000000000010000000101100001001000011011000010000000000000000000000000000000111111110100111000110000110101000000000000000000000000000000001100000001101011111110010000001000000000000000000000000000000000
11010011111111000111000010100000000000000000000000000000000000000000001111111111100100100001111110110110000000000000000000000000000001000000000101000001100110011001101000000000000000000000000000000011111110000010011011101001011110000000000000000000000000000000010000000101100001001000011011000010000000000000000000000000000000111111110010111110110011011110000000000000000000000000000000001100000001101011110011110001011010000000000000000000000000000000
11010011111111000111000010101000000000000000000000000000000000000000001111111111100100100001111110110110000000000000000000000000000001000000000101000001100110011001101000000000000000000000000000000011111110000010011011101001011110000000000000000000000000000000010000000101100001001000011011000010000000000000000000000000000000111111110000001100000101010010000000000000000000000000000000001100000001101011111110010000001000000000000000000000000000000000
11010011111111000111000010100000000000000000000000000000000000000000001111111111100100100001111110110110000000000000000000000000000001000000000101000001100110011001101000000000000000000000000000000011111110000010011011101001011110000000000000000000000000000000010000000101100001001000011011000010000000000000000000000000000000111111101001100101011100011000000000000000000000000000000000001100000001101011110011110001011010000000000000000000000000000000
11010011111111000111000010101000000000000000000000000000000000000000001111111111100100100001111110110110000000000000000000000000000001000000000101000001100110011001101000000000000000000000000000000011111110000010011011101001011110000000000000000000000000000000010000000101100001001000011011000010000000000000000000000000000010111111101001100101011100011000000000000000000000000000000000001100000001101011111110010000001000000000000000000000000000000000
11010011111111000111000010100000000000000000000000000000000000000000001111111111100100100001111110110110000000000000000000000000000001000000000101000001100110011001101000000000000000000000000000000011111110000010011011101001011110000000000000000000000000000000010000000101100001001000011011000010000000000000000000000000000010111111110000001100000101010010100000000000000000000000000000001100000001101011110011110001011010000000000000000000000000000000
11010011111111000111000010101000000000000000000000000000000000000000001111111111100100100001111110110110000000000000000000000000000001000000000101000001100110011001101000000000000000000000000000000011111110000010011011101001011110000000000000000000000000000000010000000101100001001000011011000010000000000000000000000000000010111111110010111110110011011110100000000000000000000000000000001100000001101011111110010000001000000000000000000000000000000000
11010011111111000111000010100000000000000000000000000000000000000000001111111111100100100001111110110110000000000000000000000000000001000000000101000001100110011001101000000000000000000000000000000011111110000010011011101001011110000000000000000000000000000000010000000101100001001000011011000010000000000000000000000000000010111111110100111000110000110101100000000000000000000000000000001100000001101011110011110001011010000000000000000000000000000000
11010011111111000111000010100000000000000000000000000000000000000000001111111111100100100001111110110110000000000000000000000000000001000000000101000001100110011001101000000000000000000000000000000011111110000010011011101001011110000000000000000000000000000000010000000101101000111110011001100110000000000000000000000000000000111111110101000100100001010110000000000000000000000000000000001100000001101011011011101001101110100000000000000000000000000000
11010011111111000111000010101000000000000000000000000000000000000000001111111111100100100001111110110110000000000000000000000000000001000000000101000001100110011001101000000000000000000000000000000011111110000010011011101001011110000000000000000000000000000000010000000101101000111110011001100110000000000000000000000000000000111111110011011111101110100000000000000000000000000000000000001100000001101011100110001000011100100000000000000000000000000000
11010011111111000111000010100000000000000000000000000000000000000000001111111111100100100001111110110110000000000000000000000000000001000000000101000001100110011001101000000000000000000000000000000011111110000010011011101001011110000000000000000000000000000000010000000101101000111110011001100110000000000000000000000000000000111111110000110110011010010110000000000000000000000000000000001100000001101011011011101001101110100000000000000000000000000000
11010011111111000111000010101000000000000000000000000000000000000000001111111111100100100001111110110110000000000000000000000000000001000000000101000001100110011001101000000000000000000000000000000011111110000010011011101001011110000000000000000000000000000000010000000101101000111110011001100110000000000000000000000000000000111111101100011010001100010010000000000000000000000000000000001100000001101011100110001000011100100000000000000000000000000000
11010011111111000111000010100000000000000000000000000000000000000000001111111111100100100001111110110110000000000000000000000000000001000000000101000001100110011001101000000000000000000000000000000011111110000010011011101001011110000000000000000000000000000000010000000101101000111110011001100110000000000000000000000000000010111111100011000011100000100000000000000000000000000000000000001100000001101011011011101001101110100000000000000000000000000000
11010011111111000111000010101000000000000000000000000000000000000000001111111111100100100001111110110110000000000000000000000000000001000000000101000001100110011001101000000000000000000000000000000011111110000010011011101001011110000000000000000000000000000000010000000101101000111110011001100110000000000000000000000000000010111111101110001011000100011100000000000000000000000000000000001100000001101011100110001000011100100000000000000000000000000000
11010011111111000111000010100000000000000000000000000000000000000000001111111111100100100001111110110110000000000000000000000000000001000000000101000001100110011001101000000000000000000000000000000011111110000010011011101001011110000000000000000000000000000000010000000101101000111110011001100110000000000000000000000000000010111111110001101110110110011001000000000000000000000000000000001100000001101011011011101001101110100000000000000000000000000000
11010011111111000111000010101000000000000000000000000000000000000000001111111111100100100001111110110110000000000000000000000000000001000000000101000001100110011001101000000000000000000000000000000011111110000010011011101001011110000000000000000000000000000000010000000101101000111110011001100110000000000000000000000000000010111111110100001100000101010010000000000000000000000000000000001100000001101011100110001000011100100000000000000000000000000000
11010011111111000111000010100000000000000000000000000000000000000000001111111111100100100001111110110110000000000000000000000000000001000000000101000001100110011001101000000000000000000000000000000011111110000010011011101001011110000000000000000000000000000000010000000101101000111110011001100110000000000000000000000000000010111111110101100000101111010111110000000000000000000000000000001100000001101011011011101001101110100000000000000000000000000000
