11111000111111110001000111101011101000010000000000000000000000000000001011110010101000000110111110000110000000000000000000000000000000010000000100100100111101000011100110000000000000000000000000000010111111110001100101011100010100000000000000000000000000000000000011110100010000101110110011100101100000000000000000000000000000
11111000111111110001000111101011101000010000000000000000000000000000000000000000000000000000000000000000000000000000000000000000000000010000000100100011111000101101000100000000000000000000000000000010111111110001100101011100010100000000000000000000000000000000000100000000010010001001011010010001100000000000000000000000000000
11111000111111110001000111101011101000010000000000000000000000000000000000000000000000000000000000000000000000000000000000000000000000010000000100100100111101000011100110000000000000000000000000000010111111110001100101011100010100000000000000000000000000000000000100000000100010011101010101010111000000000000000000000000000000
11111000111111110001000111101011101000010000000000000000000000000000000000000000000000000000000000000000000000000000000000000000000000010000000100100011111000101101000100000000000000000000000000000010111111110001100101011100010100000000000000000000000000000000000100000000101011001110000111100101000000000000000000000000000000
11111000111111110001000111101011101000010000000000000000000000000000000000000000000000000000000000000000000000000000000000000000000000010000000100100100111101000011100110000000000000000000000000000010111111110001100101011100010100000000000000000000000000000000000100000000110010011001010110011011000000000000000000000000000000
11111000111111110001000111101011101000010000000000000000000000000000000000000000000000000000000000000000000000000000000000000000000000010000000100100011111000101101000100000000000000000000000000000010111111110001100101011100010100000000000000000000000000000000000100000000110110100111110110001011000000000000000000000000000000
11111000111111110001000111101011101000010000000000000000000000000000000000000000000000000000000000000000000000000000000000000000000000010000000100100100111101000011100110000000000000000000000000000010111111110001100101011100010100000000000000000000000000000000000100000000111011100000000001101001000000000000000000000000000000
11111000111111110001000111101011101000010000000000000000000000000000000000000000000000000000000000000000000000000000000000000000000000010000000100100011111000101101000100000000000000000000000000000010111111110001100101011100010100000000000000000000000000000000000100000000111111100100101100101001100000000000000000000000000000
11111000111111110001000111101011101000010000000000000000000000000000000000000000000000000000000000000000000000000000000000000000000000010000000100100011111000101101000100000000000000000000000000000010111111110001100101011100010100000000000000000000000000000000001100000000010010001001011010010001100000000000000000000000000000
11111000111111110001000111101011101000010000000000000000000000000000000000000000000000000000000000000000000000000000000000000000000000010000000100100100111101000011100110000000000000000000000000000010111111110001100101011100010100000000000000000000000000000000001100000000100010011101010101010111000000000000000000000000000000
11111000111111110001000111101011101000010000000000000000000000000000000000000000000000000000000000000000000000000000000000000000000000010000000100100011111000101101000100000000000000000000000000000010111111110001100101011100010100000000000000000000000000000000001100000000101011001110000111100101000000000000000000000000000000
11111000111111110001000111101011101000010000000000000000000000000000000000000000000000000000000000000000000000000000000000000000000000010000000100100100111101000011100110000000000000000000000000000010111111110001100101011100010100000000000000000000000000000000001100000000110010011001010110011011000000000000000000000000000000
11111000111111110001000111101011101000010000000000000000000000000000000000000000000000000000000000000000000000000000000000000000000000010000000100100011111000101101000100000000000000000000000000000010111111110001100101011100010100000000000000000000000000000000001100000000110110100111110110001011000000000000000000000000000000
11111000111111110001000111101011101000010000000000000000000000000000000000000000000000000000000000000000000000000000000000000000000000010000000100100100111101000011100110000000000000000000000000000010111111110001100101011100010100000000000000000000000000000000001100000000111011100000000001101001000000000000000000000000000000
11111000111111110001000111101011101000010000000000000000000000000000000000000000000000000000000000000000000000000000000000000000000000010000000100100011111000101101000100000000000000000000000000000010111111110001100101011100010100000000000000000000000000000000001100000000111111100100101100101001100000000000000000000000000000
11111000111111110001000111101011010010000000000000000000000000000000001011110010101000110111010011110110000000000000000000000000000000010000000100100100111101000011100110000000000000000000000000000000111111110001100101011100011010100000000000000000000000000000000011110100010001000001110111111010000000000000000000000000000000
11111000111111110001000111101011011100010000000000000000000000000000000000000000000000000000000000000000000000000000000000000000000000010000000100100011111000101101000100000000000000000000000000000000111111110001100101011100011010100000000000000000000000000000000100000000010010001001011010010001100000000000000000000000000000
11111000111111110001000111101011010010000000000000000000000000000000000000000000000000000000000000000000000000000000000000000000000000010000000100100100111101000011100110000000000000000000000000000000111111110001100101011100011010100000000000000000000000000000000100000000100010011101010101010111000000000000000000000000000000
11111000111111110001000111101011011100010000000000000000000000000000000000000000000000000000000000000000000000000000000000000000000000010000000100100011111000101101000100000000000000000000000000000000111111110001100101011100011010100000000000000000000000000000000100000000101011001110000111100101000000000000000000000000000000
11111000111111110001000111101011010010000000000000000000000000000000000000000000000000000000000000000000000000000000000000000000000000010000000100100100111101000011100110000000000000000000000000000000111111110001100101011100011010100000000000000000000000000000000100000000110010011001010110011011000000000000000000000000000000
11111000111111110001000111101011011100010000000000000000000000000000000000000000000000000000000000000000000000000000000000000000000000010000000100100011111000101101000100000000000000000000000000000000111111110001100101011100011010100000000000000000000000000000000100000000110110100111110110001011000000000000000000000000000000
11111000111111110001000111101011010010000000000000000000000000000000000000000000000000000000000000000000000000000000000000000000000000010000000100100100111101000011100110000000000000000000000000000000111111110001100101011100011010100000000000000000000000000000000100000000111011100000000001101001000000000000000000000000000000
11111000111111110001000111101011011100010000000000000000000000000000000000000000000000000000000000000000000000000000000000000000000000010000000100100011111000101101000100000000000000000000000000000000111111110001100101011100011010100000000000000000000000000000000100000000111111100100101100101001100000000000000000000000000000
11111000111111110001000111101011011100010000000000000000000000000000000000000000000000000000000000000000000000000000000000000000000000010000000100100011111000101101000100000000000000000000000000000000111111110001100101011100011010100000000000000000000000000000001100000000010010001001011010010001100000000000000000000000000000
11111000111111110001000111101011010010000000000000000000000000000000000000000000000000000000000000000000000000000000000000000000000000010000000100100100111101000011100110000000000000000000000000000000111111110001100101011100011010100000000000000000000000000000001100000000100010011101010101010111000000000000000000000000000000
11111000111111110001000111101011011100010000000000000000000000000000000000000000000000000000000000000000000000000000000000000000000000010000000100100011111000101101000100000000000000000000000000000000111111110001100101011100011010100000000000000000000000000000001100000000101011001110000111100101000000000000000000000000000000
11111000111111110001000111101011010010000000000000000000000000000000000000000000000000000000000000000000000000000000000000000000000000010000000100100100111101000011100110000000000000000000000000000000111111110001100101011100011010100000000000000000000000000000001100000000110010011001010110011011000000000000000000000000000000
11111000111111110001000111101011011100010000000000000000000000000000000000000000000000000000000000000000000000000000000000000000000000010000000100100011111000101101000100000000000000000000000000000000111111110001100101011100011010100000000000000000000000000000001100000000110110100111110110001011000000000000000000000000000000
11111000111111110001000111101011010010000000000000000000000000000000000000000000000000000000000000000000000000000000000000000000000000010000000100100100111101000011100110000000000000000000000000000000111111110001100101011100011010100000000000000000000000000000001100000000111011100000000001101001000000000000000000000000000000
11111000111111110001000111101011011100010000000000000000000000000000000000000000000000000000000000000000000000000000000000000000000000010000000100100011111000101101000100000000000000000000000000000000111111110001100101011100011010100000000000000000000000000000001100000000111111100100101100101001100000000000000000000000000000
11001100111111110110011001100111000000000000000000000000000000000000001011111111111001001000011111101101100000000000000000000000000000010000000100101110101110101001111110000000000000000000000000000010111111110100111000110000110100000000000000000000000000000000000100000001100011101000010111000010100000000000000000000000000000
11001100111111110110011001100110000000000000000000000000000000000000001011111111111001001000011111101101100000000000000000000000000000010000000100101110101110101010000000000000000000000000000000000010111111110000101111110100111100000000000000000000000000000000000100000001100011011111110000101001000000000000000000000000000000
11001100111111110110011001100111000000000000000000000000000000000000001011111111111001001000011111101101100000000000000000000000000000010000000100101110101110101001111110000000000000000000000000000000111111100000011101111100101000100000000000000000000000000000000100000001100011101000010111000010100000000000000000000000000000
11001100111111110110011001100110000000000000000000000000000000000000001011111111111001001000011111101101100000000000000000000000000000010000000100101110101110101001111110000000000000000000000000000000111111110001010011100100100010100000000000000000000000000000000100000001100011011111110000101001000000000000000000000000000000
11001100111111110110011001100111000000000000000000000000000000000000001011111111111001001000011111101101100000000000000000000000000000010000000100101110101110101010000000000000000000000000000000000000111111110101001010101000101001010000000000000000000000000000000100000001100011101000010111000010100000000000000000000000000000
11001100111111110110011001100110000000000000000000000000000000000000001011111111111001001000011111101101100000000000000000000000000000010000000100110100001110010100101100000000000000000000000000000010111111110100111000110000110100000000000000000000000000000000000100000001100011010000001111010111000000000000000000000000000000
11001100111111110110011001100111000000000000000000000000000000000000001011111111111001001000011111101101100000000000000000000000000000010000000100110100001110010100101010000000000000000000000000000010111111110000101111110100111100000000000000000000000000000000000100000001100011000111101000111101100000000000000000000000000000
11001100111111110110011001100110000000000000000000000000000000000000001011111111111001001000011111101101100000000000000000000000000000010000000100110100001110010100101100000000000000000000000000000000111111100000011101111100101000100000000000000000000000000000000100000001100011010000001111010111000000000000000000000000000000
11001100111111110110011001100111000000000000000000000000000000000000001011111111111001001000011111101101100000000000000000000000000000010000000100110100001110010100101100000000000000000000000000000000111111110001010011100100100010100000000000000000000000000000000100000001100011000111101000111101100000000000000000000000000000
11001100111111110110011001100110000000000000000000000000000000000000001011111111111001001000011111101101100000000000000000000000000000010000000100110100001110010100101010000000000000000000000000000000111111110101001010101000101001010000000000000000000000000000000100000001100011010000001111010111000000000000000000000000000000
11001100111111110110011001100111000000000000000000000000000000000000001011111111111001001000011111101101100000000000000000000000000000010000000100111111010011010100001010000000000000000000000000000010111111110101011101010100011110000000000000000000000000000000000100000001100011101000010111000010100000000000000000000000000000
11001100111111110110011001100110000000000000000000000000000000000000001011111111111001001000011111101101100000000000000000000000000000010000000100111111010011010100001010000000000000000000000000000010111111110010010110001011111100000000000000000000000000000000000100000001100011011111110000101001000000000000000000000000000000
11001100111111110110011001100111000000000000000000000000000000000000001011111111111001001000011111101101100000000000000000000000000000010000000100111111010011010100001010000000000000000000000000000010111111101011000110111011010000000000000000000000000000000000000100000001100011101000010111000010100000000000000000000000000000
11001100111111110110011001100110000000000000000000000000000000000000001011111111111001001000011111101101100000000000000000000000000000010000000100111111010011010100001010000000000000000000000000000000111111101101100101011100010101001000000000000000000000000000000100000001100011011111110000101001000000000000000000000000000000
11001100111111110110011001100111000000000000000000000000000000000000001011111111111001001000011111101101100000000000000000000000000000010000000100111111010011010100001010000000000000000000000000000000111111110011010111001011001110100000000000000000000000000000000100000001100011101000010111000010100000000000000000000000000000
00000000000000000000000000000000000000000000000000000000000000000000000000000000000000000000000000000000000000000000000000000000000000000000000000000000000000000000000000000000000000000000000000000000000000000000000000000000000000000000000000000000000000000000000000000000000000000000000000000000000000000000000000000000000000
00000000000000000000000000000000000000000000000000000000000000000000000000000000000000000000000000000000000000000000000000000000000000000000000000000000000000000000000000000000000000000000000000000000000000000000000000000000000000000000000000000000000000000000000000000000000000000000000000000000000000000000000000000000000000
00000000000000000000000000000000000000000000000000000000000000000000000000000000000000000000000000000000000000000000000000000000000000000000000000000000000000000000000000000000000000000000000000000000000000000000000000000000000000000000000000000000000000000000000000000000000000000000000000000000000000000000000000000000000000
00000000000000000000000000000000000000000000000000000000000000000000000000000000000000000000000000000000000000000000000000000000000000000000000000000000000000000000000000000000000000000000000000000000000000000000000000000000000000000000000000000000000000000000000000000000000000000000000000000000000000000000000000000000000000
00000000000000000000000000000000000000000000000000000000000000000000000000000000000000000000000000000000000000000000000000000000000000000000000000000000000000000000000000000000000000000000000000000000000000000000000000000000000000000000000000000000000000000000000000000000000000000000000000000000000000000000000000000000000000
00000000000000000000000000000000000000000000000000000000000000000000000000000000000000000000000000000000000000000000000000000000000000000000000000000000000000000000000000000000000000000000000000000000000000000000000000000000000000000000000000000000000000000000000000000000000000000000000000000000000000000000000000000000000000
00000000000000000000000000000000000000000000000000000000000000000000000000000000000000000000000000000000000000000000000000000000000000000000000000000000000000000000000000000000000000000000000000000000000000000000000000000000000000000000000000000000000000000000000000000000000000000000000000000000000000000000000000000000000000
00000000000000000000000000000000000000000000000000000000000000000000000000000000000000000000000000000000000000000000000000000000000000000000000000000000000000000000000000000000000000000000000000000000000000000000000000000000000000000000000000000000000000000000000000000000000000000000000000000000000000000000000000000000000000
00000000000000000000000000000000000000000000000000000000000000000000000000000000000000000000000000000000000000000000000000000000000000000000000000000000000000000000000000000000000000000000000000000000000000000000000000000000000000000000000000000000000000000000000000000000000000000000000000000000000000000000000000000000000000
00000000000000000000000000000000000000000000000000000000000000000000000000000000000000000000000000000000000000000000000000000000000000000000000000000000000000000000000000000000000000000000000000000000000000000000000000000000000000000000000000000000000000000000000000000000000000000000000000000000000000000000000000000000000000
00000000000000000000000000000000000000000000000000000000000000000000000000000000000000000000000000000000000000000000000000000000000000000000000000000000000000000000000000000000000000000000000000000000000000000000000000000000000000000000000000000000000000000000000000000000000000000000000000000000000000000000000000000000000000
00000000000000000000000000000000000000000000000000000000000000000000000000000000000000000000000000000000000000000000000000000000000000000000000000000000000000000000000000000000000000000000000000000000000000000000000000000000000000000000000000000000000000000000000000000000000000000000000000000000000000000000000000000000000000
00000000000000000000000000000000000000000000000000000000000000000000000000000000000000000000000000000000000000000000000000000000000000000000000000000000000000000000000000000000000000000000000000000000000000000000000000000000000000000000000000000000000000000000000000000000000000000000000000000000000000000000000000000000000000
00000000000000000000000000000000000000000000000000000000000000000000000000000000000000000000000000000000000000000000000000000000000000000000000000000000000000000000000000000000000000000000000000000000000000000000000000000000000000000000000000000000000000000000000000000000000000000000000000000000000000000000000000000000000000
00000000000000000000000000000000000000000000000000000000000000000000000000000000000000000000000000000000000000000000000000000000000000000000000000000000000000000000000000000000000000000000000000000000000000000000000000000000000000000000000000000000000000000000000000000000000000000000000000000000000000000000000000000000000000
00000000000000000000000000000000000000000000000000000000000000000000000000000000000000000000000000000000000000000000000000000000000000000000000000000000000000000000000000000000000000000000000000000000000000000000000000000000000000000000000000000000000000000000000000000000000000000000000000000000000000000000000000000000000000
00000000000000000000000000000000000000000000000000000000000000000000000000000000000000000000000000000000000000000000000000000000000000000000000000000000000000000000000000000000000000000000000000000000000000000000000000000000000000000000000000000000000000000000000000000000000000000000000000000000000000000000000000000000000000
00000000000000000000000000000000000000000000000000000000000000000000000000000000000000000000000000000000000000000000000000000000000000000000000000000000000000000000000000000000000000000000000000000000000000000000000000000000000000000000000000000000000000000000000000000000000000000000000000000000000000000000000000000000000000
00000000000000000000000000000000000000000000000000000000000000000000000000000000000000000000000000000000000000000000000000000000000000000000000000000000000000000000000000000000000000000000000000000000000000000000000000000000000000000000000000000000000000000000000000000000000000000000000000000000000000000000000000000000000000
00000000000000000000000000000000000000000000000000000000000000000000000000000000000000000000000000000000000000000000000000000000000000000000000000000000000000000000000000000000000000000000000000000000000000000000000000000000000000000000000000000000000000000000000000000000000000000000000000000000000000000000000000000000000000
00000000000000000000000000000000000000000000000000000000000000000000000000000000000000000000000000000000000000000000000000000000000000000000000000000000000000000000000000000000000000000000000000000000000000000000000000000000000000000000000000000000000000000000000000000000000000000000000000000000000000000000000000000000000000
00000000000000000000000000000000000000000000000000000000000000000000000000000000000000000000000000000000000000000000000000000000000000000000000000000000000000000000000000000000000000000000000000000000000000000000000000000000000000000000000000000000000000000000000000000000000000000000000000000000000000000000000000000000000000
00000000000000000000000000000000000000000000000000000000000000000000000000000000000000000000000000000000000000000000000000000000000000000000000000000000000000000000000000000000000000000000000000000000000000000000000000000000000000000000000000000000000000000000000000000000000000000000000000000000000000000000000000000000000000
00000000000000000000000000000000000000000000000000000000000000000000000000000000000000000000000000000000000000000000000000000000000000000000000000000000000000000000000000000000000000000000000000000000000000000000000000000000000000000000000000000000000000000000000000000000000000000000000000000000000000000000000000000000000000
00000000000000000000000000000000000000000000000000000000000000000000000000000000000000000000000000000000000000000000000000000000000000000000000000000000000000000000000000000000000000000000000000000000000000000000000000000000000000000000000000000000000000000000000000000000000000000000000000000000000000000000000000000000000000
00000000000000000000000000000000000000000000000000000000000000000000000000000000000000000000000000000000000000000000000000000000000000000000000000000000000000000000000000000000000000000000000000000000000000000000000000000000000000000000000000000000000000000000000000000000000000000000000000000000000000000000000000000000000000
00000000000000000000000000000000000000000000000000000000000000000000000000000000000000000000000000000000000000000000000000000000000000000000000000000000000000000000000000000000000000000000000000000000000000000000000000000000000000000000000000000000000000000000000000000000000000000000000000000000000000000000000000000000000000
