11111000111111110001000111101011100110001000000000000000000000000000000011110010011100101000011110001111000000000000000000000000000000010000000100101001101101101100100010000000000000000000000000000000000000000000000000000000000000000000000000000000000000000000000011110011010100111111100111001100000000000000000000000000000000
11111000111111110001000111101011100110001000000000000000000000000000000000000000000000000000000000000000000000000000000000000000000000010000000100101000101001010110000000000000000000000000000000000000000000000000000000000000000000000000000000000000000000000000000100000000010010001001011010010001100000000000000000000000000000
11111000111111110001000111101011100110001000000000000000000000000000000000000000000000000000000000000000000000000000000000000000000000010000000100101001101101101100100010000000000000000000000000000000000000000000000000000000000000000000000000000000000000000000000100000000100010011101010101010111000000000000000000000000000000
11111000111111110001000111101011100110001000000000000000000000000000000000000000000000000000000000000000000000000000000000000000000000010000000100101000101001010110000000000000000000000000000000000000000000000000000000000000000000000000000000000000000000000000000100000000101011001110000111100101000000000000000000000000000000
11111000111111110001000111101011100110001000000000000000000000000000000000000000000000000000000000000000000000000000000000000000000000010000000100101001101101101100100010000000000000000000000000000000000000000000000000000000000000000000000000000000000000000000000100000000110010011001010110011011000000000000000000000000000000
11111000111111110001000111101011100110001000000000000000000000000000000000000000000000000000000000000000000000000000000000000000000000010000000100101000101001010110000000000000000000000000000000000000000000000000000000000000000000000000000000000000000000000000000100000000110110100111110110001011000000000000000000000000000000
11111000111111110001000111101011100110001000000000000000000000000000000000000000000000000000000000000000000000000000000000000000000000010000000100101001101101101100100010000000000000000000000000000000000000000000000000000000000000000000000000000000000000000000000100000000111011100000000001101001000000000000000000000000000000
11111000111111110001000111101011100110001000000000000000000000000000000000000000000000000000000000000000000000000000000000000000000000010000000100101000101001010110000000000000000000000000000000000000000000000000000000000000000000000000000000000000000000000000000100000000111111100100101100101001100000000000000000000000000000
11111000111111110001000111101011100110001000000000000000000000000000000000000000000000000000000000000000000000000000000000000000000000010000000100101000101001010110000000000000000000000000000000000000000000000000000000000000000000000000000000000000000000000000001100000000010010001001011010010001100000000000000000000000000000
11111000111111110001000111101011100110001000000000000000000000000000000000000000000000000000000000000000000000000000000000000000000000010000000100101001101101101100100010000000000000000000000000000000000000000000000000000000000000000000000000000000000000000000001100000000100010011101010101010111000000000000000000000000000000
11111000111111110001000111101011100110001000000000000000000000000000000000000000000000000000000000000000000000000000000000000000000000010000000100101000101001010110000000000000000000000000000000000000000000000000000000000000000000000000000000000000000000000000001100000000101011001110000111100101000000000000000000000000000000
11111000111111110001000111101011100110001000000000000000000000000000000000000000000000000000000000000000000000000000000000000000000000010000000100101001101101101100100010000000000000000000000000000000000000000000000000000000000000000000000000000000000000000000001100000000110010011001010110011011000000000000000000000000000000
11111000111111110001000111101011100110001000000000000000000000000000000000000000000000000000000000000000000000000000000000000000000000010000000100101000101001010110000000000000000000000000000000000000000000000000000000000000000000000000000000000000000000000000001100000000110110100111110110001011000000000000000000000000000000
11111000111111110001000111101011100110001000000000000000000000000000000000000000000000000000000000000000000000000000000000000000000000010000000100101001101101101100100010000000000000000000000000000000000000000000000000000000000000000000000000000000000000000000001100000000111011100000000001101001000000000000000000000000000000
11111000111111110001000111101011100110001000000000000000000000000000000000000000000000000000000000000000000000000000000000000000000000010000000100101000101001010110000000000000000000000000000000000000000000000000000000000000000000000000000000000000000000000000001100000000111111100100101100101001100000000000000000000000000000
11111000111111110001000111101011100110001000000000000000000000000000000011110010100100011100100001011001000000000000000000000000000000010000000100101001101101101100100010000000000000000000000000000010111111110101100101011100011000100000000000000000000000000000001011110011010011100000010000100010000000000000000000000000000000
11111000111111110001000111101011100110001000000000000000000000000000000000000000000000000000000000000000000000000000000000000000000000010000000100101000101001010110000000000000000000000000000000000010111111110101100101011100011000100000000000000000000000000000000100000000010010001001011010010001100000000000000000000000000000
11111000111111110001000111101011100110001000000000000000000000000000000000000000000000000000000000000000000000000000000000000000000000010000000100101001101101101100100010000000000000000000000000000010111111110101100101011100011000100000000000000000000000000000000100000000100010011101010101010111000000000000000000000000000000
11111000111111110001000111101011100110001000000000000000000000000000000000000000000000000000000000000000000000000000000000000000000000010000000100101000101001010110000000000000000000000000000000000010111111110101100101011100011000100000000000000000000000000000000100000000101011001110000111100101000000000000000000000000000000
11111000111111110001000111101011100110001000000000000000000000000000000000000000000000000000000000000000000000000000000000000000000000010000000100101001101101101100100010000000000000000000000000000010111111110101100101011100011000100000000000000000000000000000000100000000110010011001010110011011000000000000000000000000000000
11111000111111110001000111101011100110001000000000000000000000000000000000000000000000000000000000000000000000000000000000000000000000010000000100101000101001010110000000000000000000000000000000000010111111110101100101011100011000100000000000000000000000000000000100000000110110100111110110001011000000000000000000000000000000
11111000111111110001000111101011100110001000000000000000000000000000000000000000000000000000000000000000000000000000000000000000000000010000000100101001101101101100100010000000000000000000000000000010111111110101100101011100011000100000000000000000000000000000000100000000111011100000000001101001000000000000000000000000000000
11111000111111110001000111101011100110001000000000000000000000000000000000000000000000000000000000000000000000000000000000000000000000010000000100101000101001010110000000000000000000000000000000000010111111110101100101011100011000100000000000000000000000000000000100000000111111100100101100101001100000000000000000000000000000
11111000111111110001000111101011100110001000000000000000000000000000000000000000000000000000000000000000000000000000000000000000000000010000000100101000101001010110000000000000000000000000000000000010111111110101100101011100011000100000000000000000000000000000001100000000010010001001011010010001100000000000000000000000000000
11111000111111110001000111101011100110001000000000000000000000000000000000000000000000000000000000000000000000000000000000000000000000010000000100101001101101101100100010000000000000000000000000000010111111110101100101011100011000100000000000000000000000000000001100000000100010011101010101010111000000000000000000000000000000
11111000111111110001000111101011100110001000000000000000000000000000000000000000000000000000000000000000000000000000000000000000000000010000000100101000101001010110000000000000000000000000000000000010111111110101100101011100011000100000000000000000000000000000001100000000101011001110000111100101000000000000000000000000000000
11111000111111110001000111101011100110001000000000000000000000000000000000000000000000000000000000000000000000000000000000000000000000010000000100101001101101101100100010000000000000000000000000000010111111110101100101011100011000100000000000000000000000000000001100000000110010011001010110011011000000000000000000000000000000
11111000111111110001000111101011100110001000000000000000000000000000000000000000000000000000000000000000000000000000000000000000000000010000000100101000101001010110000000000000000000000000000000000010111111110101100101011100011000100000000000000000000000000000001100000000110110100111110110001011000000000000000000000000000000
11111000111111110001000111101011100110001000000000000000000000000000000000000000000000000000000000000000000000000000000000000000000000010000000100101001101101101100100010000000000000000000000000000010111111110101100101011100011000100000000000000000000000000000001100000000111011100000000001101001000000000000000000000000000000
11111000111111110001000111101011100110001000000000000000000000000000000000000000000000000000000000000000000000000000000000000000000000010000000100101000101001010110000000000000000000000000000000000010111111110101100101011100011000100000000000000000000000000000001100000000111111100100101100101001100000000000000000000000000000
11001100111111110110011001100110000000000000000000000000000000000000000011111111111001001000011111101101100000000000000000000000000000010000000100101110101110101001111110000000000000000000000000000000111111110010111110110011011110000000000000000000000000000000001100000001100011011111110000101001000000000000000000000000000000
11001100111111110110011001100111000000000000000000000000000000000000000011111111111001001000011111101101100000000000000000000000000000010000000100101110101110101001111110000000000000000000000000000000111111101011110100011010111100000000000000000000000000000000001100000001100011101000010111000010100000000000000000000000000000
11001100111111110110011001100110000000000000000000000000000000000000000011111111111001001000011111101101100000000000000000000000000000010000000100101110101110101001111110000000000000000000000000000010111111101110001001001100000010000000000000000000000000000000001100000001100011011111110000101001000000000000000000000000000000
11001100111111110110011001100111000000000000000000000000000000000000000011111111111001001000011111101101100000000000000000000000000000010000000100101110101110101001111110000000000000000000000000000010111111110100000011001001011000000000000000000000000000000000001100000001100011101000010111000010100000000000000000000000000000
11001100111111110110011001100111000000000000000000000000000000000000000011111111111001001000011111101101100000000000000000000000000000010000000100110100001110010100101100000000000000000000000000000000111111110010111110110011011110000000000000000000000000000000001100000001100011000111101000111101100000000000000000000000000000
11001100111111110110011001100110000000000000000000000000000000000000000011111111111001001000011111101101100000000000000000000000000000010000000100110100001110010100101100000000000000000000000000000000111111101011110100011010111000000000000000000000000000000000001100000001100011010000001111010111000000000000000000000000000000
11001100111111110110011001100111000000000000000000000000000000000000000011111111111001001000011111101101100000000000000000000000000000010000000100110100001110010100101100000000000000000000000000000010111111101110001001001100000010000000000000000000000000000000001100000001100011000111101000111101100000000000000000000000000000
11001100111111110110011001100110000000000000000000000000000000000000000011111111111001001000011111101101100000000000000000000000000000010000000100110100001110010100101100000000000000000000000000000010111111110100000011001001011000000000000000000000000000000000001100000001100011010000001111010111000000000000000000000000000000
11001100111111110110011001100110000000000000000000000000000000000000000011111111111001001000011111101101100000000000000000000000000000010000000100111111010011010100001010000000000000000000000000000000111111110101001101000100101010100000000000000000000000000000001100000001100011011111110000101001000000000000000000000000000000
11001100111111110110011001100111000000000000000000000000000000000000000011111111111001001000011111101101100000000000000000000000000000010000000100111111010011010100001100000000000000000000000000000000111111110001110101101100001101000000000000000000000000000000001100000001100011101000010111000010100000000000000000000000000000
11001100111111110110011001100110000000000000000000000000000000000000000011111111111001001000011111101101100000000000000000000000000000010000000100111111010011010100001010000000000000000000000000000000111111101001000100111100111100000000000000000000000000000000001100000001100011011111110000101001000000000000000000000000000000
11001100111111110110011001100111000000000000000000000000000000000000000011111111111001001000011111101101100000000000000000000000000000010000000100111111010011010100001010000000000000000000000000000010111111101110100110011011110000000000000000000000000000000000001100000001100011101000010111000010100000000000000000000000000000
11001100111111110110011001100110000000000000000000000000000000000000000011111111111001001000011111101101100000000000000000000000000000010000000100111111010011010100001100000000000000000000000000000010111111110011110111101010110110000000000000000000000000000000001100000001100011011111110000101001000000000000000000000000000000
00000000000000000000000000000000000000000000000000000000000000000000000000000000000000000000000000000000000000000000000000000000000000000000000000000000000000000000000000000000000000000000000000000000000000000000000000000000000000000000000000000000000000000000000000000000000000000000000000000000000000000000000000000000000000
00000000000000000000000000000000000000000000000000000000000000000000000000000000000000000000000000000000000000000000000000000000000000000000000000000000000000000000000000000000000000000000000000000000000000000000000000000000000000000000000000000000000000000000000000000000000000000000000000000000000000000000000000000000000000
00000000000000000000000000000000000000000000000000000000000000000000000000000000000000000000000000000000000000000000000000000000000000000000000000000000000000000000000000000000000000000000000000000000000000000000000000000000000000000000000000000000000000000000000000000000000000000000000000000000000000000000000000000000000000
00000000000000000000000000000000000000000000000000000000000000000000000000000000000000000000000000000000000000000000000000000000000000000000000000000000000000000000000000000000000000000000000000000000000000000000000000000000000000000000000000000000000000000000000000000000000000000000000000000000000000000000000000000000000000
00000000000000000000000000000000000000000000000000000000000000000000000000000000000000000000000000000000000000000000000000000000000000000000000000000000000000000000000000000000000000000000000000000000000000000000000000000000000000000000000000000000000000000000000000000000000000000000000000000000000000000000000000000000000000
00000000000000000000000000000000000000000000000000000000000000000000000000000000000000000000000000000000000000000000000000000000000000000000000000000000000000000000000000000000000000000000000000000000000000000000000000000000000000000000000000000000000000000000000000000000000000000000000000000000000000000000000000000000000000
00000000000000000000000000000000000000000000000000000000000000000000000000000000000000000000000000000000000000000000000000000000000000000000000000000000000000000000000000000000000000000000000000000000000000000000000000000000000000000000000000000000000000000000000000000000000000000000000000000000000000000000000000000000000000
00000000000000000000000000000000000000000000000000000000000000000000000000000000000000000000000000000000000000000000000000000000000000000000000000000000000000000000000000000000000000000000000000000000000000000000000000000000000000000000000000000000000000000000000000000000000000000000000000000000000000000000000000000000000000
00000000000000000000000000000000000000000000000000000000000000000000000000000000000000000000000000000000000000000000000000000000000000000000000000000000000000000000000000000000000000000000000000000000000000000000000000000000000000000000000000000000000000000000000000000000000000000000000000000000000000000000000000000000000000
00000000000000000000000000000000000000000000000000000000000000000000000000000000000000000000000000000000000000000000000000000000000000000000000000000000000000000000000000000000000000000000000000000000000000000000000000000000000000000000000000000000000000000000000000000000000000000000000000000000000000000000000000000000000000
00000000000000000000000000000000000000000000000000000000000000000000000000000000000000000000000000000000000000000000000000000000000000000000000000000000000000000000000000000000000000000000000000000000000000000000000000000000000000000000000000000000000000000000000000000000000000000000000000000000000000000000000000000000000000
00000000000000000000000000000000000000000000000000000000000000000000000000000000000000000000000000000000000000000000000000000000000000000000000000000000000000000000000000000000000000000000000000000000000000000000000000000000000000000000000000000000000000000000000000000000000000000000000000000000000000000000000000000000000000
00000000000000000000000000000000000000000000000000000000000000000000000000000000000000000000000000000000000000000000000000000000000000000000000000000000000000000000000000000000000000000000000000000000000000000000000000000000000000000000000000000000000000000000000000000000000000000000000000000000000000000000000000000000000000
00000000000000000000000000000000000000000000000000000000000000000000000000000000000000000000000000000000000000000000000000000000000000000000000000000000000000000000000000000000000000000000000000000000000000000000000000000000000000000000000000000000000000000000000000000000000000000000000000000000000000000000000000000000000000
00000000000000000000000000000000000000000000000000000000000000000000000000000000000000000000000000000000000000000000000000000000000000000000000000000000000000000000000000000000000000000000000000000000000000000000000000000000000000000000000000000000000000000000000000000000000000000000000000000000000000000000000000000000000000
00000000000000000000000000000000000000000000000000000000000000000000000000000000000000000000000000000000000000000000000000000000000000000000000000000000000000000000000000000000000000000000000000000000000000000000000000000000000000000000000000000000000000000000000000000000000000000000000000000000000000000000000000000000000000
00000000000000000000000000000000000000000000000000000000000000000000000000000000000000000000000000000000000000000000000000000000000000000000000000000000000000000000000000000000000000000000000000000000000000000000000000000000000000000000000000000000000000000000000000000000000000000000000000000000000000000000000000000000000000
00000000000000000000000000000000000000000000000000000000000000000000000000000000000000000000000000000000000000000000000000000000000000000000000000000000000000000000000000000000000000000000000000000000000000000000000000000000000000000000000000000000000000000000000000000000000000000000000000000000000000000000000000000000000000
00000000000000000000000000000000000000000000000000000000000000000000000000000000000000000000000000000000000000000000000000000000000000000000000000000000000000000000000000000000000000000000000000000000000000000000000000000000000000000000000000000000000000000000000000000000000000000000000000000000000000000000000000000000000000
00000000000000000000000000000000000000000000000000000000000000000000000000000000000000000000000000000000000000000000000000000000000000000000000000000000000000000000000000000000000000000000000000000000000000000000000000000000000000000000000000000000000000000000000000000000000000000000000000000000000000000000000000000000000000
00000000000000000000000000000000000000000000000000000000000000000000000000000000000000000000000000000000000000000000000000000000000000000000000000000000000000000000000000000000000000000000000000000000000000000000000000000000000000000000000000000000000000000000000000000000000000000000000000000000000000000000000000000000000000
00000000000000000000000000000000000000000000000000000000000000000000000000000000000000000000000000000000000000000000000000000000000000000000000000000000000000000000000000000000000000000000000000000000000000000000000000000000000000000000000000000000000000000000000000000000000000000000000000000000000000000000000000000000000000
00000000000000000000000000000000000000000000000000000000000000000000000000000000000000000000000000000000000000000000000000000000000000000000000000000000000000000000000000000000000000000000000000000000000000000000000000000000000000000000000000000000000000000000000000000000000000000000000000000000000000000000000000000000000000
00000000000000000000000000000000000000000000000000000000000000000000000000000000000000000000000000000000000000000000000000000000000000000000000000000000000000000000000000000000000000000000000000000000000000000000000000000000000000000000000000000000000000000000000000000000000000000000000000000000000000000000000000000000000000
00000000000000000000000000000000000000000000000000000000000000000000000000000000000000000000000000000000000000000000000000000000000000000000000000000000000000000000000000000000000000000000000000000000000000000000000000000000000000000000000000000000000000000000000000000000000000000000000000000000000000000000000000000000000000
00000000000000000000000000000000000000000000000000000000000000000000000000000000000000000000000000000000000000000000000000000000000000000000000000000000000000000000000000000000000000000000000000000000000000000000000000000000000000000000000000000000000000000000000000000000000000000000000000000000000000000000000000000000000000
00000000000000000000000000000000000000000000000000000000000000000000000000000000000000000000000000000000000000000000000000000000000000000000000000000000000000000000000000000000000000000000000000000000000000000000000000000000000000000000000000000000000000000000000000000000000000000000000000000000000000000000000000000000000000
00000000000000000000000000000000000000000000000000000000000000000000000000000000000000000000000000000000000000000000000000000000000000000000000000000000000000000000000000000000000000000000000000000000000000000000000000000000000000000000000000000000000000000000000000000000000000000000000000000000000000000000000000000000000000
00000000000000000000000000000000000000000000000000000000000000000000000000000000000000000000000000000000000000000000000000000000000000000000000000000000000000000000000000000000000000000000000000000000000000000000000000000000000000000000000000000000000000000000000000000000000000000000000000000000000000000000000000000000000000
