11111000111111110001000111101011101000010000000000000000000000000000001011110010101000000111000000011100100000000000000000000000000000010000000100101001101101101100100100000000000000000000000000000010111111110101100101011100011000000000000000000000000000000000000011110100010001001011011111101110100000000000000000000000000000
11111000111111110001000111101011010100100000000000000000000000000000000000000000000000000000000000000000000000000000000000000000000000010000000100101000101001010110000000000000000000000000000000000010111111110101100101011100011000000000000000000000000000000000000100000000010010001001011010010001100000000000000000000000000000
11111000111111110001000111101011101000010000000000000000000000000000000000000000000000000000000000000000000000000000000000000000000000010000000100101001101101101100100100000000000000000000000000000010111111110101100101011100011000000000000000000000000000000000000100000000100010011101010101010111000000000000000000000000000000
11111000111111110001000111101011010100100000000000000000000000000000000000000000000000000000000000000000000000000000000000000000000000010000000100101000101001010110000000000000000000000000000000000010111111110101100101011100011000000000000000000000000000000000000100000000101011001110000111100101000000000000000000000000000000
11111000111111110001000111101011101000010000000000000000000000000000000000000000000000000000000000000000000000000000000000000000000000010000000100101001101101101100100100000000000000000000000000000010111111110101100101011100011000000000000000000000000000000000000100000000110010011001010110011011000000000000000000000000000000
11111000111111110001000111101011010100100000000000000000000000000000000000000000000000000000000000000000000000000000000000000000000000010000000100101000101001010110000000000000000000000000000000000010111111110101100101011100011000000000000000000000000000000000000100000000110110100111110110001011000000000000000000000000000000
11111000111111110001000111101011101000010000000000000000000000000000000000000000000000000000000000000000000000000000000000000000000000010000000100101001101101101100100100000000000000000000000000000010111111110101100101011100011000000000000000000000000000000000000100000000111011100000000001101001000000000000000000000000000000
11111000111111110001000111101011010100100000000000000000000000000000000000000000000000000000000000000000000000000000000000000000000000010000000100101000101001010110000000000000000000000000000000000010111111110101100101011100011000000000000000000000000000000000000100000000111111100100101100101001100000000000000000000000000000
11111000111111110001000111101011010100100000000000000000000000000000000000000000000000000000000000000000000000000000000000000000000000010000000100101000101001010110000000000000000000000000000000000010111111110101100101011100011000000000000000000000000000000000001100000000010010001001011010010001100000000000000000000000000000
11111000111111110001000111101011101000010000000000000000000000000000000000000000000000000000000000000000000000000000000000000000000000010000000100101001101101101100100100000000000000000000000000000010111111110101100101011100011000000000000000000000000000000000001100000000100010011101010101010111000000000000000000000000000000
11111000111111110001000111101011010100100000000000000000000000000000000000000000000000000000000000000000000000000000000000000000000000010000000100101000101001010110000000000000000000000000000000000010111111110101100101011100011000000000000000000000000000000000001100000000101011001110000111100101000000000000000000000000000000
11111000111111110001000111101011101000010000000000000000000000000000000000000000000000000000000000000000000000000000000000000000000000010000000100101001101101101100100100000000000000000000000000000010111111110101100101011100011000000000000000000000000000000000001100000000110010011001010110011011000000000000000000000000000000
11111000111111110001000111101011010100100000000000000000000000000000000000000000000000000000000000000000000000000000000000000000000000010000000100101000101001010110000000000000000000000000000000000010111111110101100101011100011000000000000000000000000000000000001100000000110110100111110110001011000000000000000000000000000000
11111000111111110001000111101011101000010000000000000000000000000000000000000000000000000000000000000000000000000000000000000000000000010000000100101001101101101100100100000000000000000000000000000010111111110101100101011100011000000000000000000000000000000000001100000000111011100000000001101001000000000000000000000000000000
11111000111111110001000111101011010100100000000000000000000000000000000000000000000000000000000000000000000000000000000000000000000000010000000100101000101001010110000000000000000000000000000000000010111111110101100101011100011000000000000000000000000000000000001100000000111111100100101100101001100000000000000000000000000000
11111000111111110001000111101011100110001000000000000000000000000000001011110010100100011100011111110101000000000000000000000000000000010000000100101001101101101100100010000000000000000000000000000010000000000000000000000000000000000000000000000000000000000000000011110100001111010101010110101111000000000000000000000000000000
11111000111111110001000111101011100110001000000000000000000000000000000000000000000000000000000000000000000000000000000000000000000000010000000100101000101001010110000000000000000000000000000000000010000000000000000000000000000000000000000000000000000000000000000100000000010010001001011010010001100000000000000000000000000000
11111000111111110001000111101011100110001000000000000000000000000000000000000000000000000000000000000000000000000000000000000000000000010000000100101001101101101100100010000000000000000000000000000010000000000000000000000000000000000000000000000000000000000000000100000000100010011101010101010111000000000000000000000000000000
11111000111111110001000111101011100110001000000000000000000000000000000000000000000000000000000000000000000000000000000000000000000000010000000100101000101001010110000000000000000000000000000000000010000000000000000000000000000000000000000000000000000000000000000100000000101011001110000111100101000000000000000000000000000000
11111000111111110001000111101011100110001000000000000000000000000000000000000000000000000000000000000000000000000000000000000000000000010000000100101001101101101100100010000000000000000000000000000010000000000000000000000000000000000000000000000000000000000000000100000000110010011001010110011011000000000000000000000000000000
11111000111111110001000111101011100110001000000000000000000000000000000000000000000000000000000000000000000000000000000000000000000000010000000100101000101001010110000000000000000000000000000000000010000000000000000000000000000000000000000000000000000000000000000100000000110110100111110110001011000000000000000000000000000000
11111000111111110001000111101011100110001000000000000000000000000000000000000000000000000000000000000000000000000000000000000000000000010000000100101001101101101100100010000000000000000000000000000010000000000000000000000000000000000000000000000000000000000000000100000000111011100000000001101001000000000000000000000000000000
11111000111111110001000111101011100110001000000000000000000000000000000000000000000000000000000000000000000000000000000000000000000000010000000100101000101001010110000000000000000000000000000000000010000000000000000000000000000000000000000000000000000000000000000100000000111111100100101100101001100000000000000000000000000000
11111000111111110001000111101011100110001000000000000000000000000000000000000000000000000000000000000000000000000000000000000000000000010000000100101000101001010110000000000000000000000000000000000010000000000000000000000000000000000000000000000000000000000000001100000000010010001001011010010001100000000000000000000000000000
11111000111111110001000111101011100110001000000000000000000000000000000000000000000000000000000000000000000000000000000000000000000000010000000100101001101101101100100010000000000000000000000000000010000000000000000000000000000000000000000000000000000000000000001100000000100010011101010101010111000000000000000000000000000000
11111000111111110001000111101011100110001000000000000000000000000000000000000000000000000000000000000000000000000000000000000000000000010000000100101000101001010110000000000000000000000000000000000010000000000000000000000000000000000000000000000000000000000000001100000000101011001110000111100101000000000000000000000000000000
11111000111111110001000111101011100110001000000000000000000000000000000000000000000000000000000000000000000000000000000000000000000000010000000100101001101101101100100010000000000000000000000000000010000000000000000000000000000000000000000000000000000000000000001100000000110010011001010110011011000000000000000000000000000000
11111000111111110001000111101011100110001000000000000000000000000000000000000000000000000000000000000000000000000000000000000000000000010000000100101000101001010110000000000000000000000000000000000010000000000000000000000000000000000000000000000000000000000000001100000000110110100111110110001011000000000000000000000000000000
11111000111111110001000111101011100110001000000000000000000000000000000000000000000000000000000000000000000000000000000000000000000000010000000100101001101101101100100010000000000000000000000000000010000000000000000000000000000000000000000000000000000000000000001100000000111011100000000001101001000000000000000000000000000000
11111000111111110001000111101011100110001000000000000000000000000000000000000000000000000000000000000000000000000000000000000000000000010000000100101000101001010110000000000000000000000000000000000010000000000000000000000000000000000000000000000000000000000000001100000000111111100100101100101001100000000000000000000000000000
11001100111111110110011001100110000000000000000000000000000000000000000011111111111001001000011111101101100000000000000000000000000000010000000100101110101110101001111110000000000000000000000000000000111111110100000011001001010111010000000000000000000000000000001100000001100011011111110000101001000000000000000000000000000000
11001100111111110110011001100111000000000000000000000000000000000000000011111111111001001000011111101101100000000000000000000000000000010000000100101110101110101001111110000000000000000000000000000000111111101110001001001100000101001000000000000000000000000000001100000001100011101000010111000010100000000000000000000000000000
11001100111111110110011001100110000000000000000000000000000000000000000011111111111001001000011111101101100000000000000000000000000000010000000100101110101110101001111110000000000000000000000000000010111111101011110100011010110000000000000000000000000000000000001100000001100011011111110000101001000000000000000000000000000000
11001100111111110110011001100111000000000000000000000000000000000000000011111111111001001000011111101101100000000000000000000000000000010000000100101110101110101001111110000000000000000000000000000010111111110010111110110011011100000000000000000000000000000000001100000001100011101000010111000010100000000000000000000000000000
11001100111111110110011001100111000000000000000000000000000000000000000011111111111001001000011111101101100000000000000000000000000000010000000100110100001110010100101100000000000000000000000000000000111111110100000011001001010111010000000000000000000000000000001100000001100011000111101000111101100000000000000000000000000000
11001100111111110110011001100110000000000000000000000000000000000000000011111111111001001000011111101101100000000000000000000000000000010000000100110100001110010100101100000000000000000000000000000000111111101110001001001100000101001000000000000000000000000000001100000001100011010000001111010111000000000000000000000000000000
11001100111111110110011001100111000000000000000000000000000000000000000011111111111001001000011111101101100000000000000000000000000000010000000100110100001110010100101100000000000000000000000000000010111111101011110100011010110000000000000000000000000000000000001100000001100011000111101000111101100000000000000000000000000000
11001100111111110110011001100110000000000000000000000000000000000000000011111111111001001000011111101101100000000000000000000000000000010000000100110100001110010100101100000000000000000000000000000010111111110010111110110011011100000000000000000000000000000000001100000001100011010000001111010111000000000000000000000000000000
11001100111111110110011001100111000000000000000000000000000000000000000011111111111001001000011111101101100000000000000000000000000000010000000100111111010011010100001010000000000000000000000000000000111111110011110111101010111010100000000000000000000000000000001100000001100011101000010111000010100000000000000000000000000000
11001100111111110110011001100110000000000000000000000000000000000000000011111111111001001000011111101101100000000000000000000000000000010000000100111111010011010100001100000000000000000000000000000000111111101110100110011011110101001000000000000000000000000000001100000001100011011111110000101001000000000000000000000000000000
11001100111111110110011001100111000000000000000000000000000000000000000011111111111001001000011111101101100000000000000000000000000000010000000100111111010011010100001010000000000000000000000000000010111111101001000100111100110000000000000000000000000000000000001100000001100011101000010111000010100000000000000000000000000000
11001100111111110110011001100110000000000000000000000000000000000000000011111111111001001000011111101101100000000000000000000000000000010000000100111111010011010100001010000000000000000000000000000010111111110001110101101100001000000000000000000000000000000000001100000001100011011111110000101001000000000000000000000000000000
11001100111111110110011001100111000000000000000000000000000000000000000011111111111001001000011111101101100000000000000000000000000000010000000100111111010011010100001100000000000000000000000000000010111111110101001101000100101000000000000000000000000000000000001100000001100011101000010111000010100000000000000000000000000000
00000000000000000000000000000000000000000000000000000000000000000000000000000000000000000000000000000000000000000000000000000000000000000000000000000000000000000000000000000000000000000000000000000000000000000000000000000000000000000000000000000000000000000000000000000000000000000000000000000000000000000000000000000000000000
00000000000000000000000000000000000000000000000000000000000000000000000000000000000000000000000000000000000000000000000000000000000000000000000000000000000000000000000000000000000000000000000000000000000000000000000000000000000000000000000000000000000000000000000000000000000000000000000000000000000000000000000000000000000000
00000000000000000000000000000000000000000000000000000000000000000000000000000000000000000000000000000000000000000000000000000000000000000000000000000000000000000000000000000000000000000000000000000000000000000000000000000000000000000000000000000000000000000000000000000000000000000000000000000000000000000000000000000000000000
00000000000000000000000000000000000000000000000000000000000000000000000000000000000000000000000000000000000000000000000000000000000000000000000000000000000000000000000000000000000000000000000000000000000000000000000000000000000000000000000000000000000000000000000000000000000000000000000000000000000000000000000000000000000000
00000000000000000000000000000000000000000000000000000000000000000000000000000000000000000000000000000000000000000000000000000000000000000000000000000000000000000000000000000000000000000000000000000000000000000000000000000000000000000000000000000000000000000000000000000000000000000000000000000000000000000000000000000000000000
00000000000000000000000000000000000000000000000000000000000000000000000000000000000000000000000000000000000000000000000000000000000000000000000000000000000000000000000000000000000000000000000000000000000000000000000000000000000000000000000000000000000000000000000000000000000000000000000000000000000000000000000000000000000000
00000000000000000000000000000000000000000000000000000000000000000000000000000000000000000000000000000000000000000000000000000000000000000000000000000000000000000000000000000000000000000000000000000000000000000000000000000000000000000000000000000000000000000000000000000000000000000000000000000000000000000000000000000000000000
00000000000000000000000000000000000000000000000000000000000000000000000000000000000000000000000000000000000000000000000000000000000000000000000000000000000000000000000000000000000000000000000000000000000000000000000000000000000000000000000000000000000000000000000000000000000000000000000000000000000000000000000000000000000000
00000000000000000000000000000000000000000000000000000000000000000000000000000000000000000000000000000000000000000000000000000000000000000000000000000000000000000000000000000000000000000000000000000000000000000000000000000000000000000000000000000000000000000000000000000000000000000000000000000000000000000000000000000000000000
00000000000000000000000000000000000000000000000000000000000000000000000000000000000000000000000000000000000000000000000000000000000000000000000000000000000000000000000000000000000000000000000000000000000000000000000000000000000000000000000000000000000000000000000000000000000000000000000000000000000000000000000000000000000000
00000000000000000000000000000000000000000000000000000000000000000000000000000000000000000000000000000000000000000000000000000000000000000000000000000000000000000000000000000000000000000000000000000000000000000000000000000000000000000000000000000000000000000000000000000000000000000000000000000000000000000000000000000000000000
00000000000000000000000000000000000000000000000000000000000000000000000000000000000000000000000000000000000000000000000000000000000000000000000000000000000000000000000000000000000000000000000000000000000000000000000000000000000000000000000000000000000000000000000000000000000000000000000000000000000000000000000000000000000000
00000000000000000000000000000000000000000000000000000000000000000000000000000000000000000000000000000000000000000000000000000000000000000000000000000000000000000000000000000000000000000000000000000000000000000000000000000000000000000000000000000000000000000000000000000000000000000000000000000000000000000000000000000000000000
00000000000000000000000000000000000000000000000000000000000000000000000000000000000000000000000000000000000000000000000000000000000000000000000000000000000000000000000000000000000000000000000000000000000000000000000000000000000000000000000000000000000000000000000000000000000000000000000000000000000000000000000000000000000000
00000000000000000000000000000000000000000000000000000000000000000000000000000000000000000000000000000000000000000000000000000000000000000000000000000000000000000000000000000000000000000000000000000000000000000000000000000000000000000000000000000000000000000000000000000000000000000000000000000000000000000000000000000000000000
00000000000000000000000000000000000000000000000000000000000000000000000000000000000000000000000000000000000000000000000000000000000000000000000000000000000000000000000000000000000000000000000000000000000000000000000000000000000000000000000000000000000000000000000000000000000000000000000000000000000000000000000000000000000000
00000000000000000000000000000000000000000000000000000000000000000000000000000000000000000000000000000000000000000000000000000000000000000000000000000000000000000000000000000000000000000000000000000000000000000000000000000000000000000000000000000000000000000000000000000000000000000000000000000000000000000000000000000000000000
00000000000000000000000000000000000000000000000000000000000000000000000000000000000000000000000000000000000000000000000000000000000000000000000000000000000000000000000000000000000000000000000000000000000000000000000000000000000000000000000000000000000000000000000000000000000000000000000000000000000000000000000000000000000000
00000000000000000000000000000000000000000000000000000000000000000000000000000000000000000000000000000000000000000000000000000000000000000000000000000000000000000000000000000000000000000000000000000000000000000000000000000000000000000000000000000000000000000000000000000000000000000000000000000000000000000000000000000000000000
00000000000000000000000000000000000000000000000000000000000000000000000000000000000000000000000000000000000000000000000000000000000000000000000000000000000000000000000000000000000000000000000000000000000000000000000000000000000000000000000000000000000000000000000000000000000000000000000000000000000000000000000000000000000000
00000000000000000000000000000000000000000000000000000000000000000000000000000000000000000000000000000000000000000000000000000000000000000000000000000000000000000000000000000000000000000000000000000000000000000000000000000000000000000000000000000000000000000000000000000000000000000000000000000000000000000000000000000000000000
00000000000000000000000000000000000000000000000000000000000000000000000000000000000000000000000000000000000000000000000000000000000000000000000000000000000000000000000000000000000000000000000000000000000000000000000000000000000000000000000000000000000000000000000000000000000000000000000000000000000000000000000000000000000000
00000000000000000000000000000000000000000000000000000000000000000000000000000000000000000000000000000000000000000000000000000000000000000000000000000000000000000000000000000000000000000000000000000000000000000000000000000000000000000000000000000000000000000000000000000000000000000000000000000000000000000000000000000000000000
00000000000000000000000000000000000000000000000000000000000000000000000000000000000000000000000000000000000000000000000000000000000000000000000000000000000000000000000000000000000000000000000000000000000000000000000000000000000000000000000000000000000000000000000000000000000000000000000000000000000000000000000000000000000000
00000000000000000000000000000000000000000000000000000000000000000000000000000000000000000000000000000000000000000000000000000000000000000000000000000000000000000000000000000000000000000000000000000000000000000000000000000000000000000000000000000000000000000000000000000000000000000000000000000000000000000000000000000000000000
00000000000000000000000000000000000000000000000000000000000000000000000000000000000000000000000000000000000000000000000000000000000000000000000000000000000000000000000000000000000000000000000000000000000000000000000000000000000000000000000000000000000000000000000000000000000000000000000000000000000000000000000000000000000000
00000000000000000000000000000000000000000000000000000000000000000000000000000000000000000000000000000000000000000000000000000000000000000000000000000000000000000000000000000000000000000000000000000000000000000000000000000000000000000000000000000000000000000000000000000000000000000000000000000000000000000000000000000000000000
00000000000000000000000000000000000000000000000000000000000000000000000000000000000000000000000000000000000000000000000000000000000000000000000000000000000000000000000000000000000000000000000000000000000000000000000000000000000000000000000000000000000000000000000000000000000000000000000000000000000000000000000000000000000000
00000000000000000000000000000000000000000000000000000000000000000000000000000000000000000000000000000000000000000000000000000000000000000000000000000000000000000000000000000000000000000000000000000000000000000000000000000000000000000000000000000000000000000000000000000000000000000000000000000000000000000000000000000000000000
