10100011111111000111000010100010000001100000000000000000000000000000000000000000000000000000000000000000000000000000000000000000000001000000000101000001100110011001101000000000000000000000000000000011111110000010011011101001011110000000000000000000000000000000010000000101101101010110101110000100000000000000000000000000000010111111110010011100011011110101000000000000000000000000000000000100000000010101000111010101001111000000000000000000000000000000
10100011111111000111000010100101000001000000000000000000000000000000000000000000000000000000000000000000000000000000000000000000000001000000000101000001100110011001101000000000000000000000000000000011111110000010011011101001011110000000000000000000000000000000010000000101101101000101011100001100000000000000000000000000000010111111110010011100011011110101000000000000000000000000000000000100000000101110010101011000000100000000000000000000000000000000
10100011111111000111000010100010000001100000000000000000000000000000000000000000000000000000000000000000000000000000000000000000000001000000000101000001100110011001101000000000000000000000000000000011111110000010011011101001011110000000000000000000000000000000010000000101101101010110101110000100000000000000000000000000000010111111110010011100011011110101000000000000000000000000000000000100000000111001001111111010101011000000000000000000000000000000
10100011111111000111000010100101000001000000000000000000000000000000000000000000000000000000000000000000000000000000000000000000000001000000000101000001100110011001101000000000000000000000000000000011111110000010011011101001011110000000000000000000000000000000010000000101101101000101011100001100000000000000000000000000000010111111110010011100011011110101000000000000000000000000000000000100000001000001011110011010101000000000000000000000000000000000
10100011111111000111000010100010000001100000000000000000000000000000000000000000000000000000000000000000000000000000000000000000000001000000000101000001100110011001101000000000000000000000000000000011111110000010011011101001011110000000000000000000000000000000010000000101101101010110101110000100000000000000000000000000000010111111110010011100011011110101000000000000000000000000000000000100000001000110100010100011011011100000000000000000000000000000
10100011111111000111000010100101000001000000000000000000000000000000000000000000000000000000000000000000000000000000000000000000000001000000000101000001100110011001101000000000000000000000000000000011111110000010011011101001011110000000000000000000000000000000010000000101101101000101011100001100000000000000000000000000000010111111110010011100011011110101000000000000000000000000000000000100000001001011010011000101001110000000000000000000000000000000
10100011111111000111000010100010000001100000000000000000000000000000000000000000000000000000000000000000000000000000000000000000000001000000000101000001100110011001101000000000000000000000000000000011111110000010011011101001011110000000000000000000000000000000010000000101101101010110101110000100000000000000000000000000000010111111110010011100011011110101000000000000000000000000000000000100000001010000001100010111011101000000000000000000000000000000
10100011111111000111000010100101000001000000000000000000000000000000000000000000000000000000000000000000000000000000000000000000000001000000000101000001100110011001101000000000000000000000000000000011111110000010011011101001011110000000000000000000000000000000010000000101101101000101011100001100000000000000000000000000000010111111110010011100011011110101000000000000000000000000000000000100000001010010100001001010101001100000000000000000000000000000
10100011111111000111000010100010000001100000000000000000000000000000000000000000000000000000000000000000000000000000000000000000000001000000000101000001100110011001101000000000000000000000000000000011111110000010011011101001011110000000000000000000000000000000010000000101101101010110101110000100000000000000000000000000000010111111110010011100011011110101000000000000000000000000000000000100000001010101000100101111011010100000000000000000000000000000
10100011111111000111000010100101000001000000000000000000000000000000000000000000000000000000000000000000000000000000000000000000000001000000000101000001100110011001101000000000000000000000000000000011111110000010011011101001011110000000000000000000000000000000010000000101101101000101011100001100000000000000000000000000000010111111110010011100011011110101000000000000000000000000000000000100000001010111010110010101110100000000000000000000000000000000
10100011111111000111000010100010000001100000000000000000000000000000000000000000000000000000000000000000000000000000000000000000000001000000000101000001100110011001101000000000000000000000000000000011111110000010011011101001011110000000000000000000000000000000010000000101101101010110101110000100000000000000000000000000000010111111110010011100011011110101000000000000000000000000000000000100000001011001111010101001111111000000000000000000000000000000
10100011111111000111000010100101000001000000000000000000000000000000000000000000000000000000000000000000000000000000000000000000000001000000000101000001100110011001101000000000000000000000000000000011111110000010011011101001011110000000000000000000000000000000010000000101101101000101011100001100000000000000000000000000000010111111110010011100011011110101000000000000000000000000000000000100000001011100001010001010001111100000000000000000000000000000
10100011111111000111000010100100110110000000000000000000000000000000000000000000000000000000000000000000000000000000000000000000000001000000000101000001100110011001101000000000000000000000000000000011111110000010011011101001011110000000000000000000000000000000010000000101110000100000111101011100000000000000000000000000000010111111101111101110111011000000000000000000000000000000000000000100000000010101000111010101001111000000000000000000000000000000
10100011111111000111000010100010011100100000000000000000000000000000000000000000000000000000000000000000000000000000000000000000000001000000000101000001100110011001101000000000000000000000000000000011111110000010011011101001011110000000000000000000000000000000010000000101110000001111101011100000000000000000000000000000000010111111101111101110111011000000000000000000000000000000000000000100000000101110010101011000000100000000000000000000000000000000
10100011111111000111000010100100110110000000000000000000000000000000000000000000000000000000000000000000000000000000000000000000000001000000000101000001100110011001101000000000000000000000000000000011111110000010011011101001011110000000000000000000000000000000010000000101110000100000111101011100000000000000000000000000000010111111101111101110111011000000000000000000000000000000000000000100000000111001001111111010101011000000000000000000000000000000
10100011111111000111000010100010011100100000000000000000000000000000000000000000000000000000000000000000000000000000000000000000000001000000000101000001100110011001101000000000000000000000000000000011111110000010011011101001011110000000000000000000000000000000010000000101110000001111101011100000000000000000000000000000000010111111101111101110111011000000000000000000000000000000000000000100000001000001011110011010101000000000000000000000000000000000
10100011111111000111000010100100110110000000000000000000000000000000000000000000000000000000000000000000000000000000000000000000000001000000000101000001100110011001101000000000000000000000000000000011111110000010011011101001011110000000000000000000000000000000010000000101110000100000111101011100000000000000000000000000000010111111101111101110111011000000000000000000000000000000000000000100000001000110100010100011011011100000000000000000000000000000
10100011111111000111000010100010011100100000000000000000000000000000000000000000000000000000000000000000000000000000000000000000000001000000000101000001100110011001101000000000000000000000000000000011111110000010011011101001011110000000000000000000000000000000010000000101110000001111101011100000000000000000000000000000000010111111101111101110111011000000000000000000000000000000000000000100000001001011010011000101001110000000000000000000000000000000
10100011111111000111000010100100110110000000000000000000000000000000000000000000000000000000000000000000000000000000000000000000000001000000000101000001100110011001101000000000000000000000000000000011111110000010011011101001011110000000000000000000000000000000010000000101110000100000111101011100000000000000000000000000000010111111101111101110111011000000000000000000000000000000000000000100000001010000001100010111011101000000000000000000000000000000
10100011111111000111000010100010011100100000000000000000000000000000000000000000000000000000000000000000000000000000000000000000000001000000000101000001100110011001101000000000000000000000000000000011111110000010011011101001011110000000000000000000000000000000010000000101110000001111101011100000000000000000000000000000000010111111101111101110111011000000000000000000000000000000000000000100000001010010100001001010101001100000000000000000000000000000
10100011111111000111000010100100110110000000000000000000000000000000000000000000000000000000000000000000000000000000000000000000000001000000000101000001100110011001101000000000000000000000000000000011111110000010011011101001011110000000000000000000000000000000010000000101110000100000111101011100000000000000000000000000000010111111101111101110111011000000000000000000000000000000000000000100000001010101000100101111011010100000000000000000000000000000
10100011111111000111000010100010011100100000000000000000000000000000000000000000000000000000000000000000000000000000000000000000000001000000000101000001100110011001101000000000000000000000000000000011111110000010011011101001011110000000000000000000000000000000010000000101110000001111101011100000000000000000000000000000000010111111101111101110111011000000000000000000000000000000000000000100000001010111010110010101110100000000000000000000000000000000
10100011111111000111000010100100110110000000000000000000000000000000000000000000000000000000000000000000000000000000000000000000000001000000000101000001100110011001101000000000000000000000000000000011111110000010011011101001011110000000000000000000000000000000010000000101110000100000111101011100000000000000000000000000000010111111101111101110111011000000000000000000000000000000000000000100000001011001111010101001111111000000000000000000000000000000
10100011111111000111000010100010011100100000000000000000000000000000000000000000000000000000000000000000000000000000000000000000000001000000000101000001100110011001101000000000000000000000000000000011111110000010011011101001011110000000000000000000000000000000010000000101110000001111101011100000000000000000000000000000000010111111101111101110111011000000000000000000000000000000000000000100000001011100001010001010001111100000000000000000000000000000
10100011111111000111000010100101001000000000000000000000000000000000000000000000000000000000000000000000000000000000000000000000000001000000000101000001100110011001101000000000000000000000000000000011111110000010011011101001011110000000000000000000000000000000010000000101101101010110101110000100000000000000000000000000000010111111101001001001111100101100000000000000000000000000000000000100000000010101000111010101001111000000000000000000000000000000
10100011111111000111000010100101001000000000000000000000000000000000000000000000000000000000000000000000000000000000000000000000000001000000000101000001100110011001101000000000000000000000000000000011111110000010011011101001011110000000000000000000000000000000010000000101101101000101011100001010000000000000000000000000000010111111101001001001111100101100000000000000000000000000000000000100000000101110010101011000000100000000000000000000000000000000
10100011111111000111000010100101001000000000000000000000000000000000000000000000000000000000000000000000000000000000000000000000000001000000000101000001100110011001101000000000000000000000000000000011111110000010011011101001011110000000000000000000000000000000010000000101101101010110101110000100000000000000000000000000000010111111101001001001111100101100000000000000000000000000000000000100000000111001001111111010101011000000000000000000000000000000
10100011111111000111000010100101001000000000000000000000000000000000000000000000000000000000000000000000000000000000000000000000000001000000000101000001100110011001101000000000000000000000000000000011111110000010011011101001011110000000000000000000000000000000010000000101101101000101011100001010000000000000000000000000000010111111101001001001111100101100000000000000000000000000000000000100000001000001011110011010101000000000000000000000000000000000
10100011111111000111000010100101001000000000000000000000000000000000000000000000000000000000000000000000000000000000000000000000000001000000000101000001100110011001101000000000000000000000000000000011111110000010011011101001011110000000000000000000000000000000010000000101101101010110101110000100000000000000000000000000000010111111101001001001111100101100000000000000000000000000000000000100000001000110100010100011011011100000000000000000000000000000
10100011111111000111000010100101001000000000000000000000000000000000000000000000000000000000000000000000000000000000000000000000000001000000000101000001100110011001101000000000000000000000000000000011111110000010011011101001011110000000000000000000000000000000010000000101101101000101011100001010000000000000000000000000000010111111101001001001111100101100000000000000000000000000000000000100000001001011010011000101001110000000000000000000000000000000
10100011111111000111000010100101001000000000000000000000000000000000000000000000000000000000000000000000000000000000000000000000000001000000000101000001100110011001101000000000000000000000000000000011111110000010011011101001011110000000000000000000000000000000010000000101101101010110101110000100000000000000000000000000000010111111101001001001111100101100000000000000000000000000000000000100000001010000001100010111011101000000000000000000000000000000
10100011111111000111000010100101001000000000000000000000000000000000000000000000000000000000000000000000000000000000000000000000000001000000000101000001100110011001101000000000000000000000000000000011111110000010011011101001011110000000000000000000000000000000010000000101101101000101011100001010000000000000000000000000000010111111101001001001111100101100000000000000000000000000000000000100000001010010100001001010101001100000000000000000000000000000
10100011111111000111000010100101001000000000000000000000000000000000000000000000000000000000000000000000000000000000000000000000000001000000000101000001100110011001101000000000000000000000000000000011111110000010011011101001011110000000000000000000000000000000010000000101101101010110101110000100000000000000000000000000000010111111101001001001111100101100000000000000000000000000000000000100000001010101000100101111011010100000000000000000000000000000
10100011111111000111000010100101001000000000000000000000000000000000000000000000000000000000000000000000000000000000000000000000000001000000000101000001100110011001101000000000000000000000000000000011111110000010011011101001011110000000000000000000000000000000010000000101101101000101011100001010000000000000000000000000000010111111101001001001111100101100000000000000000000000000000000000100000001010111010110010101110100000000000000000000000000000000
10100011111111000111000010100101001000000000000000000000000000000000000000000000000000000000000000000000000000000000000000000000000001000000000101000001100110011001101000000000000000000000000000000011111110000010011011101001011110000000000000000000000000000000010000000101101101010110101110000100000000000000000000000000000010111111101001001001111100101100000000000000000000000000000000000100000001011001111010101001111111000000000000000000000000000000
10100011111111000111000010100101001000000000000000000000000000000000000000000000000000000000000000000000000000000000000000000000000001000000000101000001100110011001101000000000000000000000000000000011111110000010011011101001011110000000000000000000000000000000010000000101101101000101011100001010000000000000000000000000000010111111101001001001111100101100000000000000000000000000000000000100000001011100001010001010001111100000000000000000000000000000
10100011111111000111000010100011011101100000000000000000000000000000000000000000000000000000000000000000000000000000000000000000000001000000000101000001100110011001101000000000000000000000000000000011111110000010011011101001011110000000000000000000000000000000010000000101101101010110101110000110000000000000000000000000000000111111101111101110111010111110000000000000000000000000000000000100000000010101000111010101001111000000000000000000000000000000
10100011111111000111000010100100010000000000000000000000000000000000000000000000000000000000000000000000000000000000000000000000000001000000000101000001100110011001101000000000000000000000000000000011111110000010011011101001011110000000000000000000000000000000010000000101101101000101011100001010000000000000000000000000000000111111101111101110111010111110000000000000000000000000000000000100000000101110010101011000000100000000000000000000000000000000
10100011111111000111000010100011011101100000000000000000000000000000000000000000000000000000000000000000000000000000000000000000000001000000000101000001100110011001101000000000000000000000000000000011111110000010011011101001011110000000000000000000000000000000010000000101101101010110101110000110000000000000000000000000000000111111101111101110111010111110000000000000000000000000000000000100000000111001001111111010101011000000000000000000000000000000
10100011111111000111000010100100010000000000000000000000000000000000000000000000000000000000000000000000000000000000000000000000000001000000000101000001100110011001101000000000000000000000000000000011111110000010011011101001011110000000000000000000000000000000010000000101101101000101011100001010000000000000000000000000000000111111101111101110111010111110000000000000000000000000000000000100000001000001011110011010101000000000000000000000000000000000
10100011111111000111000010100011011101100000000000000000000000000000000000000000000000000000000000000000000000000000000000000000000001000000000101000001100110011001101000000000000000000000000000000011111110000010011011101001011110000000000000000000000000000000010000000101101101010110101110000110000000000000000000000000000000111111101111101110111010111110000000000000000000000000000000000100000001000110100010100011011011100000000000000000000000000000
10100011111111000111000010100100010000000000000000000000000000000000000000000000000000000000000000000000000000000000000000000000000001000000000101000001100110011001101000000000000000000000000000000011111110000010011011101001011110000000000000000000000000000000010000000101101101000101011100001010000000000000000000000000000000111111101111101110111010111110000000000000000000000000000000000100000001001011010011000101001110000000000000000000000000000000
10100011111111000111000010100011011101100000000000000000000000000000000000000000000000000000000000000000000000000000000000000000000001000000000101000001100110011001101000000000000000000000000000000011111110000010011011101001011110000000000000000000000000000000010000000101101101010110101110000110000000000000000000000000000000111111101111101110111010111110000000000000000000000000000000000100000001010000001100010111011101000000000000000000000000000000
10100011111111000111000010100100010000000000000000000000000000000000000000000000000000000000000000000000000000000000000000000000000001000000000101000001100110011001101000000000000000000000000000000011111110000010011011101001011110000000000000000000000000000000010000000101101101000101011100001010000000000000000000000000000000111111101111101110111010111110000000000000000000000000000000000100000001010010100001001010101001100000000000000000000000000000
10100011111111000111000010100011011101100000000000000000000000000000000000000000000000000000000000000000000000000000000000000000000001000000000101000001100110011001101000000000000000000000000000000011111110000010011011101001011110000000000000000000000000000000010000000101101101010110101110000110000000000000000000000000000000111111101111101110111010111110000000000000000000000000000000000100000001010101000100101111011010100000000000000000000000000000
10100011111111000111000010100100010000000000000000000000000000000000000000000000000000000000000000000000000000000000000000000000000001000000000101000001100110011001101000000000000000000000000000000011111110000010011011101001011110000000000000000000000000000000010000000101101101000101011100001010000000000000000000000000000000111111101111101110111010111110000000000000000000000000000000000100000001010111010110010101110100000000000000000000000000000000
10100011111111000111000010100011011101100000000000000000000000000000000000000000000000000000000000000000000000000000000000000000000001000000000101000001100110011001101000000000000000000000000000000011111110000010011011101001011110000000000000000000000000000000010000000101101101010110101110000110000000000000000000000000000000111111101111101110111010111110000000000000000000000000000000000100000001011001111010101001111111000000000000000000000000000000
10100011111111000111000010100100010000000000000000000000000000000000000000000000000000000000000000000000000000000000000000000000000001000000000101000001100110011001101000000000000000000000000000000011111110000010011011101001011110000000000000000000000000000000010000000101101101000101011100001010000000000000000000000000000000111111101111101110111010111110000000000000000000000000000000000100000001011100001010001010001111100000000000000000000000000000
10100011111111000111000010100101001000000000000000000000000000000000000000000000000000000000000000000000000000000000000000000000000001000000000101000001100110011001101000000000000000000000000000000011111110000010011011101001011110000000000000000000000000000000010000000101110000100000111101011100000000000000000000000000000000111111110010011100011011110100000000000000000000000000000000000100000000010101000111010101001111000000000000000000000000000000
10100011111111000111000010100100100000000000000000000000000000000000000000000000000000000000000000000000000000000000000000000000000001000000000101000001100110011001101000000000000000000000000000000011111110000010011011101001011110000000000000000000000000000000010000000101110000001111101011100010000000000000000000000000000000111111110010011100011011110100000000000000000000000000000000000100000000101110010101011000000100000000000000000000000000000000
10100011111111000111000010100101001000000000000000000000000000000000000000000000000000000000000000000000000000000000000000000000000001000000000101000001100110011001101000000000000000000000000000000011111110000010011011101001011110000000000000000000000000000000010000000101110000100000111101011100000000000000000000000000000000111111110010011100011011110100000000000000000000000000000000000100000000111001001111111010101011000000000000000000000000000000
10100011111111000111000010100100100000000000000000000000000000000000000000000000000000000000000000000000000000000000000000000000000001000000000101000001100110011001101000000000000000000000000000000011111110000010011011101001011110000000000000000000000000000000010000000101110000001111101011100010000000000000000000000000000000111111110010011100011011110100000000000000000000000000000000000100000001000001011110011010101000000000000000000000000000000000
10100011111111000111000010100101001000000000000000000000000000000000000000000000000000000000000000000000000000000000000000000000000001000000000101000001100110011001101000000000000000000000000000000011111110000010011011101001011110000000000000000000000000000000010000000101110000100000111101011100000000000000000000000000000000111111110010011100011011110100000000000000000000000000000000000100000001000110100010100011011011100000000000000000000000000000
10100011111111000111000010100100100000000000000000000000000000000000000000000000000000000000000000000000000000000000000000000000000001000000000101000001100110011001101000000000000000000000000000000011111110000010011011101001011110000000000000000000000000000000010000000101110000001111101011100010000000000000000000000000000000111111110010011100011011110100000000000000000000000000000000000100000001001011010011000101001110000000000000000000000000000000
10100011111111000111000010100101001000000000000000000000000000000000000000000000000000000000000000000000000000000000000000000000000001000000000101000001100110011001101000000000000000000000000000000011111110000010011011101001011110000000000000000000000000000000010000000101110000100000111101011100000000000000000000000000000000111111110010011100011011110100000000000000000000000000000000000100000001010000001100010111011101000000000000000000000000000000
10100011111111000111000010100100100000000000000000000000000000000000000000000000000000000000000000000000000000000000000000000000000001000000000101000001100110011001101000000000000000000000000000000011111110000010011011101001011110000000000000000000000000000000010000000101110000001111101011100010000000000000000000000000000000111111110010011100011011110100000000000000000000000000000000000100000001010010100001001010101001100000000000000000000000000000
10100011111111000111000010100101001000000000000000000000000000000000000000000000000000000000000000000000000000000000000000000000000001000000000101000001100110011001101000000000000000000000000000000011111110000010011011101001011110000000000000000000000000000000010000000101110000100000111101011100000000000000000000000000000000111111110010011100011011110100000000000000000000000000000000000100000001010101000100101111011010100000000000000000000000000000
10100011111111000111000010100100100000000000000000000000000000000000000000000000000000000000000000000000000000000000000000000000000001000000000101000001100110011001101000000000000000000000000000000011111110000010011011101001011110000000000000000000000000000000010000000101110000001111101011100010000000000000000000000000000000111111110010011100011011110100000000000000000000000000000000000100000001010111010110010101110100000000000000000000000000000000
10100011111111000111000010100101001000000000000000000000000000000000000000000000000000000000000000000000000000000000000000000000000001000000000101000001100110011001101000000000000000000000000000000011111110000010011011101001011110000000000000000000000000000000010000000101110000100000111101011100000000000000000000000000000000111111110010011100011011110100000000000000000000000000000000000100000001011001111010101001111111000000000000000000000000000000
10100011111111000111000010100100100000000000000000000000000000000000000000000000000000000000000000000000000000000000000000000000000001000000000101000001100110011001101000000000000000000000000000000011111110000010011011101001011110000000000000000000000000000000010000000101110000001111101011100010000000000000000000000000000000111111110010011100011011110100000000000000000000000000000000000100000001011100001010001010001111100000000000000000000000000000
00000000000000000000000000000000000000000000000000000000000000000000000000000000000000000000000000000000000000000000000000000000000000000000000000000000000000000000000000000000000000000000000000000000000000000000000000000000000000000000000000000000000000000000000000000000000000000000000000000000000000000000000000000000000000000000000000000000000000000000000000000000000000000000000000000000000000000000000000000000000000000000000000000000000000000000
00000000000000000000000000000000000000000000000000000000000000000000000000000000000000000000000000000000000000000000000000000000000000000000000000000000000000000000000000000000000000000000000000000000000000000000000000000000000000000000000000000000000000000000000000000000000000000000000000000000000000000000000000000000000000000000000000000000000000000000000000000000000000000000000000000000000000000000000000000000000000000000000000000000000000000000
00000000000000000000000000000000000000000000000000000000000000000000000000000000000000000000000000000000000000000000000000000000000000000000000000000000000000000000000000000000000000000000000000000000000000000000000000000000000000000000000000000000000000000000000000000000000000000000000000000000000000000000000000000000000000000000000000000000000000000000000000000000000000000000000000000000000000000000000000000000000000000000000000000000000000000000
00000000000000000000000000000000000000000000000000000000000000000000000000000000000000000000000000000000000000000000000000000000000000000000000000000000000000000000000000000000000000000000000000000000000000000000000000000000000000000000000000000000000000000000000000000000000000000000000000000000000000000000000000000000000000000000000000000000000000000000000000000000000000000000000000000000000000000000000000000000000000000000000000000000000000000000
00000000000000000000000000000000000000000000000000000000000000000000000000000000000000000000000000000000000000000000000000000000000000000000000000000000000000000000000000000000000000000000000000000000000000000000000000000000000000000000000000000000000000000000000000000000000000000000000000000000000000000000000000000000000000000000000000000000000000000000000000000000000000000000000000000000000000000000000000000000000000000000000000000000000000000000
00000000000000000000000000000000000000000000000000000000000000000000000000000000000000000000000000000000000000000000000000000000000000000000000000000000000000000000000000000000000000000000000000000000000000000000000000000000000000000000000000000000000000000000000000000000000000000000000000000000000000000000000000000000000000000000000000000000000000000000000000000000000000000000000000000000000000000000000000000000000000000000000000000000000000000000
00000000000000000000000000000000000000000000000000000000000000000000000000000000000000000000000000000000000000000000000000000000000000000000000000000000000000000000000000000000000000000000000000000000000000000000000000000000000000000000000000000000000000000000000000000000000000000000000000000000000000000000000000000000000000000000000000000000000000000000000000000000000000000000000000000000000000000000000000000000000000000000000000000000000000000000
00000000000000000000000000000000000000000000000000000000000000000000000000000000000000000000000000000000000000000000000000000000000000000000000000000000000000000000000000000000000000000000000000000000000000000000000000000000000000000000000000000000000000000000000000000000000000000000000000000000000000000000000000000000000000000000000000000000000000000000000000000000000000000000000000000000000000000000000000000000000000000000000000000000000000000000
00000000000000000000000000000000000000000000000000000000000000000000000000000000000000000000000000000000000000000000000000000000000000000000000000000000000000000000000000000000000000000000000000000000000000000000000000000000000000000000000000000000000000000000000000000000000000000000000000000000000000000000000000000000000000000000000000000000000000000000000000000000000000000000000000000000000000000000000000000000000000000000000000000000000000000000
00000000000000000000000000000000000000000000000000000000000000000000000000000000000000000000000000000000000000000000000000000000000000000000000000000000000000000000000000000000000000000000000000000000000000000000000000000000000000000000000000000000000000000000000000000000000000000000000000000000000000000000000000000000000000000000000000000000000000000000000000000000000000000000000000000000000000000000000000000000000000000000000000000000000000000000
00000000000000000000000000000000000000000000000000000000000000000000000000000000000000000000000000000000000000000000000000000000000000000000000000000000000000000000000000000000000000000000000000000000000000000000000000000000000000000000000000000000000000000000000000000000000000000000000000000000000000000000000000000000000000000000000000000000000000000000000000000000000000000000000000000000000000000000000000000000000000000000000000000000000000000000
00000000000000000000000000000000000000000000000000000000000000000000000000000000000000000000000000000000000000000000000000000000000000000000000000000000000000000000000000000000000000000000000000000000000000000000000000000000000000000000000000000000000000000000000000000000000000000000000000000000000000000000000000000000000000000000000000000000000000000000000000000000000000000000000000000000000000000000000000000000000000000000000000000000000000000000
