10001100111111110001110000101000000000000000000000000000000000000000001011111111111001001000011111101101100000000000000000000000000000010000000101000101001111000000100000000000000000000000000000000010111111110100100111100101000000010000000000000000000000000000000100000001100011010001001011100001100000000000000000000000000000
10001100111111110001110000101000000000000000000000000000000000000000001011111111111001001000011111101101100000000000000000000000000000010000000101000101001111000000100000000000000000000000000000000010111111110001010111101100100011011000000000000000000000000000000100000001100011000110101100110011000000000000000000000000000000
10001100111111110001110000101000000000000000000000000000000000000000001011111111111001001000011111101101100000000000000000000000000000010000000101000101001111000000100000000000000000000000000000000010111111101010000000111100000110000000000000000000000000000000000100000001100011010001001011100001100000000000000000000000000000
10001100111111110001110000101000000000000000000000000000000000000000001011111111111001001000011111101101100000000000000000000000000000010000000101000101001111000000100000000000000000000000000000000000111111101100101110011100111000000000000000000000000000000000000100000001100011000110101100110011000000000000000000000000000000
10001100111111110001110000101000000000000000000000000000000000000000001011111111111001001000011111101101100000000000000000000000000000010000000101000101001111000000100000000000000000000000000000000000111111110010001110101011111110000000000000000000000000000000000100000001100011010001001011100001100000000000000000000000000000
10001100111111110001110000101000000000000000000000000000000000000000001011111111111001001000011111101101100000000000000000000000000000010000000101000101001111000000100000000000000000000000000000000000111111110101000011000100101101100000000000000000000000000000000100000001100011000110101100110011000000000000000000000000000000
10001100111111110001110000101000000000000000000000000000000000000000001011111111111001001000011111101101100000000000000000000000000000010000000101010000000000010110111100000000000000000000000000000010111111110100101111110100111011000000000000000000000000000000000100000001100011101001010011001101000000000000000000000000000000
10001100111111110001110000101000000000000000000000000000000000000000001011111111111001001000011111101101100000000000000000000000000000010000000101010000000000010110111100000000000000000000000000000010111111110010001001001100000001000000000000000000000000000000000100000001100011011110110100011110100000000000000000000000000000
10001100111111110001110000101000000000000000000000000000000000000000001011111111111001001000011111101101100000000000000000000000000000010000000101010000000000010110111100000000000000000000000000000010111111101101100101011100011000000000000000000000000000000000000100000001100011101001010011001101000000000000000000000000000000
10001100111111110001110000101000000000000000000000000000000000000000001011111111111001001000011111101101100000000000000000000000000000010000000101010000000000010110111100000000000000000000000000000000111111100100011101111101000110000000000000000000000000000000000100000001100011011110110100011110100000000000000000000000000000
10001100111111110001110000101000000000000000000000000000000000000000001011111111111001001000011111101101100000000000000000000000000000010000000101010000000000010110111100000000000000000000000000000000111111101111110100011010111011100000000000000000000000000000000100000001100011101001010011001101000000000000000000000000000000
10001100111111110001110000101000000000000000000000000000000000000000001011111111111001001000011111101101100000000000000000000000000000010000000101010000000000010110111100000000000000000000000000000000111111110011010000101011010010100000000000000000000000000000000100000001100011011110110100011110100000000000000000000000000000
10001100111111110001110000101000000000000000000000000000000000000000001011111111111001001000011111101101100000000000000000000000000000010000000101010000000000010110111100000000000000000000000000000000111111110101010011100100100100000000000000000000000000000000000100000001100011101001010011001101000000000000000000000000000000
10001100111111110001110000101000000000000000000000000000000000000000001011111111111001001000011111101101100000000000000000000000000000010000000101010111010110000010101010000000000000000000000000000010111111110100110011001011011000111000000000000000000000000000000100000001100011010001001011100001100000000000000000000000000000
10001100111111110001110000101000000000000000000000000000000000000000001011111111111001001000011111101101100000000000000000000000000000010000000101010111010110000010101010000000000000000000000000000010111111110010011101010010110100000000000000000000000000000000000100000001100011000110101100110011000000000000000000000000000000
10001100111111110001110000101000000000000000000000000000000000000000001011111111111001001000011111101101100000000000000000000000000000010000000101010111010110000010101010000000000000000000000000000010111111101110101000011101101101000000000000000000000000000000000100000001100011010001001011100001100000000000000000000000000000
10001100111111110001110000101000000000000000000000000000000000000000001011111111111001001000011111101101100000000000000000000000000000010000000101010111010110000010101010000000000000000000000000000010111111011101100101011100010000000000000000000000000000000000000100000001100011000110101100110011000000000000000000000000000000
10001100111111110001110000101000000000000000000000000000000000000000001011111111111001001000011111101101100000000000000000000000000000010000000101010111010110000010101010000000000000000000000000000000111111101101111011110010001010000000000000000000000000000000000100000001100011010001001011100001100000000000000000000000000000
10001100111111110001110000101000000000000000000000000000000000000000001011111111111001001000011111101101100000000000000000000000000000010000000101010111010110000010101010000000000000000000000000000000111111110010000110111101000010100000000000000000000000000000000100000001100011000110101100110011000000000000000000000000000000
10001100111111110001110000101000000000000000000000000000000000000000001011111111111001001000011111101101100000000000000000000000000000010000000101010111010110000010101010000000000000000000000000000000111111110100101000000000100000010000000000000000000000000000000100000001100011010001001011100001100000000000000000000000000000
10001100111111110001110000101000000000000000000000000000000000000000001011111111111001001000011111101101100000000000000000000000000000010000000101100010010000000110001010000000000000000000000000000010111111110100111000110000110101010000000000000000000000000000000100000001100011101001010011001101000000000000000000000000000000
10001100111111110001110000101000000000000000000000000000000000000000001011111111111001001000011111101101100000000000000000000000000000010000000101100010010000000110001000000000000000000000000000000010111111110010111110110011011110010000000000000000000000000000000100000001100011011110110100011110100000000000000000000000000000
10001100111111110001110000101000000000000000000000000000000000000000001011111111111001001000011111101101100000000000000000000000000000010000000101100010010000000110001010000000000000000000000000000010111111110000001100000101010010001000000000000000000000000000000100000001100011101001010011001101000000000000000000000000000000
10001100111111110001110000101000000000000000000000000000000000000000001011111111111001001000011111101101100000000000000000000000000000010000000101100010010000000110001010000000000000000000000000000010111111101001100101011100011001000000000000000000000000000000000100000001100011011110110100011110100000000000000000000000000000
10001100111111110001110000101000000000000000000000000000000000000000001011111111111001001000011111101101100000000000000000000000000000010000000101100010010000000110001010000000000000000000000000000000111111101001100101011100011000000000000000000000000000000000000100000001100011101001010011001101000000000000000000000000000000
10001100111111110001110000101000000000000000000000000000000000000000001011111111111001001000011111101101100000000000000000000000000000010000000101100010010000000110001010000000000000000000000000000000111111110000001100000101010010000000000000000000000000000000000100000001100011011110110100011110100000000000000000000000000000
10001100111111110001110000101000000000000000000000000000000000000000001011111111111001001000011111101101100000000000000000000000000000010000000101100010010000000110001000000000000000000000000000000000111111110010111110110011011110100000000000000000000000000000000100000001100011101001010011001101000000000000000000000000000000
10001100111111110001110000101000000000000000000000000000000000000000001011111111111001001000011111101101100000000000000000000000000000010000000101100010010000000110001010000000000000000000000000000000111111110100111000110000110101010000000000000000000000000000000100000001100011011110110100011110100000000000000000000000000000
10001100111111110001110000101000000000000000000000000000000000000000001011111111111001001000011111101101100000000000000000000000000000010000000101101000111110011001100110000000000000000000000000000010111111110100111011000111010101100000000000000000000000000000000100000001100011010001001011100001100000000000000000000000000000
10001100111111110001110000101000000000000000000000000000000000000000001011111111111001001000011111101101100000000000000000000000000000010000000101101000111110011001100110000000000000000000000000000010111111110011001100111010011111110000000000000000000000000000000100000001100011000110101100110011000000000000000000000000000000
10001100111111110001110000101000000000000000000000000000000000000000001011111111111001001000011111101101100000000000000000000000000000010000000101101000111110011001100110000000000000000000000000000010111111110000100011100110010011111000000000000000000000000000000100000001100011010001001011100001100000000000000000000000000000
10001100111111110001110000101000000000000000000000000000000000000000001011111111111001001000011111101101100000000000000000000000000000010000000101101000111110011001100110000000000000000000000000000010111111101011101001001000100010000000000000000000000000000000000100000001100011000110101100110011000000000000000000000000000000
10001100111111110001110000101000000000000000000000000000000000000000001011111111111001001000011111101101100000000000000000000000000000010000000101101000111110011001100110000000000000000000000000000000111111100101111000010000011000000000000000000000000000000000000100000001100011010001001011100001100000000000000000000000000000
10001100111111110001110000101000000000000000000000000000000000000000001011111111111001001000011111101101100000000000000000000000000000010000000101101000111110011001100110000000000000000000000000000000111111101110110000101100011100100000000000000000000000000000000100000001100011000110101100110011000000000000000000000000000000
10001100111111110001110000101000000000000000000000000000000000000000001011111111111001001000011111101101100000000000000000000000000000010000000101101000111110011001100110000000000000000000000000000000111111110010000001101010011010000000000000000000000000000000000100000001100011010001001011100001100000000000000000000000000000
10001100111111110001110000101000000000000000000000000000000000000000001011111111111001001000011111101101100000000000000000000000000000010000000101101000111110011001100110000000000000000000000000000000111111110100010101011111010010110000000000000000000000000000000100000001100011000110101100110011000000000000000000000000000000
10011000111111110110011001100110000000000000000000000000000000000000001011111111111001001000011111101101100000000000000000000000000000010000000101000011101000011011011100000000000000000000000000000010111111110100100111100101000000010000000000000000000000000000000100000001110000100000100101110000100000000000000000000000000000
10011000111111110110011001100110000000000000000000000000000000000000001011111111111001001000011111101101100000000000000000000000000000010000000101000011101000011011011100000000000000000000000000000010111111110001010111101100100011010000000000000000000000000000000100000001110000011011010110011001100000000000000000000000000000
10011000111111110110011001100110000000000000000000000000000000000000001011111111111001001000011111101101100000000000000000000000000000010000000101000011101000011011011110000000000000000000000000000010111111101010000000111100000101000000000000000000000000000000000100000001110000100000100101110000100000000000000000000000000000
10011000111111110110011001100110000000000000000000000000000000000000001011111111111001001000011111101101100000000000000000000000000000010000000101000011101000011011011100000000000000000000000000000000111111101100101110011100110111100000000000000000000000000000000100000001110000011011010110011001100000000000000000000000000000
10011000111111110110011001100110000000000000000000000000000000000000001011111111111001001000011111101101100000000000000000000000000000010000000101000011101000011011011100000000000000000000000000000000111111110010001110101011111110000000000000000000000000000000000100000001110000100000100101110000100000000000000000000000000000
10011000111111110110011001100110000000000000000000000000000000000000001011111111111001001000011111101101100000000000000000000000000000010000000101000011101000011011011100000000000000000000000000000000111111110101000011000100101101100000000000000000000000000000000100000001110000011011010110011001100000000000000000000000000000
10011000111111110110011001100110000000000000000000000000000000000000001011111111111001001000011111101101100000000000000000000000000000010000000101001110001000010100100000000000000000000000000000000010111111110100101011111111110100000000000000000000000000000000000100000001110000101100101001100110100000000000000000000000000000
10011000111111110110011001100110000000000000000000000000000000000000001011111111111001001000011111101101100000000000000000000000000000010000000101001110001000010100011110000000000000000000000000000010111111110001110010001101011000101000000000000000000000000000000100000001110000100111011010001111100000000000000000000000000000
10011000111111110110011001100110000000000000000000000000000000000000001011111111111001001000011111101101100000000000000000000000000000010000000101001110001000010100011110000000000000000000000000000010111111101100011000110110010001100000000000000000000000000000000100000001110000101100101001100110100000000000000000000000000000
10011000111111110110011001100110000000000000000000000000000000000000001011111111111001001000011111101101100000000000000000000000000000010000000101001110001000010100011110000000000000000000000000000000111111101001100101011100011010000000000000000000000000000000000100000001110000100111011010001111100000000000000000000000000000
10011000111111110110011001100110000000000000000000000000000000000000001011111111111001001000011111101101100000000000000000000000000000010000000101001110001000010100011110000000000000000000000000000000111111110000111111001001010110100000000000000000000000000000000100000001110000101100101001100110100000000000000000000000000000
10011000111111110110011001100110000000000000000000000000000000000000001011111111111001001000011111101101100000000000000000000000000000010000000101001110001000010100011110000000000000000000000000000000111111110100010010011101110010110000000000000000000000000000000100000001110000100111011010001111100000000000000000000000000000
10011000111111110001110000101100000000000000000000000000000000000000001011111111111001001000011111101101100000000000000000000000000000010000000101010110011011011110011100000000000000000000000000000010111111110100110011001011011000111000000000000000000000000000000100000001110000100000100101110000100000000000000000000000000000
10011000111111110001110000101000000000000000000000000000000000000000001011111111111001001000011111101101100000000000000000000000000000010000000101010110011011011110011100000000000000000000000000000010111111110010011101010010110100001000000000000000000000000000000100000001110000011011010110011001100000000000000000000000000000
10011000111111110001110000101100000000000000000000000000000000000000001011111111111001001000011111101101100000000000000000000000000000010000000101010110011011011110011010000000000000000000000000000010111111101110101000011101101100100000000000000000000000000000000100000001110000100000100101110000100000000000000000000000000000
10011000111111110001110000101000000000000000000000000000000000000000001011111111111001001000011111101101100000000000000000000000000000010000000101010110011011011110011010000000000000000000000000000010111111011101100101011100010000000000000000000000000000000000000100000001110000011011010110011001100000000000000000000000000000
10011000111111110001110000101100000000000000000000000000000000000000001011111111111001001000011111101101100000000000000000000000000000010000000101010110011011011110011100000000000000000000000000000000111111101101111011110010001010000000000000000000000000000000000100000001110000100000100101110000100000000000000000000000000000
10011000111111110001110000101000000000000000000000000000000000000000001011111111111001001000011111101101100000000000000000000000000000010000000101010110011011011110011010000000000000000000000000000000111111110010000110111101000011000000000000000000000000000000000100000001110000011011010110011001100000000000000000000000000000
10011000111111110001110000101100000000000000000000000000000000000000001011111111111001001000011111101101100000000000000000000000000000010000000101010110011011011110011010000000000000000000000000000000111111110100101000000000100000010000000000000000000000000000000100000001110000100000100101110000100000000000000000000000000000
10011000111111110001110000101000000000000000000000000000000000000000001011111111111001001000011111101101100000000000000000000000000000010000000101100001001000011011000010000000000000000000000000000010111111110100111000110000110101010000000000000000000000000000000100000001110000101100101001100110100000000000000000000000000000
10011000111111110001110000101100000000000000000000000000000000000000001011111111111001001000011111101101100000000000000000000000000000010000000101100001001000011011000100000000000000000000000000000010111111110010111110110011011110011000000000000000000000000000000100000001110000100111011010001111100000000000000000000000000000
10011000111111110001110000101000000000000000000000000000000000000000001011111111111001001000011111101101100000000000000000000000000000010000000101100001001000011011000010000000000000000000000000000010111111110000001100000101010010001000000000000000000000000000000100000001110000101100101001100110100000000000000000000000000000
10011000111111110001110000101100000000000000000000000000000000000000001011111111111001001000011111101101100000000000000000000000000000010000000101100001001000011011000010000000000000000000000000000010111111101001100101011100011001000000000000000000000000000000000100000001110000100111011010001111100000000000000000000000000000
10011000111111110001110000101000000000000000000000000000000000000000001011111111111001001000011111101101100000000000000000000000000000010000000101100001001000011011000010000000000000000000000000000000111111101001100101011100011000000000000000000000000000000000000100000001110000101100101001100110100000000000000000000000000000
10011000111111110001110000101100000000000000000000000000000000000000001011111111111001001000011111101101100000000000000000000000000000010000000101100001001000011011000010000000000000000000000000000000111111110000001100000101010010000000000000000000000000000000000100000001110000100111011010001111100000000000000000000000000000
10011000111111110001110000101000000000000000000000000000000000000000001011111111111001001000011111101101100000000000000000000000000000010000000101100001001000011011000010000000000000000000000000000000111111110010111110110011011110100000000000000000000000000000000100000001110000101100101001100110100000000000000000000000000000
10011000111111110001110000101100000000000000000000000000000000000000001011111111111001001000011111101101100000000000000000000000000000010000000101100001001000011011000010000000000000000000000000000000111111110100111000110000110101010000000000000000000000000000000100000001110000100111011010001111100000000000000000000000000000
10011000111111110001110000101100000000000000000000000000000000000000001011111111111001001000011111101101100000000000000000000000000000010000000101101000111110011001100110000000000000000000000000000010111111110100111011000111010101100000000000000000000000000000000100000001110000100000100101110000100000000000000000000000000000
10011000111111110001110000101000000000000000000000000000000000000000001011111111111001001000011111101101100000000000000000000000000000010000000101101000111110011001100110000000000000000000000000000010111111110011001100111010011111110000000000000000000000000000000100000001110000011011010110011001100000000000000000000000000000
10011000111111110001110000101100000000000000000000000000000000000000001011111111111001001000011111101101100000000000000000000000000000010000000101101000111110011001100110000000000000000000000000000010111111110000100011100110010011111000000000000000000000000000000100000001110000100000100101110000100000000000000000000000000000
10011000111111110001110000101000000000000000000000000000000000000000001011111111111001001000011111101101100000000000000000000000000000010000000101101000111110011001100110000000000000000000000000000010111111101011101001001000100010000000000000000000000000000000000100000001110000011011010110011001100000000000000000000000000000
10011000111111110001110000101100000000000000000000000000000000000000001011111111111001001000011111101101100000000000000000000000000000010000000101101000111110011001100110000000000000000000000000000000111111100101111000010000011000000000000000000000000000000000000100000001110000100000100101110000100000000000000000000000000000
10011000111111110001110000101000000000000000000000000000000000000000001011111111111001001000011111101101100000000000000000000000000000010000000101101000111110011001100110000000000000000000000000000000111111101110110000101100011100100000000000000000000000000000000100000001110000011011010110011001100000000000000000000000000000
10011000111111110001110000101100000000000000000000000000000000000000001011111111111001001000011111101101100000000000000000000000000000010000000101101000111110011001100110000000000000000000000000000000111111110010000001101010011010000000000000000000000000000000000100000001110000100000100101110000100000000000000000000000000000
10011000111111110001110000101000000000000000000000000000000000000000001011111111111001001000011111101101100000000000000000000000000000010000000101101000111110011001100110000000000000000000000000000000111111110100010101011111010010110000000000000000000000000000000100000001110000011011010110011001100000000000000000000000000000
00000000000000000000000000000000000000000000000000000000000000000000000000000000000000000000000000000000000000000000000000000000000000000000000000000000000000000000000000000000000000000000000000000000000000000000000000000000000000000000000000000000000000000000000000000000000000000000000000000000000000000000000000000000000000
