10001000111111110001110000101010000000000000000000000000000000000000001011111111111001001000011111101101100000000000000000000000000000010000000101000101001111000000100000000000000000000000000000000010111111110011111100101010111000000000000000000000000000000000000100000001100000001000001000111101100000000000000000000000000000
10001000111111110001110000101010000000000000000000000000000000000000001011111111111001001000011111101101100000000000000000000000000000010000000101000101001111000000100000000000000000000000000000000010111111110000000101001101010100000000000000000000000000000000000100000001100000010010100111101011100000000000000000000000000000
10001000111111110001110000101010000000000000000000000000000000000000001011111111111001001000011111101101100000000000000000000000000000010000000101000101001111000000100000000000000000000000000000000010111111011110110111111100000000000000000000000000000000000000000100000001100000001000001000111101100000000000000000000000000000
10001000111111110001110000101010000000000000000000000000000000000000001011111111111001001000011111101101100000000000000000000000000000010000000101000101001111000000100000000000000000000000000000000000111111101111010011011011010101001000000000000000000000000000000100000001100000010010100111101011100000000000000000000000000000
10001000111111110001110000101010000000000000000000000000000000000000001011111111111001001000011111101101100000000000000000000000000000010000000101000101001111000000100000000000000000000000000000000000111111110011100001001011000110100000000000000000000000000000000100000001100000001000001000111101100000000000000000000000000000
10001000111111110001110000101010000000000000000000000000000000000000001011111111111001001000011111101101100000000000000000000000000000010000000101010000000000010110111100000000000000000000000000000010111111110100101111110100111010000000000000000000000000000000000100000001100000101010101111010111000000000000000000000000000000
10001000111111110001110000101010000000000000000000000000000000000000001011111111111001001000011111101101100000000000000000000000000000010000000101010000000000010110111100000000000000000000000000000010111111110010001001001100000000000000000000000000000000000000000100000001100000100000010000101001000000000000000000000000000000
10001000111111110001110000101010000000000000000000000000000000000000001011111111111001001000011111101101100000000000000000000000000000010000000101010000000000010110111100000000000000000000000000000010111111101101100101011100011000000000000000000000000000000000000100000001100000101010101111010111000000000000000000000000000000
10001000111111110001110000101010000000000000000000000000000000000000001011111111111001001000011111101101100000000000000000000000000000010000000101010000000000010110111100000000000000000000000000000000111111100100011101111101010100010000000000000000000000000000000100000001100000100000010000101001000000000000000000000000000000
10001000111111110001110000101010000000000000000000000000000000000000001011111111111001001000011111101101100000000000000000000000000000010000000101010000000000010110111100000000000000000000000000000000111111101111110100011010111101001000000000000000000000000000000100000001100000101010101111010111000000000000000000000000000000
10001000111111110001110000101010000000000000000000000000000000000000001011111111111001001000011111101101100000000000000000000000000000010000000101010000000000010110111100000000000000000000000000000000111111110011010000101011010010100000000000000000000000000000000100000001100000100000010000101001000000000000000000000000000000
10001000111111110001110000101010000000000000000000000000000000000000001011111111111001001000011111101101100000000000000000000000000000010000000101010000000000010110111100000000000000000000000000000000111111110101010011100100100011010000000000000000000000000000000100000001100000101010101111010111000000000000000000000000000000
10001000111111110001110000101010000000000000000000000000000000000000001011111111111001001000011111101101100000000000000000000000000000010000000101010111010110000010101010000000000000000000000000000010111111110100010001101010101110000000000000000000000000000000000100000001100000001000001000111101100000000000000000000000000000
10001000111111110001110000101010000000000000000000000000000000000000001011111111111001001000011111101101100000000000000000000000000000010000000101010111010110000010101010000000000000000000000000000010111111110001011010010001011100000000000000000000000000000000000100000001100000010010100111101011100000000000000000000000000000
10001000111111110001110000101010000000000000000000000000000000000000001011111111111001001000011111101101100000000000000000000000000000010000000101010111010110000010101010000000000000000000000000000010111111101100100010011011000000000000000000000000000000000000000100000001100000001000001000111101100000000000000000000000000000
10001000111111110001110000101010000000000000000000000000000000000000001011111111111001001000011111101101100000000000000000000000000000010000000101010111010110000010101010000000000000000000000000000000111111100110111110110011010100010000000000000000000000000000000100000001100000010010100111101011100000000000000000000000000000
10001000111111110001110000101010000000000000000000000000000000000000001011111111111001001000011111101101100000000000000000000000000000010000000101010111010110000010101010000000000000000000000000000000111111110000000000111010011010100000000000000000000000000000000100000001100000001000001000111101100000000000000000000000000000
10001000111111110001110000101010000000000000000000000000000000000000001011111111111001001000011111101101100000000000000000000000000000010000000101010111010110000010101010000000000000000000000000000000111111110011001001111110010110100000000000000000000000000000000100000001100000010010100111101011100000000000000000000000000000
10001000111111110001110000101010000000000000000000000000000000000000001011111111111001001000011111101101100000000000000000000000000000010000000101010111010110000010101010000000000000000000000000000000111111110101001001100001001001010000000000000000000000000000000100000001100000001000001000111101100000000000000000000000000000
10001000111111110001110000101010000000000000000000000000000000000000001011111111111001001000011111101101100000000000000000000000000000010000000101100010010000000110001010000000000000000000000000000010111111110100111000110000110100000000000000000000000000000000000100000001100000101010101111010111000000000000000000000000000000
10001000111111110001110000101010000000000000000000000000000000000000001011111111111001001000011111101101100000000000000000000000000000010000000101100010010000000110001010000000000000000000000000000010111111110010111110110011011100000000000000000000000000000000000100000001100000100000010000101001000000000000000000000000000000
10001000111111110001110000101010000000000000000000000000000000000000001011111111111001001000011111101101100000000000000000000000000000010000000101100010010000000110001010000000000000000000000000000010111111110000001100000101010000000000000000000000000000000000000100000001100000101010101111010111000000000000000000000000000000
10001000111111110001110000101010000000000000000000000000000000000000001011111111111001001000011111101101100000000000000000000000000000010000000101100010010000000110001010000000000000000000000000000010111111101001100101011100010000000000000000000000000000000000000100000001100000100000010000101001000000000000000000000000000000
10001000111111110001110000101010000000000000000000000000000000000000001011111111111001001000011111101101100000000000000000000000000000010000000101100010010000000110001000000000000000000000000000000000111111101001100101011100011010001000000000000000000000000000000100000001100000101010101111010111000000000000000000000000000000
10001000111111110001110000101010000000000000000000000000000000000000001011111111111001001000011111101101100000000000000000000000000000010000000101100010010000000110001010000000000000000000000000000000111111110000001100000101010010100000000000000000000000000000000100000001100000100000010000101001000000000000000000000000000000
10001000111111110001110000101010000000000000000000000000000000000000001011111111111001001000011111101101100000000000000000000000000000010000000101100010010000000110001010000000000000000000000000000000111111110010111110110011011110100000000000000000000000000000000100000001100000101010101111010111000000000000000000000000000000
10001000111111110001110000101010000000000000000000000000000000000000001011111111111001001000011111101101100000000000000000000000000000010000000101100010010000000110001000000000000000000000000000000000111111110100111000110000110101010000000000000000000000000000000100000001100000100000010000101001000000000000000000000000000000
10001000111111110001110000101010000000000000000000000000000000000000001011111111111001001000011111101101100000000000000000000000000000010000000101101000111110011001100110000000000000000000000000000010111111110101110011100011011000000000000000000000000000000000000100000001100000010010100111101011100000000000000000000000000000
10001000111111110001110000101010000000000000000000000000000000000000001011111111111001001000011111101101100000000000000000000000000000010000000101101000111110011001101000000000000000000000000000000010111111110100011110111001010010000000000000000000000000000000000100000001100000001000001000111101100000000000000000000000000000
10001000111111110001110000101010000000000000000000000000000000000000001011111111111001001000011111101101100000000000000000000000000000010000000101101000111110011001101000000000000000000000000000000010111111110010010100011110011100000000000000000000000000000000000100000001100000010010100111101011100000000000000000000000000000
10001000111111110001110000101010000000000000000000000000000000000000001011111111111001001000011111101101100000000000000000000000000000010000000101101000111110011001100110000000000000000000000000000010111111101111010110010100100000000000000000000000000000000000000100000001100000001000001000111101100000000000000000000000000000
10001000111111110001110000101010000000000000000000000000000000000000001011111111111001001000011111101101100000000000000000000000000000010000000101101000111110011001100110000000000000000000000000000010111111101000000111011000010000000000000000000000000000000000000100000001100000010010100111101011100000000000000000000000000000
10001000111111110001110000101010000000000000000000000000000000000000001011111111111001001000011111101101100000000000000000000000000000010000000101101000111110011001100110000000000000000000000000000000111111101010011101111000011010001000000000000000000000000000000100000001100000001000001000111101100000000000000000000000000000
10001000111111110001110000101010000000000000000000000000000000000000001011111111111001001000011111101101100000000000000000000000000000010000000101101000111110011001100110000000000000000000000000000000111111110000010000110010010010100000000000000000000000000000000100000001100000010010100111101011100000000000000000000000000000
10001000111111110001110000101010000000000000000000000000000000000000001011111111111001001000011111101101100000000000000000000000000000010000000101101000111110011001100110000000000000000000000000000000111111110010111010000110011110100000000000000000000000000000000100000001100000001000001000111101100000000000000000000000000000
10001000111111110001110000101010000000000000000000000000000000000000001011111111111001001000011111101101100000000000000000000000000000010000000101101000111110011001100110000000000000000000000000000000111111110100110001101101010101010000000000000000000000000000000100000001100000010010100111101011100000000000000000000000000000
10010100111111110110011001100110000000000000000000000000000000000000001011111111111001001000011111101101100000000000000000000000000000010000000101000011101000011011011100000000000000000000000000000010111111110011111100101010111000000000000000000000000000000000000100000001101011011011101001101110100000000000000000000000000000
10010100111111110110011001100111000000000000000000000000000000000000001011111111111001001000011111101101100000000000000000000000000000010000000101000011101000011011011100000000000000000000000000000010111111110000000101001101010100000000000000000000000000000000000100000001101011100110001000011100100000000000000000000000000000
10010100111111110110011001100110000000000000000000000000000000000000001011111111111001001000011111101101100000000000000000000000000000010000000101000011101000011011011100000000000000000000000000000010111111011110110111111100000000000000000000000000000000000000000100000001101011011011101001101110100000000000000000000000000000
10010100111111110110011001100111000000000000000000000000000000000000001011111111111001001000011111101101100000000000000000000000000000010000000101000011101000011011011100000000000000000000000000000000111111101111010011011011010101001000000000000000000000000000000100000001101011100110001000011100100000000000000000000000000000
10010100111111110110011001100110000000000000000000000000000000000000001011111111111001001000011111101101100000000000000000000000000000010000000101000011101000011011011100000000000000000000000000000000111111110011100001001011000110100000000000000000000000000000000100000001101011011011101001101110100000000000000000000000000000
10010100111111110001110000101000000000000000000000000000000000000000001011111111111001001000011111101101100000000000000000000000000000010000000101001110001000010100011110000000000000000000000000000010111111110101010010010010110110000000000000000000000000000000000100000001101011110011110001011010000000000000000000000000000000
10010100111111110001110000101010000000000000000000000000000000000000001011111111111001001000011111101101100000000000000000000000000000010000000101001110001000010100011110000000000000000000000000000010111111110010111110110011011100000000000000000000000000000000000100000001101011111110010000001000000000000000000000000000000000
10010100111111110001110000101000000000000000000000000000000000000000001011111111111001001000011111101101100000000000000000000000000000010000000101001110001000010100011110000000000000000000000000000010111111101110110010000010011000000000000000000000000000000000000100000001101011110011110001011010000000000000000000000000000000
10010100111111110001110000101010000000000000000000000000000000000000001011111111111001001000011111101101100000000000000000000000000000010000000101001110001000010100011110000000000000000000000000000000111111011110011000100001010001001000000000000000000000000000000100000001101011111110010000001000000000000000000000000000000000
10010100111111110001110000101000000000000000000000000000000000000000001011111111111001001000011111101101100000000000000000000000000000010000000101001110001000010100100000000000000000000000000000000000111111101111100101000110100101001000000000000000000000000000000100000001101011110011110001011010000000000000000000000000000000
10010100111111110001110000101010000000000000000000000000000000000000001011111111111001001000011111101101100000000000000000000000000000010000000101001110001000010100100000000000000000000000000000000000111111110011011000010101100010100000000000000000000000000000000100000001101011111110010000001000000000000000000000000000000000
10010100111111110001110000101000000000000000000000000000000000000000001011111111111001001000011111101101100000000000000000000000000000010000000101001110001000010100011110000000000000000000000000000000111111110101011111000011110111010000000000000000000000000000000100000001101011110011110001011010000000000000000000000000000000
10010100111111110001110000101000000000000000000000000000000000000000001011111111111001001000011111101101100000000000000000000000000000010000000101010110011011011110011100000000000000000000000000000010111111110100010001101010101110000000000000000000000000000000000100000001101011011011101001101110100000000000000000000000000000
10010100111111110001110000101010000000000000000000000000000000000000001011111111111001001000011111101101100000000000000000000000000000010000000101010110011011011110011010000000000000000000000000000010111111110001011010010001011100000000000000000000000000000000000100000001101011100110001000011100100000000000000000000000000000
10010100111111110001110000101000000000000000000000000000000000000000001011111111111001001000011111101101100000000000000000000000000000010000000101010110011011011110011010000000000000000000000000000010111111101100100010011011000000000000000000000000000000000000000100000001101011011011101001101110100000000000000000000000000000
10010100111111110001110000101010000000000000000000000000000000000000001011111111111001001000011111101101100000000000000000000000000000010000000101010110011011011110011100000000000000000000000000000000111111100110111110110011010100010000000000000000000000000000000100000001101011100110001000011100100000000000000000000000000000
10010100111111110001110000101000000000000000000000000000000000000000001011111111111001001000011111101101100000000000000000000000000000010000000101010110011011011110011100000000000000000000000000000000111111110000000000111010011010100000000000000000000000000000000100000001101011011011101001101110100000000000000000000000000000
10010100111111110001110000101010000000000000000000000000000000000000001011111111111001001000011111101101100000000000000000000000000000010000000101010110011011011110011100000000000000000000000000000000111111110011001001111110010110100000000000000000000000000000000100000001101011100110001000011100100000000000000000000000000000
10010100111111110001110000101000000000000000000000000000000000000000001011111111111001001000011111101101100000000000000000000000000000010000000101010110011011011110011100000000000000000000000000000000111111110101001001100001001001010000000000000000000000000000000100000001101011011011101001101110100000000000000000000000000000
10010100111111110001110000101010000000000000000000000000000000000000001011111111111001001000011111101101100000000000000000000000000000010000000101100001001000011011000010000000000000000000000000000010111111110100111000110000110100000000000000000000000000000000000100000001101011111110010000001000000000000000000000000000000000
10010100111111110001110000101000000000000000000000000000000000000000001011111111111001001000011111101101100000000000000000000000000000010000000101100001001000011011000010000000000000000000000000000010111111110010111110110011011100000000000000000000000000000000000100000001101011110011110001011010000000000000000000000000000000
10010100111111110001110000101010000000000000000000000000000000000000001011111111111001001000011111101101100000000000000000000000000000010000000101100001001000011011000010000000000000000000000000000010111111110000001100000101010000000000000000000000000000000000000100000001101011111110010000001000000000000000000000000000000000
10010100111111110001110000101000000000000000000000000000000000000000001011111111111001001000011111101101100000000000000000000000000000010000000101100001001000011011000010000000000000000000000000000010111111101001100101011100010000000000000000000000000000000000000100000001101011110011110001011010000000000000000000000000000000
10010100111111110001110000101010000000000000000000000000000000000000001011111111111001001000011111101101100000000000000000000000000000010000000101100001001000011011000100000000000000000000000000000000111111101001100101011100011010001000000000000000000000000000000100000001101011111110010000001000000000000000000000000000000000
10010100111111110001110000101000000000000000000000000000000000000000001011111111111001001000011111101101100000000000000000000000000000010000000101100001001000011011000010000000000000000000000000000000111111110000001100000101010010100000000000000000000000000000000100000001101011110011110001011010000000000000000000000000000000
10010100111111110001110000101010000000000000000000000000000000000000001011111111111001001000011111101101100000000000000000000000000000010000000101100001001000011011000010000000000000000000000000000000111111110010111110110011011110100000000000000000000000000000000100000001101011111110010000001000000000000000000000000000000000
10010100111111110001110000101000000000000000000000000000000000000000001011111111111001001000011111101101100000000000000000000000000000010000000101100001001000011011000100000000000000000000000000000000111111110100111000110000110101010000000000000000000000000000000100000001101011110011110001011010000000000000000000000000000000
10010100111111110001110000101010000000000000000000000000000000000000001011111111111001001000011111101101100000000000000000000000000000010000000101101000111110011001100110000000000000000000000000000010111111110101110011100011011000000000000000000000000000000000000100000001101011100110001000011100100000000000000000000000000000
10010100111111110001110000101000000000000000000000000000000000000000001011111111111001001000011111101101100000000000000000000000000000010000000101101000111110011001101000000000000000000000000000000010111111110100011110111001010010000000000000000000000000000000000100000001101011011011101001101110100000000000000000000000000000
10010100111111110001110000101010000000000000000000000000000000000000001011111111111001001000011111101101100000000000000000000000000000010000000101101000111110011001101000000000000000000000000000000010111111110010010100011110011100000000000000000000000000000000000100000001101011100110001000011100100000000000000000000000000000
10010100111111110001110000101000000000000000000000000000000000000000001011111111111001001000011111101101100000000000000000000000000000010000000101101000111110011001100110000000000000000000000000000010111111101111010110010100100000000000000000000000000000000000000100000001101011011011101001101110100000000000000000000000000000
10010100111111110001110000101010000000000000000000000000000000000000001011111111111001001000011111101101100000000000000000000000000000010000000101101000111110011001100110000000000000000000000000000010111111101000000111011000010000000000000000000000000000000000000100000001101011100110001000011100100000000000000000000000000000
10010100111111110001110000101000000000000000000000000000000000000000001011111111111001001000011111101101100000000000000000000000000000010000000101101000111110011001100110000000000000000000000000000000111111101010011101111000011010001000000000000000000000000000000100000001101011011011101001101110100000000000000000000000000000
10010100111111110001110000101010000000000000000000000000000000000000001011111111111001001000011111101101100000000000000000000000000000010000000101101000111110011001100110000000000000000000000000000000111111110000010000110010010010100000000000000000000000000000000100000001101011100110001000011100100000000000000000000000000000
10010100111111110001110000101000000000000000000000000000000000000000001011111111111001001000011111101101100000000000000000000000000000010000000101101000111110011001100110000000000000000000000000000000111111110010111010000110011110100000000000000000000000000000000100000001101011011011101001101110100000000000000000000000000000
10010100111111110001110000101010000000000000000000000000000000000000001011111111111001001000011111101101100000000000000000000000000000010000000101101000111110011001100110000000000000000000000000000000111111110100110001101101010101010000000000000000000000000000000100000001101011100110001000011100100000000000000000000000000000
