11100000111111110100001010001111010111100000000000000000000000000000001011110010011100101000011110101111100000000000000000000000000000010000000011011001010110000101001000000000000000000000000000000010111111110001100101011100011010000000000000000000000000000000000011110011110110111001000001101100000000000000000000000000000000
11100000111111110100001010001111010111100000000000000000000000000000000000000000000000000000000000000000000000000000000000000000000000010000000011010111100010001111010110000000000000000000000000000010111111110001100101011100011010000000000000000000000000000000000100000000010001001010110001111011100000000000000000000000000000
11100000111111110100001010001111010111100000000000000000000000000000000000000000000000000000000000000000000000000000000000000000000000010000000011011001010110000101001000000000000000000000000000000010111111110001100101011100011010000000000000000000000000000000000100000000100001111100001100100111100000000000000000000000000000
11100000111111110100001010001111010111100000000000000000000000000000000000000000000000000000000000000000000000000000000000000000000000010000000011010111100010001111010110000000000000000000000000000010111111110001100101011100011010000000000000000000000000000000000100000000101001110000001010101001100000000000000000000000000000
11100000111111110100001010001111010111100000000000000000000000000000000000000000000000000000000000000000000000000000000000000000000000010000000011010111100010001111010110000000000000000000000000000010111111110001100101011100011010000000000000000000000000000000001100000000010001001010110001111011100000000000000000000000000000
11100000111111110100001010001111010111100000000000000000000000000000000000000000000000000000000000000000000000000000000000000000000000010000000011011001010110000101001000000000000000000000000000000010111111110001100101011100011010000000000000000000000000000000001100000000100001111100001100100111100000000000000000000000000000
11100000111111110100001010001111010111100000000000000000000000000000000000000000000000000000000000000000000000000000000000000000000000010000000011010111100010001111010110000000000000000000000000000010111111110001100101011100011010000000000000000000000000000000001100000000101001110000001010101001100000000000000000000000000000
11001000111111110110011001100110000000000000000000000000000000000000000011111111111001001000011111101101100000000000000000000000000000010000000011100100111001000100000000000000000000000000000000000010111111110001000001101100110000000000000000000000000000000000001100000001100000010001101011100001100000000000000000000000000000
11001000111111110110011001100110000000000000000000000000000000000000000011111111111001001000011111101101100000000000000000000000000000010000000011100100111001000100000000000000000000000000000000000000111111110001000001101100101110100000000000000000000000000000001100000001100000001001000101000111100000000000000000000000000000
11001000111111110110011001100110000000000000000000000000000000000000000011111111111001001000011111101101100000000000000000000000000000010000000011111000101110001010000010000000000000000000000000000010111111110000001100000101010010000000000000000000000000000000001100000001100000101001110011001101000000000000000000000000000000
11001000111111110110011001100110000000000000000000000000000000000000000011111111111001001000011111101101100000000000000000000000000000010000000011111000101110001010000010000000000000000000000000000000111111110000001100000101010010100000000000000000000000000000001100000001100000100001001100110011000000000000000000000000000000
11001000111111110110011001100110000000000000000000000000000000000000000011111111111001001000011111101101100000000000000000000000000000010000000100000011101000100010011010000000000000000000000000000010111111110000001100000101010010000000000000000000000000000000001100000001100000010001101011100001100000000000000000000000000000
11001000111111110110011001100110000000000000000000000000000000000000000011111111111001001000011111101101100000000000000000000000000000010000000100000011101000100010011010000000000000000000000000000000111111110000001100000101010010100000000000000000000000000000001100000001100000001001000101000111100000000000000000000000000000
11001000111111110110011001100110000000000000000000000000000000000000000011111111111001001000011111101101100000000000000000000000000000010000000100001101101001110100010100000000000000000000000000000010111111101111001011100100100000000000000000000000000000000000001100000001100000101001110011001101000000000000000000000000000000
11001000111111110110011001100110000000000000000000000000000000000000000011111111111001001000011111101101100000000000000000000000000000010000000100001101101001110100010100000000000000000000000000000010111111110101011000101011010111000000000000000000000000000000001100000001100000100001001100110011000000000000000000000000000000
11001000111111110110011001100110000000000000000000000000000000000000000011111111111001001000011111101101100000000000000000000000000000010000000100001101101001110100010100000000000000000000000000000000111111110101011000101011010111010000000000000000000000000000001100000001100000101001110011001101000000000000000000000000000000
11001000111111110110011001100110000000000000000000000000000000000000000011111111111001001000011111101101100000000000000000000000000000010000000100001101101001110100010110000000000000000000000000000000111111101111001011100100100101001000000000000000000000000000001100000001100000100001001100110011000000000000000000000000000000
11001000111111110110011001100110000000000000000000000000000000000000000011111111111001001000011111101101100000000000000000000000000000010000000100010100010100001101100010000000000000000000000000000010111111101110010010000111111100000000000000000000000000000000001100000001100000010001101011100001100000000000000000000000000000
11001000111111110110011001100110000000000000000000000000000000000000000011111111111001001000011111101101100000000000000000000000000000010000000100010100010100001101100000000000000000000000000000000010111111110100101101100101111101000000000000000000000000000000001100000001100000001001000101000111100000000000000000000000000000
11001000111111110110011001100110000000000000000000000000000000000000000011111111111001001000011111101101100000000000000000000000000000010000000100010100010100001101100000000000000000000000000000000000111111110100101101100101111101010000000000000000000000000000001100000001100000010001101011100001100000000000000000000000000000
11001000111111110110011001100110000000000000000000000000000000000000000011111111111001001000011111101101100000000000000000000000000000010000000100010100010100001101100010000000000000000000000000000000111111101110010010000111110101001000000000000000000000000000001100000001100000001001000101000111100000000000000000000000000000
11001000111111110110011001100110000000000000000000000000000000000000000011111111111001001000011111101101100000000000000000000000000000010000000100011110011100000001001110000000000000000000000000000010111111101110010010000111111100000000000000000000000000000000001100000001100000101001110011001101000000000000000000000000000000
11001000111111110110011001100110000000000000000000000000000000000000000011111111111001001000011111101101100000000000000000000000000000010000000100011110011100000001001110000000000000000000000000000010111111110100101101100101111101000000000000000000000000000000001100000001100000100001001100110011000000000000000000000000000000
11001000111111110110011001100110000000000000000000000000000000000000000011111111111001001000011111101101100000000000000000000000000000010000000100011110011100000001001110000000000000000000000000000000111111110100101101100101111101010000000000000000000000000000001100000001100000101001110011001101000000000000000000000000000000
11001000111111110110011001100110000000000000000000000000000000000000000011111111111001001000011111101101100000000000000000000000000000010000000100011110011100000001001110000000000000000000000000000000111111101110010010000111110101001000000000000000000000000000001100000001100000100001001100110011000000000000000000000000000000
11001000111111110110011001100110000000000000000000000000000000000000000011111111111001001000011111101101100000000000000000000000000000010000000100100100100000011111111100000000000000000000000000000010111111101101100101011100011000000000000000000000000000000000001100000001100000010001101011100001100000000000000000000000000000
11001000111111110110011001100110000000000000000000000000000000000000000011111111111001001000011111101101100000000000000000000000000000010000000100100100100000011111111100000000000000000000000000000010111111110100001100000101010011000000000000000000000000000000001100000001100000001001000101000111100000000000000000000000000000
11001000111111110110011001100110000000000000000000000000000000000000000011111111111001001000011111101101100000000000000000000000000000010000000100100100100000011111111100000000000000000000000000000000111111110100001100000101010001010000000000000000000000000000001100000001100000010001101011100001100000000000000000000000000000
11001000111111110110011001100110000000000000000000000000000000000000000011111111111001001000011111101101100000000000000000000000000000010000000100100100100000011111111100000000000000000000000000000000111111101101100101011100010101001000000000000000000000000000001100000001100000001001000101000111100000000000000000000000000000
11011000111111110110011001100110000000000000000000000000000000000000000011111111111001001000011111101101100000000000000000000000000000010000000100000110011011010010100010000000000000000000000000000010111111101111001011100100100000000000000000000000000000000000001100000001110000101100001011100001100000000000000000000000000000
11011000111111110110011001100110000000000000000000000000000000000000000011111111111001001000011111101101100000000000000000000000000000010000000100000110011011010010100010000000000000000000000000000010111111110101011000101011010111000000000000000000000000000000001100000001110000100111111000010100100000000000000000000000000000
11011000111111110110011001100110000000000000000000000000000000000000000011111111111001001000011111101101100000000000000000000000000000010000000100000110011011010010100010000000000000000000000000000000111111110101011000101011010111010000000000000000000000000000001100000001110000101100001011100001100000000000000000000000000000
11011000111111110110011001100110000000000000000000000000000000000000000011111111111001001000011111101101100000000000000000000000000000010000000100000110011011010010100100000000000000000000000000000000111111101111001011100100100101001000000000000000000000000000001100000001110000100111111000010100100000000000000000000000000000
11011000111111110110011001100110000000000000000000000000000000000000000011111111111001001000011111101101100000000000000000000000000000010000000100001110010010000101100010000000000000000000000000000010111111101111001011100100100000000000000000000000000000000000001100000001110000100000000111101011100000000000000000000000000000
11011000111111110110011001100110000000000000000000000000000000000000000011111111111001001000011111101101100000000000000000000000000000010000000100001110010010000101100010000000000000000000000000000010111111110101011000101011010111000000000000000000000000000000001100000001110000011011110100011110100000000000000000000000000000
11011000111111110110011001100110000000000000000000000000000000000000000011111111111001001000011111101101100000000000000000000000000000010000000100001110010010000101100010000000000000000000000000000000111111110101011000101011010111010000000000000000000000000000001100000001110000100000000111101011100000000000000000000000000000
11011000111111110110011001100110000000000000000000000000000000000000000011111111111001001000011111101101100000000000000000000000000000010000000100001110010010000101100010000000000000000000000000000000111111101111001011100100100101001000000000000000000000000000001100000001110000011011110100011110100000000000000000000000000000
11011000111111110110011001100110000000000000000000000000000000000000000011111111111001001000011111101101100000000000000000000000000000010000000100011000010101010011001010000000000000000000000000000010111111101110010010000111111100000000000000000000000000000000001100000001110000101100001011100001100000000000000000000000000000
11011000111111110110011001100110000000000000000000000000000000000000000011111111111001001000011111101101100000000000000000000000000000010000000100011000010101010011001010000000000000000000000000000010111111110100101101100101111101000000000000000000000000000000001100000001110000100111111000010100100000000000000000000000000000
11011000111111110110011001100110000000000000000000000000000000000000000011111111111001001000011111101101100000000000000000000000000000010000000100011000010101010011001010000000000000000000000000000000111111110100101101100101111101010000000000000000000000000000001100000001110000101100001011100001100000000000000000000000000000
11011000111111110110011001100110000000000000000000000000000000000000000011111111111001001000011111101101100000000000000000000000000000010000000100011000010101010011001010000000000000000000000000000000111111101110010010000111110101001000000000000000000000000000001100000001110000100111111000010100100000000000000000000000000000
11010000111111110110011001100111000000000000000000000000000000000000000011111111111001001000011111101101100000000000000000000000000000010000000100000110011011010010100010000000000000000000000000000010111111101111001011100100100000000000000000000000000000000000001100000001100111011011000101000111100000000000000000000000000000
11010000111111110110011001100110000000000000000000000000000000000000000011111111111001001000011111101101100000000000000000000000000000010000000100000110011011010010100010000000000000000000000000000010111111110101011000101011010111000000000000000000000000000000001100000001100111010010011110101110000000000000000000000000000000
11010000111111110110011001100111000000000000000000000000000000000000000011111111111001001000011111101101100000000000000000000000000000010000000100000110011011010010100010000000000000000000000000000000111111110101011000101011010111010000000000000000000000000000001100000001100111011011000101000111100000000000000000000000000000
11010000111111110110011001100110000000000000000000000000000000000000000011111111111001001000011111101101100000000000000000000000000000010000000100000110011011010010100100000000000000000000000000000000111111101111001011100100100101001000000000000000000000000000001100000001100111010010011110101110000000000000000000000000000000
11010000111111110110011001100111000000000000000000000000000000000000000011111111111001001000011111101101100000000000000000000000000000010000000100001110010010000101100010000000000000000000000000000010111111101111001011100100100000000000000000000000000000000000001100000001100111000010111101011100000000000000000000000000000000
11010000111111110110011001100110000000000000000000000000000000000000000011111111111001001000011111101101100000000000000000000000000000010000000100001110010010000101100010000000000000000000000000000010111111110101011000101011010111000000000000000000000000000000001100000001100110111010010111000010100000000000000000000000000000
11010000111111110110011001100111000000000000000000000000000000000000000011111111111001001000011111101101100000000000000000000000000000010000000100001110010010000101100010000000000000000000000000000000111111110101011000101011010111010000000000000000000000000000001100000001100111000010111101011100000000000000000000000000000000
11010000111111110110011001100110000000000000000000000000000000000000000011111111111001001000011111101101100000000000000000000000000000010000000100001110010010000101100010000000000000000000000000000000111111101111001011100100100101001000000000000000000000000000001100000001100110111010010111000010100000000000000000000000000000
11010000111111110110011001100111000000000000000000000000000000000000000011111111111001001000011111101101100000000000000000000000000000010000000100011000010101010011001010000000000000000000000000000010111111101110010010000111111100000000000000000000000000000000001100000001100111011011000101000111100000000000000000000000000000
11010000111111110110011001100110000000000000000000000000000000000000000011111111111001001000011111101101100000000000000000000000000000010000000100011000010101010011001010000000000000000000000000000010111111110100101101100101111101000000000000000000000000000000001100000001100111010010011110101110000000000000000000000000000000
11010000111111110110011001100111000000000000000000000000000000000000000011111111111001001000011111101101100000000000000000000000000000010000000100011000010101010011001010000000000000000000000000000000111111110100101101100101111101010000000000000000000000000000001100000001100111011011000101000111100000000000000000000000000000
11010000111111110110011001100110000000000000000000000000000000000000000011111111111001001000011111101101100000000000000000000000000000010000000100011000010101010011001010000000000000000000000000000000111111101110010010000111110101001000000000000000000000000000001100000001100111010010011110101110000000000000000000000000000000
00000000000000000000000000000000000000000000000000000000000000000000000000000000000000000000000000000000000000000000000000000000000000000000000000000000000000000000000000000000000000000000000000000000000000000000000000000000000000000000000000000000000000000000000000000000000000000000000000000000000000000000000000000000000000
00000000000000000000000000000000000000000000000000000000000000000000000000000000000000000000000000000000000000000000000000000000000000000000000000000000000000000000000000000000000000000000000000000000000000000000000000000000000000000000000000000000000000000000000000000000000000000000000000000000000000000000000000000000000000
00000000000000000000000000000000000000000000000000000000000000000000000000000000000000000000000000000000000000000000000000000000000000000000000000000000000000000000000000000000000000000000000000000000000000000000000000000000000000000000000000000000000000000000000000000000000000000000000000000000000000000000000000000000000000
00000000000000000000000000000000000000000000000000000000000000000000000000000000000000000000000000000000000000000000000000000000000000000000000000000000000000000000000000000000000000000000000000000000000000000000000000000000000000000000000000000000000000000000000000000000000000000000000000000000000000000000000000000000000000
00000000000000000000000000000000000000000000000000000000000000000000000000000000000000000000000000000000000000000000000000000000000000000000000000000000000000000000000000000000000000000000000000000000000000000000000000000000000000000000000000000000000000000000000000000000000000000000000000000000000000000000000000000000000000
00000000000000000000000000000000000000000000000000000000000000000000000000000000000000000000000000000000000000000000000000000000000000000000000000000000000000000000000000000000000000000000000000000000000000000000000000000000000000000000000000000000000000000000000000000000000000000000000000000000000000000000000000000000000000
00000000000000000000000000000000000000000000000000000000000000000000000000000000000000000000000000000000000000000000000000000000000000000000000000000000000000000000000000000000000000000000000000000000000000000000000000000000000000000000000000000000000000000000000000000000000000000000000000000000000000000000000000000000000000
00000000000000000000000000000000000000000000000000000000000000000000000000000000000000000000000000000000000000000000000000000000000000000000000000000000000000000000000000000000000000000000000000000000000000000000000000000000000000000000000000000000000000000000000000000000000000000000000000000000000000000000000000000000000000
00000000000000000000000000000000000000000000000000000000000000000000000000000000000000000000000000000000000000000000000000000000000000000000000000000000000000000000000000000000000000000000000000000000000000000000000000000000000000000000000000000000000000000000000000000000000000000000000000000000000000000000000000000000000000
00000000000000000000000000000000000000000000000000000000000000000000000000000000000000000000000000000000000000000000000000000000000000000000000000000000000000000000000000000000000000000000000000000000000000000000000000000000000000000000000000000000000000000000000000000000000000000000000000000000000000000000000000000000000000
00000000000000000000000000000000000000000000000000000000000000000000000000000000000000000000000000000000000000000000000000000000000000000000000000000000000000000000000000000000000000000000000000000000000000000000000000000000000000000000000000000000000000000000000000000000000000000000000000000000000000000000000000000000000000
00000000000000000000000000000000000000000000000000000000000000000000000000000000000000000000000000000000000000000000000000000000000000000000000000000000000000000000000000000000000000000000000000000000000000000000000000000000000000000000000000000000000000000000000000000000000000000000000000000000000000000000000000000000000000
00000000000000000000000000000000000000000000000000000000000000000000000000000000000000000000000000000000000000000000000000000000000000000000000000000000000000000000000000000000000000000000000000000000000000000000000000000000000000000000000000000000000000000000000000000000000000000000000000000000000000000000000000000000000000
00000000000000000000000000000000000000000000000000000000000000000000000000000000000000000000000000000000000000000000000000000000000000000000000000000000000000000000000000000000000000000000000000000000000000000000000000000000000000000000000000000000000000000000000000000000000000000000000000000000000000000000000000000000000000
00000000000000000000000000000000000000000000000000000000000000000000000000000000000000000000000000000000000000000000000000000000000000000000000000000000000000000000000000000000000000000000000000000000000000000000000000000000000000000000000000000000000000000000000000000000000000000000000000000000000000000000000000000000000000
00000000000000000000000000000000000000000000000000000000000000000000000000000000000000000000000000000000000000000000000000000000000000000000000000000000000000000000000000000000000000000000000000000000000000000000000000000000000000000000000000000000000000000000000000000000000000000000000000000000000000000000000000000000000000
00000000000000000000000000000000000000000000000000000000000000000000000000000000000000000000000000000000000000000000000000000000000000000000000000000000000000000000000000000000000000000000000000000000000000000000000000000000000000000000000000000000000000000000000000000000000000000000000000000000000000000000000000000000000000
00000000000000000000000000000000000000000000000000000000000000000000000000000000000000000000000000000000000000000000000000000000000000000000000000000000000000000000000000000000000000000000000000000000000000000000000000000000000000000000000000000000000000000000000000000000000000000000000000000000000000000000000000000000000000
00000000000000000000000000000000000000000000000000000000000000000000000000000000000000000000000000000000000000000000000000000000000000000000000000000000000000000000000000000000000000000000000000000000000000000000000000000000000000000000000000000000000000000000000000000000000000000000000000000000000000000000000000000000000000
