10100011111111000111000010100010000100000000000000000000000000000000000000000000000000000000000000000000000000000000000000000000000001000000000101000001100110011001101000000000000000000000000000000011111110000010011011101001011110000000000000000000000000000000010000000101110000100000111101011100000000000000000000000000000010111111100010110111111011100000000000000000000000000000000000000100000000010101000111010101001111000000000000000000000000000000
10100011111111000111000010100110000000100000000000000000000000000000000000000000000000000000000000000000000000000000000000000000000001000000000101000001100110011001101000000000000000000000000000000011111110000010011011101001011110000000000000000000000000000000010000000101110000001111101011100010000000000000000000000000000010111111100010110111111011100000000000000000000000000000000000000100000000101110010101011000000100000000000000000000000000000000
10100011111111000111000010100010000100000000000000000000000000000000000000000000000000000000000000000000000000000000000000000000000001000000000101000001100110011001101000000000000000000000000000000011111110000010011011101001011110000000000000000000000000000000010000000101110000100000111101011100000000000000000000000000000010111111100010110111111011100000000000000000000000000000000000000100000000111001001111111010101011000000000000000000000000000000
10100011111111000111000010100110000000100000000000000000000000000000000000000000000000000000000000000000000000000000000000000000000001000000000101000001100110011001101000000000000000000000000000000011111110000010011011101001011110000000000000000000000000000000010000000101110000001111101011100010000000000000000000000000000010111111100010110111111011100000000000000000000000000000000000000100000001000001011110011010101000000000000000000000000000000000
10100011111111000111000010100010000100000000000000000000000000000000000000000000000000000000000000000000000000000000000000000000000001000000000101000001100110011001101000000000000000000000000000000011111110000010011011101001011110000000000000000000000000000000010000000101110000100000111101011100000000000000000000000000000010111111100010110111111011100000000000000000000000000000000000000100000001000110100010100011011011100000000000000000000000000000
10100011111111000111000010100110000000100000000000000000000000000000000000000000000000000000000000000000000000000000000000000000000001000000000101000001100110011001101000000000000000000000000000000011111110000010011011101001011110000000000000000000000000000000010000000101110000001111101011100010000000000000000000000000000010111111100010110111111011100000000000000000000000000000000000000100000001001011010011000101001110000000000000000000000000000000
10100011111111000111000010100010000100000000000000000000000000000000000000000000000000000000000000000000000000000000000000000000000001000000000101000001100110011001101000000000000000000000000000000011111110000010011011101001011110000000000000000000000000000000010000000101110000100000111101011100000000000000000000000000000010111111100010110111111011100000000000000000000000000000000000000100000001010000001100010111011101000000000000000000000000000000
10100011111111000111000010100110000000100000000000000000000000000000000000000000000000000000000000000000000000000000000000000000000001000000000101000001100110011001101000000000000000000000000000000011111110000010011011101001011110000000000000000000000000000000010000000101110000001111101011100010000000000000000000000000000010111111100010110111111011100000000000000000000000000000000000000100000001010010100001001010101001100000000000000000000000000000
10100011111111000111000010100010000100000000000000000000000000000000000000000000000000000000000000000000000000000000000000000000000001000000000101000001100110011001101000000000000000000000000000000011111110000010011011101001011110000000000000000000000000000000010000000101110000100000111101011100000000000000000000000000000010111111100010110111111011100000000000000000000000000000000000000100000001010101000100101111011010100000000000000000000000000000
10100011111111000111000010100110000000100000000000000000000000000000000000000000000000000000000000000000000000000000000000000000000001000000000101000001100110011001101000000000000000000000000000000011111110000010011011101001011110000000000000000000000000000000010000000101110000001111101011100010000000000000000000000000000010111111100010110111111011100000000000000000000000000000000000000100000001010111010110010101110100000000000000000000000000000000
10100011111111000111000010100010000100000000000000000000000000000000000000000000000000000000000000000000000000000000000000000000000001000000000101000001100110011001101000000000000000000000000000000011111110000010011011101001011110000000000000000000000000000000010000000101110000100000111101011100000000000000000000000000000010111111100010110111111011100000000000000000000000000000000000000100000001011001111010101001111111000000000000000000000000000000
10100011111111000111000010100110000000100000000000000000000000000000000000000000000000000000000000000000000000000000000000000000000001000000000101000001100110011001101000000000000000000000000000000011111110000010011011101001011110000000000000000000000000000000010000000101110000001111101011100010000000000000000000000000000010111111100010110111111011100000000000000000000000000000000000000100000001011100001010001010001111100000000000000000000000000000
10100011111111000111000010100011011101100000000000000000000000000000000000000000000000000000000000000000000000000000000000000000000001000000000101000001100110011001101000000000000000000000000000000011111110000010011011101001011110000000000000000000000000000000010000000101101101010110101110000110000000000000000000000000000000111111110011010011011011010001000000000000000000000000000000000100000000010101000111010101001111000000000000000000000000000000
10100011111111000111000010100100010000000000000000000000000000000000000000000000000000000000000000000000000000000000000000000000000001000000000101000001100110011001101000000000000000000000000000000011111110000010011011101001011110000000000000000000000000000000010000000101101101000101011100001010000000000000000000000000000000111111110011010011011011010001000000000000000000000000000000000100000000101110010101011000000100000000000000000000000000000000
10100011111111000111000010100011011101100000000000000000000000000000000000000000000000000000000000000000000000000000000000000000000001000000000101000001100110011001101000000000000000000000000000000011111110000010011011101001011110000000000000000000000000000000010000000101101101010110101110000110000000000000000000000000000000111111110011010011011011010001000000000000000000000000000000000100000000111001001111111010101011000000000000000000000000000000
10100011111111000111000010100100010000000000000000000000000000000000000000000000000000000000000000000000000000000000000000000000000001000000000101000001100110011001101000000000000000000000000000000011111110000010011011101001011110000000000000000000000000000000010000000101101101000101011100001010000000000000000000000000000000111111110011010011011011010001000000000000000000000000000000000100000001000001011110011010101000000000000000000000000000000000
10100011111111000111000010100011011101100000000000000000000000000000000000000000000000000000000000000000000000000000000000000000000001000000000101000001100110011001101000000000000000000000000000000011111110000010011011101001011110000000000000000000000000000000010000000101101101010110101110000110000000000000000000000000000000111111110011010011011011010001000000000000000000000000000000000100000001000110100010100011011011100000000000000000000000000000
10100011111111000111000010100100010000000000000000000000000000000000000000000000000000000000000000000000000000000000000000000000000001000000000101000001100110011001101000000000000000000000000000000011111110000010011011101001011110000000000000000000000000000000010000000101101101000101011100001010000000000000000000000000000000111111110011010011011011010001000000000000000000000000000000000100000001001011010011000101001110000000000000000000000000000000
10100011111111000111000010100011011101100000000000000000000000000000000000000000000000000000000000000000000000000000000000000000000001000000000101000001100110011001101000000000000000000000000000000011111110000010011011101001011110000000000000000000000000000000010000000101101101010110101110000110000000000000000000000000000000111111110011010011011011010001000000000000000000000000000000000100000001010000001100010111011101000000000000000000000000000000
10100011111111000111000010100100010000000000000000000000000000000000000000000000000000000000000000000000000000000000000000000000000001000000000101000001100110011001101000000000000000000000000000000011111110000010011011101001011110000000000000000000000000000000010000000101101101000101011100001010000000000000000000000000000000111111110011010011011011010001000000000000000000000000000000000100000001010010100001001010101001100000000000000000000000000000
10100011111111000111000010100011011101100000000000000000000000000000000000000000000000000000000000000000000000000000000000000000000001000000000101000001100110011001101000000000000000000000000000000011111110000010011011101001011110000000000000000000000000000000010000000101101101010110101110000110000000000000000000000000000000111111110011010011011011010001000000000000000000000000000000000100000001010101000100101111011010100000000000000000000000000000
10100011111111000111000010100100010000000000000000000000000000000000000000000000000000000000000000000000000000000000000000000000000001000000000101000001100110011001101000000000000000000000000000000011111110000010011011101001011110000000000000000000000000000000010000000101101101000101011100001010000000000000000000000000000000111111110011010011011011010001000000000000000000000000000000000100000001010111010110010101110100000000000000000000000000000000
10100011111111000111000010100011011101100000000000000000000000000000000000000000000000000000000000000000000000000000000000000000000001000000000101000001100110011001101000000000000000000000000000000011111110000010011011101001011110000000000000000000000000000000010000000101101101010110101110000110000000000000000000000000000000111111110011010011011011010001000000000000000000000000000000000100000001011001111010101001111111000000000000000000000000000000
10100011111111000111000010100100010000000000000000000000000000000000000000000000000000000000000000000000000000000000000000000000000001000000000101000001100110011001101000000000000000000000000000000011111110000010011011101001011110000000000000000000000000000000010000000101101101000101011100001010000000000000000000000000000000111111110011010011011011010001000000000000000000000000000000000100000001011100001010001010001111100000000000000000000000000000
10100011111111000111000010100010000100000000000000000000000000000000000000000000000000000000000000000000000000000000000000000000000001000000000101000001100110011001101000000000000000000000000000000011111110000010011011101001011110000000000000000000000000000000010000000101110000100000111101011100000000000000000000000000000010111111110101010111101100100001100000000000000000000000000000000100000000010101000111010101001111000000000000000000000000000000
10100011111111000111000010100110000000100000000000000000000000000000000000000000000000000000000000000000000000000000000000000000000001000000000101000001100110011001101000000000000000000000000000000011111110000010011011101001011110000000000000000000000000000000010000000101110000001111101011100010000000000000000000000000000010111111110101010111101100100001100000000000000000000000000000000100000000101110010101011000000100000000000000000000000000000000
10100011111111000111000010100010000100000000000000000000000000000000000000000000000000000000000000000000000000000000000000000000000001000000000101000001100110011001101000000000000000000000000000000011111110000010011011101001011110000000000000000000000000000000010000000101110000100000111101011100000000000000000000000000000010111111110101010111101100100001100000000000000000000000000000000100000000111001001111111010101011000000000000000000000000000000
10100011111111000111000010100110000000100000000000000000000000000000000000000000000000000000000000000000000000000000000000000000000001000000000101000001100110011001101000000000000000000000000000000011111110000010011011101001011110000000000000000000000000000000010000000101110000001111101011100010000000000000000000000000000010111111110101010111101100100001100000000000000000000000000000000100000001000001011110011010101000000000000000000000000000000000
10100011111111000111000010100010000100000000000000000000000000000000000000000000000000000000000000000000000000000000000000000000000001000000000101000001100110011001101000000000000000000000000000000011111110000010011011101001011110000000000000000000000000000000010000000101110000100000111101011100000000000000000000000000000010111111110101010111101100100001100000000000000000000000000000000100000001000110100010100011011011100000000000000000000000000000
10100011111111000111000010100110000000100000000000000000000000000000000000000000000000000000000000000000000000000000000000000000000001000000000101000001100110011001101000000000000000000000000000000011111110000010011011101001011110000000000000000000000000000000010000000101110000001111101011100010000000000000000000000000000010111111110101010111101100100001100000000000000000000000000000000100000001001011010011000101001110000000000000000000000000000000
10100011111111000111000010100010000100000000000000000000000000000000000000000000000000000000000000000000000000000000000000000000000001000000000101000001100110011001101000000000000000000000000000000011111110000010011011101001011110000000000000000000000000000000010000000101110000100000111101011100000000000000000000000000000010111111110101010111101100100001100000000000000000000000000000000100000001010000001100010111011101000000000000000000000000000000
10100011111111000111000010100110000000100000000000000000000000000000000000000000000000000000000000000000000000000000000000000000000001000000000101000001100110011001101000000000000000000000000000000011111110000010011011101001011110000000000000000000000000000000010000000101110000001111101011100010000000000000000000000000000010111111110101010111101100100001100000000000000000000000000000000100000001010010100001001010101001100000000000000000000000000000
10100011111111000111000010100010000100000000000000000000000000000000000000000000000000000000000000000000000000000000000000000000000001000000000101000001100110011001101000000000000000000000000000000011111110000010011011101001011110000000000000000000000000000000010000000101110000100000111101011100000000000000000000000000000010111111110101010111101100100001100000000000000000000000000000000100000001010101000100101111011010100000000000000000000000000000
10100011111111000111000010100110000000100000000000000000000000000000000000000000000000000000000000000000000000000000000000000000000001000000000101000001100110011001101000000000000000000000000000000011111110000010011011101001011110000000000000000000000000000000010000000101110000001111101011100010000000000000000000000000000010111111110101010111101100100001100000000000000000000000000000000100000001010111010110010101110100000000000000000000000000000000
10100011111111000111000010100010000100000000000000000000000000000000000000000000000000000000000000000000000000000000000000000000000001000000000101000001100110011001101000000000000000000000000000000011111110000010011011101001011110000000000000000000000000000000010000000101110000100000111101011100000000000000000000000000000010111111110101010111101100100001100000000000000000000000000000000100000001011001111010101001111111000000000000000000000000000000
10100011111111000111000010100110000000100000000000000000000000000000000000000000000000000000000000000000000000000000000000000000000001000000000101000001100110011001101000000000000000000000000000000011111110000010011011101001011110000000000000000000000000000000010000000101110000001111101011100010000000000000000000000000000010111111110101010111101100100001100000000000000000000000000000000100000001011100001010001010001111100000000000000000000000000000
11000011111111011001100110011000000000000000000000000000000000000000101111111111100100100001111110110110000000000000000000000000000001000000000101000001100110011001101000000000000000000000000000000011111110000010011011101001011110000000000000000000000000000000010000000101000011101000011011011100000000000000000000000000000010111111110011100001001011001000000000000000000000000000000000000100000001100111000011111001100110100000000000000000000000000000
11000011111111011001100110011100000000000000000000000000000000000000101111111111100100100001111110110110000000000000000000000000000001000000000101000001100110011001101000000000000000000000000000000011111110000010011011101001011110000000000000000000000000000000010000000101000011101000011011011100000000000000000000000000000010111111101111010011011011010110000000000000000000000000000000000100000001100110111001011010111000100000000000000000000000000000
11000011111111011001100110011000000000000000000000000000000000000000101111111111100100100001111110110110000000000000000000000000000001000000000101000001100110011001101000000000000000000000000000000011111110000010011011101001011110000000000000000000000000000000010000000101000011101000011011011110000000000000000000000000000000111111011110110111111011100000000000000000000000000000000000000100000001100111000011111001100110100000000000000000000000000000
11000011111111011001100110011100000000000000000000000000000000000000101111111111100100100001111110110110000000000000000000000000000001000000000101000001100110011001101000000000000000000000000000000011111110000010011011101001011110000000000000000000000000000000010000000101000011101000011011011100000000000000000000000000000000111111110000000101001101010100000000000000000000000000000000000100000001100110111001011010111000100000000000000000000000000000
11000011111111011001100110011000000000000000000000000000000000000000101111111111100100100001111110110110000000000000000000000000000001000000000101000001100110011001101000000000000000000000000000000011111110000010011011101001011110000000000000000000000000000000010000000101000011101000011011011100000000000000000000000000000000111111110011111100101010110110000000000000000000000000000000000100000001100111000011111001100110100000000000000000000000000000
11000011111111000111000010100000000000000000000000000000000000000000101111111111100100100001111110110110000000000000000000000000000001000000000101000001100110011001101000000000000000000000000000000011111110000010011011101001011110000000000000000000000000000000010000000101001110001000010100011110000000000000000000000000000010111111110101011111000011110111100000000000000000000000000000000100000001100111011100000001010010000000000000000000000000000000
11000011111111000111000010101000000000000000000000000000000000000000101111111111100100100001111110110110000000000000000000000000000001000000000101000001100110011001101000000000000000000000000000000011111110000010011011101001011110000000000000000000000000000000010000000101001110001000010100100000000000000000000000000000000010111111110011011000010101100000000000000000000000000000000000000100000001100111010001100010100100000000000000000000000000000000
11000011111111000111000010100000000000000000000000000000000000000000101111111111100100100001111110110110000000000000000000000000000001000000000101000001100110011001101000000000000000000000000000000011111110000010011011101001011110000000000000000000000000000000010000000101001110001000010100100000000000000000000000000000000010111111101111100101000110100000000000000000000000000000000000000100000001100111011100000001010010000000000000000000000000000000
11000011111111000111000010101000000000000000000000000000000000000000101111111111100100100001111110110110000000000000000000000000000001000000000101000001100110011001101000000000000000000000000000000011111110000010011011101001011110000000000000000000000000000000010000000101001110001000010100011110000000000000000000000000000010111111011110011000100000100000000000000000000000000000000000000100000001100111010001100010100100000000000000000000000000000000
11000011111111000111000010100000000000000000000000000000000000000000101111111111100100100001111110110110000000000000000000000000000001000000000101000001100110011001101000000000000000000000000000000011111110000010011011101001011110000000000000000000000000000000010000000101001110001000010100011110000000000000000000000000000000111111101110110010000010011110000000000000000000000000000000000100000001100111011100000001010010000000000000000000000000000000
11000011111111000111000010101000000000000000000000000000000000000000101111111111100100100001111110110110000000000000000000000000000001000000000101000001100110011001101000000000000000000000000000000011111110000010011011101001011110000000000000000000000000000000010000000101001110001000010100011110000000000000000000000000000000111111110010111110110011011110000000000000000000000000000000000100000001100111010001100010100100000000000000000000000000000000
11000011111111000111000010100000000000000000000000000000000000000000101111111111100100100001111110110110000000000000000000000000000001000000000101000001100110011001101000000000000000000000000000000011111110000010011011101001011110000000000000000000000000000000010000000101001110001000010100011110000000000000000000000000000000111111110101010010010010110110100000000000000000000000000000000100000001100111011100000001010010000000000000000000000000000000
11000011111111000111000010100000000000000000000000000000000000000000101111111111100100100001111110110110000000000000000000000000000001000000000101000001100110011001101000000000000000000000000000000011111110000010011011101001011110000000000000000000000000000000010000000101010110011011011110011100000000000000000000000000000010111111110101001001100001001010100000000000000000000000000000000100000001100111000011111001100110100000000000000000000000000000
11000011111111000111000010101000000000000000000000000000000000000000101111111111100100100001111110110110000000000000000000000000000001000000000101000001100110011001101000000000000000000000000000000011111110000010011011101001011110000000000000000000000000000000010000000101010110011011011110011100000000000000000000000000000010111111110011001001111110010111000000000000000000000000000000000100000001100110111001011010111000100000000000000000000000000000
11000011111111000111000010100000000000000000000000000000000000000000101111111111100100100001111110110110000000000000000000000000000001000000000101000001100110011001101000000000000000000000000000000011111110000010011011101001011110000000000000000000000000000000010000000101010110011011011110011100000000000000000000000000000010111111110000000000111010011010000000000000000000000000000000000100000001100111000011111001100110100000000000000000000000000000
11000011111111000111000010101000000000000000000000000000000000000000101111111111100100100001111110110110000000000000000000000000000001000000000101000001100110011001101000000000000000000000000000000011111110000010011011101001011110000000000000000000000000000000010000000101010110011011011110011100000000000000000000000000000010111111100110111110110011100000000000000000000000000000000000000100000001100110111001011010111000100000000000000000000000000000
11000011111111000111000010100000000000000000000000000000000000000000101111111111100100100001111110110110000000000000000000000000000001000000000101000001100110011001101000000000000000000000000000000011111110000010011011101001011110000000000000000000000000000000010000000101010110011011011110011010000000000000000000000000000000111111101100100010011011000100000000000000000000000000000000000100000001100111000011111001100110100000000000000000000000000000
11000011111111000111000010101000000000000000000000000000000000000000101111111111100100100001111110110110000000000000000000000000000001000000000101000001100110011001101000000000000000000000000000000011111110000010011011101001011110000000000000000000000000000000010000000101010110011011011110011010000000000000000000000000000000111111110001011010010001011111000000000000000000000000000000000100000001100110111001011010111000100000000000000000000000000000
11000011111111000111000010100000000000000000000000000000000000000000101111111111100100100001111110110110000000000000000000000000000001000000000101000001100110011001101000000000000000000000000000000011111110000010011011101001011110000000000000000000000000000000010000000101010110011011011110011100000000000000000000000000000000111111110100010001101010101110100000000000000000000000000000000100000001100111000011111001100110100000000000000000000000000000
11000011111111000111000010100000000000000000000000000000000000000000101111111111100100100001111110110110000000000000000000000000000001000000000101000001100110011001101000000000000000000000000000000011111110000010011011101001011110000000000000000000000000000000010000000101100001001000011011000100000000000000000000000000000010111111110100111000110000110101100000000000000000000000000000000100000001100111011100000001010010000000000000000000000000000000
11000011111111000111000010101000000000000000000000000000000000000000101111111111100100100001111110110110000000000000000000000000000001000000000101000001100110011001101000000000000000000000000000000011111110000010011011101001011110000000000000000000000000000000010000000101100001001000011011000010000000000000000000000000000010111111110010111110110011011110000000000000000000000000000000000100000001100111010001100010100100000000000000000000000000000000
11000011111111000111000010100000000000000000000000000000000000000000101111111111100100100001111110110110000000000000000000000000000001000000000101000001100110011001101000000000000000000000000000000011111110000010011011101001011110000000000000000000000000000000010000000101100001001000011011000010000000000000000000000000000010111111110000001100000101010011000000000000000000000000000000000100000001100111011100000001010010000000000000000000000000000000
11000011111111000111000010101000000000000000000000000000000000000000101111111111100100100001111110110110000000000000000000000000000001000000000101000001100110011001101000000000000000000000000000000011111110000010011011101001011110000000000000000000000000000000010000000101100001001000011011000100000000000000000000000000000010111111101001100101011100011000000000000000000000000000000000000100000001100111010001100010100100000000000000000000000000000000
11000011111111000111000010100000000000000000000000000000000000000000101111111111100100100001111110110110000000000000000000000000000001000000000101000001100110011001101000000000000000000000000000000011111110000010011011101001011110000000000000000000000000000000010000000101100001001000011011000010000000000000000000000000000000111111101001100101011100011000000000000000000000000000000000000100000001100111011100000001010010000000000000000000000000000000
11000011111111000111000010101000000000000000000000000000000000000000101111111111100100100001111110110110000000000000000000000000000001000000000101000001100110011001101000000000000000000000000000000011111110000010011011101001011110000000000000000000000000000000010000000101100001001000011011000010000000000000000000000000000000111111110000001100000101010010000000000000000000000000000000000100000001100111010001100010100100000000000000000000000000000000
11000011111111000111000010100000000000000000000000000000000000000000101111111111100100100001111110110110000000000000000000000000000001000000000101000001100110011001101000000000000000000000000000000011111110000010011011101001011110000000000000000000000000000000010000000101100001001000011011000010000000000000000000000000000000111111110010111110110011011110000000000000000000000000000000000100000001100111011100000001010010000000000000000000000000000000
11000011111111000111000010101000000000000000000000000000000000000000101111111111100100100001111110110110000000000000000000000000000001000000000101000001100110011001101000000000000000000000000000000011111110000010011011101001011110000000000000000000000000000000010000000101100001001000011011000010000000000000000000000000000000111111110100111000110000110100100000000000000000000000000000000100000001100111010001100010100100000000000000000000000000000000
11000011111111000111000010101000000000000000000000000000000000000000101111111111100100100001111110110110000000000000000000000000000001000000000101000001100110011001101000000000000000000000000000000011111110000010011011101001011110000000000000000000000000000000010000000101101000111110011001100110000000000000000000000000000010111111110100110001101101010101000000000000000000000000000000000100000001100110111001011010111000100000000000000000000000000000
11000011111111000111000010100000000000000000000000000000000000000000101111111111100100100001111110110110000000000000000000000000000001000000000101000001100110011001101000000000000000000000000000000011111110000010011011101001011110000000000000000000000000000000010000000101101000111110011001100110000000000000000000000000000010111111110010111010000110011110000000000000000000000000000000000100000001100111000011111001100110100000000000000000000000000000
11000011111111000111000010101000000000000000000000000000000000000000101111111111100100100001111110110110000000000000000000000000000001000000000101000001100110011001101000000000000000000000000000000011111110000010011011101001011110000000000000000000000000000000010000000101101000111110011001100110000000000000000000000000000010111111110000010000110010010011000000000000000000000000000000000100000001100110111001011010111000100000000000000000000000000000
11000011111111000111000010100000000000000000000000000000000000000000101111111111100100100001111110110110000000000000000000000000000001000000000101000001100110011001101000000000000000000000000000000011111110000010011011101001011110000000000000000000000000000000010000000101101000111110011001100110000000000000000000000000000010111111101010011101111000100000000000000000000000000000000000000100000001100111000011111001100110100000000000000000000000000000
11000011111111000111000010101000000000000000000000000000000000000000101111111111100100100001111110110110000000000000000000000000000001000000000101000001100110011001101000000000000000000000000000000011111110000010011011101001011110000000000000000000000000000000010000000101101000111110011001100110000000000000000000000000000000111111101000000111011000010000000000000000000000000000000000000100000001100110111001011010111000100000000000000000000000000000
11000011111111000111000010100000000000000000000000000000000000000000101111111111100100100001111110110110000000000000000000000000000001000000000101000001100110011001101000000000000000000000000000000011111110000010011011101001011110000000000000000000000000000000010000000101101000111110011001100110000000000000000000000000000000111111101111010110010100100000000000000000000000000000000000000100000001100111000011111001100110100000000000000000000000000000
11000011111111000111000010101000000000000000000000000000000000000000101111111111100100100001111110110110000000000000000000000000000001000000000101000001100110011001101000000000000000000000000000000011111110000010011011101001011110000000000000000000000000000000010000000101101000111110011001100110000000000000000000000000000000111111110010010100011110011010000000000000000000000000000000000100000001100110111001011010111000100000000000000000000000000000
11000011111111000111000010100000000000000000000000000000000000000000101111111111100100100001111110110110000000000000000000000000000001000000000101000001100110011001101000000000000000000000000000000011111110000010011011101001011110000000000000000000000000000000010000000101101000111110011001100110000000000000000000000000000000111111110100011110111001010011100000000000000000000000000000000100000001100111000011111001100110100000000000000000000000000000
11000011111111000111000010101000000000000000000000000000000000000000101111111111100100100001111110110110000000000000000000000000000001000000000101000001100110011001101000000000000000000000000000000011111110000010011011101001011110000000000000000000000000000000010000000101101000111110011001100110000000000000000000000000000000111111110101110011100011011000100000000000000000000000000000000100000001100110111001011010111000100000000000000000000000000000
