10110000111111110001110000101000111011010000000000000000000000000000000000000000000000000000000000000000000000000000000000000000000000010000000101000010111111000010100100000000000000000000000000000010111111110010111110110011011110000000000000000000000000000000001100000000010010110101010101010010000000000000000000000000000000
10110000111111110001110000101000111011010000000000000000000000000000000000000000000000000000000000000000000000000000000000000000000000010000000101000011010000010100100000000000000000000000000000000010111111110010111110110011011110000000000000000000000000000000001100000000101101100001111010000100000000000000000000000000000000
10110000111111110001110000101000111011010000000000000000000000000000000000000000000000000000000000000000000000000000000000000000000000010000000101000010111111000010100100000000000000000000000000000010111111110010111110110011011110000000000000000000000000000000001100000000111000100100001000100110100000000000000000000000000000
10110000111111110001110000101000111011010000000000000000000000000000000000000000000000000000000000000000000000000000000000000000000000010000000101000011010000010100100000000000000000000000000000000010111111110010111110110011011110000000000000000000000000000000001100000001000001010101011010000111000000000000000000000000000000
10110000111111110001110000101000111011010000000000000000000000000000000000000000000000000000000000000000000000000000000000000000000000010000000101000010111111000010100100000000000000000000000000000010111111110010111110110011011110000000000000000000000000000000001100000001000110001001000010111110000000000000000000000000000000
10110000111111110001110000101000111011010000000000000000000000000000000000000000000000000000000000000000000000000000000000000000000000010000000101000011010000010100100000000000000000000000000000000010111111110010111110110011011110000000000000000000000000000000001100000001001011001101111001110111000000000000000000000000000000
10110000111111110001110000101000111011010000000000000000000000000000000000000000000000000000000000000000000000000000000000000000000000010000000101000010111111000010100100000000000000000000000000000010111111110010111110110011011110000000000000000000000000000000001100000001001111110111100000010000100000000000000000000000000000
10110000111111110001110000101000111011010000000000000000000000000000000000000000000000000000000000000000000000000000000000000000000000010000000101000011010000010100100000000000000000000000000000000010111111110010111110110011011110000000000000000000000000000000001100000001010010011110111011011111100000000000000000000000000000
10110000111111110001110000101000111011010000000000000000000000000000000000000000000000000000000000000000000000000000000000000000000000010000000101000010111111000010100100000000000000000000000000000010111111110010111110110011011110000000000000000000000000000000001100000001010100110000100001111001000000000000000000000000000000
10110000111111110001110000101000111011010000000000000000000000000000000000000000000000000000000000000000000000000000000000000000000000010000000101000011010000010100100000000000000000000000000000000010111111110010111110110011011110000000000000000000000000000000001100000001010111010100011100101011000000000000000000000000000000
10110000111111110001110000101000111011010000000000000000000000000000000000000000000000000000000000000000000000000000000000000000000000010000000101000010111111000010100100000000000000000000000000000010111111110010111110110011011110000000000000000000000000000000001100000001011001100101100000010000100000000000000000000000000000
10110000111111110001110000101000111011010000000000000000000000000000000000000000000000000000000000000000000000000000000000000000000000010000000101000011010000010100100000000000000000000000000000000010111111110010111110110011011110000000000000000000000000000000001100000001011100001010001011010001000000000000000000000000000000
10110000111111110001110000101001010100110000000000000000000000000000000000000000000000000000000000000000000000000000000000000000000000010000000101000110001001010001111100000000000000000000000000000010111111101101100101011100011000000000000000000000000000000000001100000000010010110101010101010010000000000000000000000000000000
10110000111111110001110000101000100111100000000000000000000000000000000000000000000000000000000000000000000000000000000000000000000000010000000101000110011010100011110110000000000000000000000000000010111111101101100101011100011000000000000000000000000000000000001100000000101101100001111010000100000000000000000000000000000000
10110000111111110001110000101001010100110000000000000000000000000000000000000000000000000000000000000000000000000000000000000000000000010000000101000110001001010001111100000000000000000000000000000010111111101101100101011100011000000000000000000000000000000000001100000000111000100100001000100110100000000000000000000000000000
10110000111111110001110000101000100111100000000000000000000000000000000000000000000000000000000000000000000000000000000000000000000000010000000101000110011010100011110110000000000000000000000000000010111111101101100101011100011000000000000000000000000000000000001100000001000001010101011010000111000000000000000000000000000000
10110000111111110001110000101001010100110000000000000000000000000000000000000000000000000000000000000000000000000000000000000000000000010000000101000110001001010001111100000000000000000000000000000010111111101101100101011100011000000000000000000000000000000000001100000001000110001001000010111110000000000000000000000000000000
10110000111111110001110000101000100111100000000000000000000000000000000000000000000000000000000000000000000000000000000000000000000000010000000101000110011010100011110110000000000000000000000000000010111111101101100101011100011000000000000000000000000000000000001100000001001011001101111001110111000000000000000000000000000000
10110000111111110001110000101001010100110000000000000000000000000000000000000000000000000000000000000000000000000000000000000000000000010000000101000110001001010001111100000000000000000000000000000010111111101101100101011100011000000000000000000000000000000000001100000001001111110111100000010000100000000000000000000000000000
10110000111111110001110000101000100111100000000000000000000000000000000000000000000000000000000000000000000000000000000000000000000000010000000101000110011010100011110110000000000000000000000000000010111111101101100101011100011000000000000000000000000000000000001100000001010010011110111011011111100000000000000000000000000000
10110000111111110001110000101001010100110000000000000000000000000000000000000000000000000000000000000000000000000000000000000000000000010000000101000110001001010001111100000000000000000000000000000010111111101101100101011100011000000000000000000000000000000000001100000001010100110000100001111001000000000000000000000000000000
10110000111111110001110000101000100111100000000000000000000000000000000000000000000000000000000000000000000000000000000000000000000000010000000101000110011010100011110110000000000000000000000000000010111111101101100101011100011000000000000000000000000000000000001100000001010111010100011100101011000000000000000000000000000000
10110000111111110001110000101001010100110000000000000000000000000000000000000000000000000000000000000000000000000000000000000000000000010000000101000110001001010001111100000000000000000000000000000010111111101101100101011100011000000000000000000000000000000000001100000001011001100101100000010000100000000000000000000000000000
10110000111111110001110000101000100111100000000000000000000000000000000000000000000000000000000000000000000000000000000000000000000000010000000101000110011010100011110110000000000000000000000000000010111111101101100101011100011000000000000000000000000000000000001100000001011100001010001011010001000000000000000000000000000000
10110000111111110001110000101000111011010000000000000000000000000000000000000000000000000000000000000000000000000000000000000000000000010000000101000010111111000010100100000000000000000000000000000000111111101001100101011100011000000000000000000000000000000000001100000000010010110101010101010010000000000000000000000000000000
10110000111111110001110000101000111011010000000000000000000000000000000000000000000000000000000000000000000000000000000000000000000000010000000101000011010000010100100000000000000000000000000000000000111111101001100101011100011000000000000000000000000000000000001100000000101101100001111010000100000000000000000000000000000000
10110000111111110001110000101000111011010000000000000000000000000000000000000000000000000000000000000000000000000000000000000000000000010000000101000010111111000010100100000000000000000000000000000000111111101001100101011100011000000000000000000000000000000000001100000000111000100100001000100110100000000000000000000000000000
10110000111111110001110000101000111011010000000000000000000000000000000000000000000000000000000000000000000000000000000000000000000000010000000101000011010000010100100000000000000000000000000000000000111111101001100101011100011000000000000000000000000000000000001100000001000001010101011010000111000000000000000000000000000000
10110000111111110001110000101000111011010000000000000000000000000000000000000000000000000000000000000000000000000000000000000000000000010000000101000010111111000010100100000000000000000000000000000000111111101001100101011100011000000000000000000000000000000000001100000001000110001001000010111110000000000000000000000000000000
10110000111111110001110000101000111011010000000000000000000000000000000000000000000000000000000000000000000000000000000000000000000000010000000101000011010000010100100000000000000000000000000000000000111111101001100101011100011000000000000000000000000000000000001100000001001011001101111001110111000000000000000000000000000000
10110000111111110001110000101000111011010000000000000000000000000000000000000000000000000000000000000000000000000000000000000000000000010000000101000010111111000010100100000000000000000000000000000000111111101001100101011100011000000000000000000000000000000000001100000001001111110111100000010000100000000000000000000000000000
10110000111111110001110000101000111011010000000000000000000000000000000000000000000000000000000000000000000000000000000000000000000000010000000101000011010000010100100000000000000000000000000000000000111111101001100101011100011000000000000000000000000000000000001100000001010010011110111011011111100000000000000000000000000000
10110000111111110001110000101000111011010000000000000000000000000000000000000000000000000000000000000000000000000000000000000000000000010000000101000010111111000010100100000000000000000000000000000000111111101001100101011100011000000000000000000000000000000000001100000001010100110000100001111001000000000000000000000000000000
10110000111111110001110000101000111011010000000000000000000000000000000000000000000000000000000000000000000000000000000000000000000000010000000101000011010000010100100000000000000000000000000000000000111111101001100101011100011000000000000000000000000000000000001100000001010111010100011100101011000000000000000000000000000000
10110000111111110001110000101000111011010000000000000000000000000000000000000000000000000000000000000000000000000000000000000000000000010000000101000010111111000010100100000000000000000000000000000000111111101001100101011100011000000000000000000000000000000000001100000001011001100101100000010000100000000000000000000000000000
10110000111111110001110000101000111011010000000000000000000000000000000000000000000000000000000000000000000000000000000000000000000000010000000101000011010000010100100000000000000000000000000000000000111111101001100101011100011000000000000000000000000000000000001100000001011100001010001011010001000000000000000000000000000000
10110000111111110001110000101000111000011000000000000000000000000000000000000000000000000000000000000000000000000000000000000000000000010000000101000110001001010001111100000000000000000000000000000000111111110001100101011100011000000000000000000000000000000000001100000000010010110101010101010010000000000000000000000000000000
10110000111111110001110000101000111000011000000000000000000000000000000000000000000000000000000000000000000000000000000000000000000000010000000101000110011010100011110110000000000000000000000000000000111111110001100101011100011000000000000000000000000000000000001100000000101101100001111010000100000000000000000000000000000000
10110000111111110001110000101000111000011000000000000000000000000000000000000000000000000000000000000000000000000000000000000000000000010000000101000110001001010001111100000000000000000000000000000000111111110001100101011100011000000000000000000000000000000000001100000000111000100100001000100110100000000000000000000000000000
10110000111111110001110000101000111000011000000000000000000000000000000000000000000000000000000000000000000000000000000000000000000000010000000101000110011010100011110110000000000000000000000000000000111111110001100101011100011000000000000000000000000000000000001100000001000001010101011010000111000000000000000000000000000000
10110000111111110001110000101000111000011000000000000000000000000000000000000000000000000000000000000000000000000000000000000000000000010000000101000110001001010001111100000000000000000000000000000000111111110001100101011100011000000000000000000000000000000000001100000001000110001001000010111110000000000000000000000000000000
10110000111111110001110000101000111000011000000000000000000000000000000000000000000000000000000000000000000000000000000000000000000000010000000101000110011010100011110110000000000000000000000000000000111111110001100101011100011000000000000000000000000000000000001100000001001011001101111001110111000000000000000000000000000000
10110000111111110001110000101000111000011000000000000000000000000000000000000000000000000000000000000000000000000000000000000000000000010000000101000110001001010001111100000000000000000000000000000000111111110001100101011100011000000000000000000000000000000000001100000001001111110111100000010000100000000000000000000000000000
10110000111111110001110000101000111000011000000000000000000000000000000000000000000000000000000000000000000000000000000000000000000000010000000101000110011010100011110110000000000000000000000000000000111111110001100101011100011000000000000000000000000000000000001100000001010010011110111011011111100000000000000000000000000000
10110000111111110001110000101000111000011000000000000000000000000000000000000000000000000000000000000000000000000000000000000000000000010000000101000110001001010001111100000000000000000000000000000000111111110001100101011100011000000000000000000000000000000000001100000001010100110000100001111001000000000000000000000000000000
10110000111111110001110000101000111000011000000000000000000000000000000000000000000000000000000000000000000000000000000000000000000000010000000101000110011010100011110110000000000000000000000000000000111111110001100101011100011000000000000000000000000000000000001100000001010111010100011100101011000000000000000000000000000000
10110000111111110001110000101000111000011000000000000000000000000000000000000000000000000000000000000000000000000000000000000000000000010000000101000110001001010001111100000000000000000000000000000000111111110001100101011100011000000000000000000000000000000000001100000001011001100101100000010000100000000000000000000000000000
10110000111111110001110000101000111000011000000000000000000000000000000000000000000000000000000000000000000000000000000000000000000000010000000101000110011010100011110110000000000000000000000000000000111111110001100101011100011000000000000000000000000000000000001100000001011100001010001011010001000000000000000000000000000000
10110000111111110001110000101000111101001000000000000000000000000000000000000000000000000000000000000000000000000000000000000000000000010000000101000010111111000010100100000000000000000000000000000000111111110100111000110000110101000000000000000000000000000000001100000000010010110101010101010010000000000000000000000000000000
10110000111111110001110000101000111101001000000000000000000000000000000000000000000000000000000000000000000000000000000000000000000000010000000101000011010000010100011110000000000000000000000000000000111111110100111000110000110101000000000000000000000000000000001100000000101101100001111010000100000000000000000000000000000000
10110000111111110001110000101000111101001000000000000000000000000000000000000000000000000000000000000000000000000000000000000000000000010000000101000010111111000010100100000000000000000000000000000000111111110100111000110000110101000000000000000000000000000000001100000000111000100100001000100110100000000000000000000000000000
10110000111111110001110000101000111101001000000000000000000000000000000000000000000000000000000000000000000000000000000000000000000000010000000101000011010000010100011110000000000000000000000000000000111111110100111000110000110101000000000000000000000000000000001100000001000001010101011010000111000000000000000000000000000000
10110000111111110001110000101000111101001000000000000000000000000000000000000000000000000000000000000000000000000000000000000000000000010000000101000010111111000010100100000000000000000000000000000000111111110100111000110000110101000000000000000000000000000000001100000001000110001001000010111110000000000000000000000000000000
10110000111111110001110000101000111101001000000000000000000000000000000000000000000000000000000000000000000000000000000000000000000000010000000101000011010000010100011110000000000000000000000000000000111111110100111000110000110101000000000000000000000000000000001100000001001011001101111001110111000000000000000000000000000000
10110000111111110001110000101000111101001000000000000000000000000000000000000000000000000000000000000000000000000000000000000000000000010000000101000010111111000010100100000000000000000000000000000000111111110100111000110000110101000000000000000000000000000000001100000001001111110111100000010000100000000000000000000000000000
10110000111111110001110000101000111101001000000000000000000000000000000000000000000000000000000000000000000000000000000000000000000000010000000101000011010000010100011110000000000000000000000000000000111111110100111000110000110101000000000000000000000000000000001100000001010010011110111011011111100000000000000000000000000000
10110000111111110001110000101000111101001000000000000000000000000000000000000000000000000000000000000000000000000000000000000000000000010000000101000010111111000010100100000000000000000000000000000000111111110100111000110000110101000000000000000000000000000000001100000001010100110000100001111001000000000000000000000000000000
10110000111111110001110000101000111101001000000000000000000000000000000000000000000000000000000000000000000000000000000000000000000000010000000101000011010000010100011110000000000000000000000000000000111111110100111000110000110101000000000000000000000000000000001100000001010111010100011100101011000000000000000000000000000000
10110000111111110001110000101000111101001000000000000000000000000000000000000000000000000000000000000000000000000000000000000000000000010000000101000010111111000010100100000000000000000000000000000000111111110100111000110000110101000000000000000000000000000000001100000001011001100101100000010000100000000000000000000000000000
10110000111111110001110000101000111101001000000000000000000000000000000000000000000000000000000000000000000000000000000000000000000000010000000101000011010000010100011110000000000000000000000000000000111111110100111000110000110101000000000000000000000000000000001100000001011100001010001011010001000000000000000000000000000000
10101100111111110001110000101001000111111000000000000000000000000000000000000000000000000000000000000000000000000000000000000000000000010000000101010111011100011110101110000000000000000000000000000010111111101000011101111101001000000000000000000000000000000000001100000000010010110101010101010010000000000000000000000000000000
10101100111111110001110000101001000111111000000000000000000000000000000000000000000000000000000000000000000000000000000000000000000000010000000101010111101101110000101010000000000000000000000000000010111111101000011101111101000000000000000000000000000000000000001100000000101101100001111010000100000000000000000000000000000000
10101100111111110001110000101001000111111000000000000000000000000000000000000000000000000000000000000000000000000000000000000000000000010000000101010111011100011110101110000000000000000000000000000010111111101000011101111101001000000000000000000000000000000000001100000000111000100100001000100110100000000000000000000000000000
10101100111111110001110000101001000111111000000000000000000000000000000000000000000000000000000000000000000000000000000000000000000000010000000101010111101101110000101010000000000000000000000000000010111111101000011101111101000000000000000000000000000000000000001100000001000001010101011010000111000000000000000000000000000000
10101100111111110001110000101001000111111000000000000000000000000000000000000000000000000000000000000000000000000000000000000000000000010000000101010111011100011110101110000000000000000000000000000010111111101000011101111101001000000000000000000000000000000000001100000001000110001001000010111110000000000000000000000000000000
10101100111111110001110000101001000111111000000000000000000000000000000000000000000000000000000000000000000000000000000000000000000000010000000101010111101101110000101010000000000000000000000000000010111111101000011101111101000000000000000000000000000000000000001100000001001011001101111001110111000000000000000000000000000000
10101100111111110001110000101001000111111000000000000000000000000000000000000000000000000000000000000000000000000000000000000000000000010000000101010111011100011110101110000000000000000000000000000010111111101000011101111101001000000000000000000000000000000000001100000001001111110111100000010000100000000000000000000000000000
10101100111111110001110000101001000111111000000000000000000000000000000000000000000000000000000000000000000000000000000000000000000000010000000101010111101101110000101010000000000000000000000000000010111111101000011101111101000000000000000000000000000000000000001100000001010010011110111011011111100000000000000000000000000000
10101100111111110001110000101001000111111000000000000000000000000000000000000000000000000000000000000000000000000000000000000000000000010000000101010111011100011110101110000000000000000000000000000010111111101000011101111101001000000000000000000000000000000000001100000001010100110000100001111001000000000000000000000000000000
10101100111111110001110000101001000111111000000000000000000000000000000000000000000000000000000000000000000000000000000000000000000000010000000101010111101101110000101010000000000000000000000000000010111111101000011101111101000000000000000000000000000000000000001100000001010111010100011100101011000000000000000000000000000000
10101100111111110001110000101001000111111000000000000000000000000000000000000000000000000000000000000000000000000000000000000000000000010000000101010111011100011110101110000000000000000000000000000010111111101000011101111101001000000000000000000000000000000000001100000001011001100101100000010000100000000000000000000000000000
10101100111111110001110000101001000111111000000000000000000000000000000000000000000000000000000000000000000000000000000000000000000000010000000101010111101101110000101010000000000000000000000000000010111111101000011101111101000000000000000000000000000000000000001100000001011100001010001011010001000000000000000000000000000000
