10101100111111110001110000101000111000011000000000000000000000000000000000000000000000000000000000000000000000000000000000000000000000010000000101010100100011100001010010000000000000000000000000000010111111110101100101011100011000000000000000000000000000000000000100000000010101000111010101001111000000000000000000000000000000
10101100111111110001110000101000111000011000000000000000000000000000000000000000000000000000000000000000000000000000000000000000000000010000000101010100010010001111010110000000000000000000000000000010111111110101100101011100011000000000000000000000000000000000000100000000101110010101011000000100000000000000000000000000000000
10101100111111110001110000101000111000011000000000000000000000000000000000000000000000000000000000000000000000000000000000000000000000010000000101010100100011100001010010000000000000000000000000000010111111110101100101011100011000000000000000000000000000000000000100000000111001001111111010101011000000000000000000000000000000
10101100111111110001110000101000111000011000000000000000000000000000000000000000000000000000000000000000000000000000000000000000000000010000000101010100010010001111010110000000000000000000000000000010111111110101100101011100011000000000000000000000000000000000000100000001000001011110011010101000000000000000000000000000000000
10101100111111110001110000101000111000011000000000000000000000000000000000000000000000000000000000000000000000000000000000000000000000010000000101010100100011100001010010000000000000000000000000000010111111110101100101011100011000000000000000000000000000000000000100000001000110100010100011011011100000000000000000000000000000
10101100111111110001110000101000111000011000000000000000000000000000000000000000000000000000000000000000000000000000000000000000000000010000000101010100010010001111010110000000000000000000000000000010111111110101100101011100011000000000000000000000000000000000000100000001001011010011000101001110000000000000000000000000000000
10101100111111110001110000101000111000011000000000000000000000000000000000000000000000000000000000000000000000000000000000000000000000010000000101010100100011100001010010000000000000000000000000000010111111110101100101011100011000000000000000000000000000000000000100000001010000001100010111011101000000000000000000000000000000
10101100111111110001110000101000111000011000000000000000000000000000000000000000000000000000000000000000000000000000000000000000000000010000000101010100010010001111010110000000000000000000000000000010111111110101100101011100011000000000000000000000000000000000000100000001010010100001001010101001100000000000000000000000000000
10101100111111110001110000101000111000011000000000000000000000000000000000000000000000000000000000000000000000000000000000000000000000010000000101010100100011100001010010000000000000000000000000000010111111110101100101011100011000000000000000000000000000000000000100000001010101000100101111011010100000000000000000000000000000
10101100111111110001110000101000111000011000000000000000000000000000000000000000000000000000000000000000000000000000000000000000000000010000000101010100010010001111010110000000000000000000000000000010111111110101100101011100011000000000000000000000000000000000000100000001010111010110010101110100000000000000000000000000000000
10101100111111110001110000101000111000011000000000000000000000000000000000000000000000000000000000000000000000000000000000000000000000010000000101010100100011100001010010000000000000000000000000000010111111110101100101011100011000000000000000000000000000000000000100000001011001111010101001111111000000000000000000000000000000
10101100111111110001110000101000111000011000000000000000000000000000000000000000000000000000000000000000000000000000000000000000000000010000000101010100010010001111010110000000000000000000000000000010111111110101100101011100011000000000000000000000000000000000000100000001011100001010001010001111100000000000000000000000000000
10101100111111110001110000101001110011101000000000000000000000000000000000000000000000000000000000000000000000000000000000000000000000010000000101010111101101110000101000000000000000000000000000000010111111110011110100011010111100000000000000000000000000000000000100000000010101000111010101001111000000000000000000000000000000
10101100111111110001110000101000101100001000000000000000000000000000000000000000000000000000000000000000000000000000000000000000000000010000000101010111011100011110101110000000000000000000000000000010111111110011110100011010111100000000000000000000000000000000000100000000101110010101011000000100000000000000000000000000000000
10101100111111110001110000101001110011101000000000000000000000000000000000000000000000000000000000000000000000000000000000000000000000010000000101010111101101110000101000000000000000000000000000000010111111110011110100011010111100000000000000000000000000000000000100000000111001001111111010101011000000000000000000000000000000
10101100111111110001110000101000101100001000000000000000000000000000000000000000000000000000000000000000000000000000000000000000000000010000000101010111011100011110101110000000000000000000000000000010111111110011110100011010111100000000000000000000000000000000000100000001000001011110011010101000000000000000000000000000000000
10101100111111110001110000101001110011101000000000000000000000000000000000000000000000000000000000000000000000000000000000000000000000010000000101010111101101110000101000000000000000000000000000000010111111110011110100011010111100000000000000000000000000000000000100000001000110100010100011011011100000000000000000000000000000
10101100111111110001110000101000101100001000000000000000000000000000000000000000000000000000000000000000000000000000000000000000000000010000000101010111011100011110101110000000000000000000000000000010111111110011110100011010111100000000000000000000000000000000000100000001001011010011000101001110000000000000000000000000000000
10101100111111110001110000101001110011101000000000000000000000000000000000000000000000000000000000000000000000000000000000000000000000010000000101010111101101110000101000000000000000000000000000000010111111110011110100011010111100000000000000000000000000000000000100000001010000001100010111011101000000000000000000000000000000
10101100111111110001110000101000101100001000000000000000000000000000000000000000000000000000000000000000000000000000000000000000000000010000000101010111011100011110101110000000000000000000000000000010111111110011110100011010111100000000000000000000000000000000000100000001010010100001001010101001100000000000000000000000000000
10101100111111110001110000101001110011101000000000000000000000000000000000000000000000000000000000000000000000000000000000000000000000010000000101010111101101110000101000000000000000000000000000000010111111110011110100011010111100000000000000000000000000000000000100000001010101000100101111011010100000000000000000000000000000
10101100111111110001110000101000101100001000000000000000000000000000000000000000000000000000000000000000000000000000000000000000000000010000000101010111011100011110101110000000000000000000000000000010111111110011110100011010111100000000000000000000000000000000000100000001010111010110010101110100000000000000000000000000000000
10101100111111110001110000101001110011101000000000000000000000000000000000000000000000000000000000000000000000000000000000000000000000010000000101010111101101110000101000000000000000000000000000000010111111110011110100011010111100000000000000000000000000000000000100000001011001111010101001111111000000000000000000000000000000
10101100111111110001110000101000101100001000000000000000000000000000000000000000000000000000000000000000000000000000000000000000000000010000000101010111011100011110101110000000000000000000000000000010111111110011110100011010111100000000000000000000000000000000000100000001011100001010001010001111100000000000000000000000000000
10101100111111110001110000101001101110010000000000000000000000000000000000000000000000000000000000000000000000000000000000000000000000010000000101010100100011100001010000000000000000000000000000000010111111110000011101111101000100000000000000000000000000000000000100000000010101000111010101001111000000000000000000000000000000
10101100111111110001110000101000110001011000000000000000000000000000000000000000000000000000000000000000000000000000000000000000000000010000000101010100010010001111011000000000000000000000000000000010111111110000011101111101000100000000000000000000000000000000000100000000101110010101011000000100000000000000000000000000000000
10101100111111110001110000101001101110010000000000000000000000000000000000000000000000000000000000000000000000000000000000000000000000010000000101010100100011100001010000000000000000000000000000000010111111110000011101111101000100000000000000000000000000000000000100000000111001001111111010101011000000000000000000000000000000
10101100111111110001110000101000110001011000000000000000000000000000000000000000000000000000000000000000000000000000000000000000000000010000000101010100010010001111011000000000000000000000000000000010111111110000011101111101000100000000000000000000000000000000000100000001000001011110011010101000000000000000000000000000000000
10101100111111110001110000101001101110010000000000000000000000000000000000000000000000000000000000000000000000000000000000000000000000010000000101010100100011100001010000000000000000000000000000000010111111110000011101111101000100000000000000000000000000000000000100000001000110100010100011011011100000000000000000000000000000
10101100111111110001110000101000110001011000000000000000000000000000000000000000000000000000000000000000000000000000000000000000000000010000000101010100010010001111011000000000000000000000000000000010111111110000011101111101000100000000000000000000000000000000000100000001001011010011000101001110000000000000000000000000000000
10101100111111110001110000101001101110010000000000000000000000000000000000000000000000000000000000000000000000000000000000000000000000010000000101010100100011100001010000000000000000000000000000000010111111110000011101111101000100000000000000000000000000000000000100000001010000001100010111011101000000000000000000000000000000
10101100111111110001110000101000110001011000000000000000000000000000000000000000000000000000000000000000000000000000000000000000000000010000000101010100010010001111011000000000000000000000000000000010111111110000011101111101000100000000000000000000000000000000000100000001010010100001001010101001100000000000000000000000000000
10101100111111110001110000101001101110010000000000000000000000000000000000000000000000000000000000000000000000000000000000000000000000010000000101010100100011100001010000000000000000000000000000000010111111110000011101111101000100000000000000000000000000000000000100000001010101000100101111011010100000000000000000000000000000
10101100111111110001110000101000110001011000000000000000000000000000000000000000000000000000000000000000000000000000000000000000000000010000000101010100010010001111011000000000000000000000000000000010111111110000011101111101000100000000000000000000000000000000000100000001010111010110010101110100000000000000000000000000000000
10101100111111110001110000101001101110010000000000000000000000000000000000000000000000000000000000000000000000000000000000000000000000010000000101010100100011100001010000000000000000000000000000000010111111110000011101111101000100000000000000000000000000000000000100000001011001111010101001111111000000000000000000000000000000
10101100111111110001110000101000110001011000000000000000000000000000000000000000000000000000000000000000000000000000000000000000000000010000000101010100010010001111011000000000000000000000000000000010111111110000011101111101000100000000000000000000000000000000000100000001011100001010001010001111100000000000000000000000000000
10101100111111110001110000101001001111100000000000000000000000000000000000000000000000000000000000000000000000000000000000000000000000010000000101010100100011100001010000000000000000000000000000000000111111101100011101111101000101001000000000000000000000000000000100000000010101000111010101001111000000000000000000000000000000
10101100111111110001110000101001001111100000000000000000000000000000000000000000000000000000000000000000000000000000000000000000000000010000000101010100010010001111011000000000000000000000000000000000111111101100011101111101000101001000000000000000000000000000000100000000101110010101011000000100000000000000000000000000000000
10101100111111110001110000101001001111100000000000000000000000000000000000000000000000000000000000000000000000000000000000000000000000010000000101010100100011100001010000000000000000000000000000000000111111101100011101111101000101001000000000000000000000000000000100000000111001001111111010101011000000000000000000000000000000
10101100111111110001110000101001001111100000000000000000000000000000000000000000000000000000000000000000000000000000000000000000000000010000000101010100010010001111011000000000000000000000000000000000111111101100011101111101000101001000000000000000000000000000000100000001000001011110011010101000000000000000000000000000000000
10101100111111110001110000101001001111100000000000000000000000000000000000000000000000000000000000000000000000000000000000000000000000010000000101010100100011100001010000000000000000000000000000000000111111101100011101111101000101001000000000000000000000000000000100000001000110100010100011011011100000000000000000000000000000
10101100111111110001110000101001001111100000000000000000000000000000000000000000000000000000000000000000000000000000000000000000000000010000000101010100010010001111011000000000000000000000000000000000111111101100011101111101000101001000000000000000000000000000000100000001001011010011000101001110000000000000000000000000000000
10101100111111110001110000101001001111100000000000000000000000000000000000000000000000000000000000000000000000000000000000000000000000010000000101010100100011100001010000000000000000000000000000000000111111101100011101111101000101001000000000000000000000000000000100000001010000001100010111011101000000000000000000000000000000
10101100111111110001110000101001001111100000000000000000000000000000000000000000000000000000000000000000000000000000000000000000000000010000000101010100010010001111011000000000000000000000000000000000111111101100011101111101000101001000000000000000000000000000000100000001010010100001001010101001100000000000000000000000000000
10101100111111110001110000101001001111100000000000000000000000000000000000000000000000000000000000000000000000000000000000000000000000010000000101010100100011100001010000000000000000000000000000000000111111101100011101111101000101001000000000000000000000000000000100000001010101000100101111011010100000000000000000000000000000
10101100111111110001110000101001001111100000000000000000000000000000000000000000000000000000000000000000000000000000000000000000000000010000000101010100010010001111011000000000000000000000000000000000111111101100011101111101000101001000000000000000000000000000000100000001010111010110010101110100000000000000000000000000000000
10101100111111110001110000101001001111100000000000000000000000000000000000000000000000000000000000000000000000000000000000000000000000010000000101010100100011100001010000000000000000000000000000000000111111101100011101111101000101001000000000000000000000000000000100000001011001111010101001111111000000000000000000000000000000
10101100111111110001110000101001001111100000000000000000000000000000000000000000000000000000000000000000000000000000000000000000000000010000000101010100010010001111011000000000000000000000000000000000111111101100011101111101000101001000000000000000000000000000000100000001011100001010001010001111100000000000000000000000000000
10101100111111110001110000101001000000000000000000000000000000000000000000000000000000000000000000000000000000000000000000000000000000010000000101010111101101110000101000000000000000000000000000000000111111110001100101011100011010100000000000000000000000000000000100000000010101000111010101001111000000000000000000000000000000
10101100111111110001110000101001000000000000000000000000000000000000000000000000000000000000000000000000000000000000000000000000000000010000000101010111011100011110101110000000000000000000000000000000111111110001100101011100011010100000000000000000000000000000000100000000101110010101011000000100000000000000000000000000000000
10101100111111110001110000101001000000000000000000000000000000000000000000000000000000000000000000000000000000000000000000000000000000010000000101010111101101110000101000000000000000000000000000000000111111110001100101011100011010100000000000000000000000000000000100000000111001001111111010101011000000000000000000000000000000
10101100111111110001110000101001000000000000000000000000000000000000000000000000000000000000000000000000000000000000000000000000000000010000000101010111011100011110101110000000000000000000000000000000111111110001100101011100011010100000000000000000000000000000000100000001000001011110011010101000000000000000000000000000000000
10101100111111110001110000101001000000000000000000000000000000000000000000000000000000000000000000000000000000000000000000000000000000010000000101010111101101110000101000000000000000000000000000000000111111110001100101011100011010100000000000000000000000000000000100000001000110100010100011011011100000000000000000000000000000
10101100111111110001110000101001000000000000000000000000000000000000000000000000000000000000000000000000000000000000000000000000000000010000000101010111011100011110101110000000000000000000000000000000111111110001100101011100011010100000000000000000000000000000000100000001001011010011000101001110000000000000000000000000000000
10101100111111110001110000101001000000000000000000000000000000000000000000000000000000000000000000000000000000000000000000000000000000010000000101010111101101110000101000000000000000000000000000000000111111110001100101011100011010100000000000000000000000000000000100000001010000001100010111011101000000000000000000000000000000
10101100111111110001110000101001000000000000000000000000000000000000000000000000000000000000000000000000000000000000000000000000000000010000000101010111011100011110101110000000000000000000000000000000111111110001100101011100011010100000000000000000000000000000000100000001010010100001001010101001100000000000000000000000000000
10101100111111110001110000101001000000000000000000000000000000000000000000000000000000000000000000000000000000000000000000000000000000010000000101010111101101110000101000000000000000000000000000000000111111110001100101011100011010100000000000000000000000000000000100000001010101000100101111011010100000000000000000000000000000
10101100111111110001110000101001000000000000000000000000000000000000000000000000000000000000000000000000000000000000000000000000000000010000000101010111011100011110101110000000000000000000000000000000111111110001100101011100011010100000000000000000000000000000000100000001010111010110010101110100000000000000000000000000000000
10101100111111110001110000101001000000000000000000000000000000000000000000000000000000000000000000000000000000000000000000000000000000010000000101010111101101110000101000000000000000000000000000000000111111110001100101011100011010100000000000000000000000000000000100000001011001111010101001111111000000000000000000000000000000
10101100111111110001110000101001000000000000000000000000000000000000000000000000000000000000000000000000000000000000000000000000000000010000000101010111011100011110101110000000000000000000000000000000111111110001100101011100011010100000000000000000000000000000000100000001011100001010001010001111100000000000000000000000000000
10101100111111110001110000101001001111100000000000000000000000000000000000000000000000000000000000000000000000000000000000000000000000010000000101010100100011100001010000000000000000000000000000000000111111110100011101111101000101010000000000000000000000000000000100000000010101000111010101001111000000000000000000000000000000
10101100111111110001110000101001001111100000000000000000000000000000000000000000000000000000000000000000000000000000000000000000000000010000000101010100010010001111011000000000000000000000000000000000111111110100011101111101000101010000000000000000000000000000000100000000101110010101011000000100000000000000000000000000000000
10101100111111110001110000101001001111100000000000000000000000000000000000000000000000000000000000000000000000000000000000000000000000010000000101010100100011100001010000000000000000000000000000000000111111110100011101111101000101010000000000000000000000000000000100000000111001001111111010101011000000000000000000000000000000
10101100111111110001110000101001001111100000000000000000000000000000000000000000000000000000000000000000000000000000000000000000000000010000000101010100010010001111011000000000000000000000000000000000111111110100011101111101000101010000000000000000000000000000000100000001000001011110011010101000000000000000000000000000000000
10101100111111110001110000101001001111100000000000000000000000000000000000000000000000000000000000000000000000000000000000000000000000010000000101010100100011100001010000000000000000000000000000000000111111110100011101111101000101010000000000000000000000000000000100000001000110100010100011011011100000000000000000000000000000
10101100111111110001110000101001001111100000000000000000000000000000000000000000000000000000000000000000000000000000000000000000000000010000000101010100010010001111011000000000000000000000000000000000111111110100011101111101000101010000000000000000000000000000000100000001001011010011000101001110000000000000000000000000000000
10101100111111110001110000101001001111100000000000000000000000000000000000000000000000000000000000000000000000000000000000000000000000010000000101010100100011100001010000000000000000000000000000000000111111110100011101111101000101010000000000000000000000000000000100000001010000001100010111011101000000000000000000000000000000
10101100111111110001110000101001001111100000000000000000000000000000000000000000000000000000000000000000000000000000000000000000000000010000000101010100010010001111011000000000000000000000000000000000111111110100011101111101000101010000000000000000000000000000000100000001010010100001001010101001100000000000000000000000000000
10101100111111110001110000101001001111100000000000000000000000000000000000000000000000000000000000000000000000000000000000000000000000010000000101010100100011100001010000000000000000000000000000000000111111110100011101111101000101010000000000000000000000000000000100000001010101000100101111011010100000000000000000000000000000
10101100111111110001110000101001001111100000000000000000000000000000000000000000000000000000000000000000000000000000000000000000000000010000000101010100010010001111011000000000000000000000000000000000111111110100011101111101000101010000000000000000000000000000000100000001010111010110010101110100000000000000000000000000000000
10101100111111110001110000101001001111100000000000000000000000000000000000000000000000000000000000000000000000000000000000000000000000010000000101010100100011100001010000000000000000000000000000000000111111110100011101111101000101010000000000000000000000000000000100000001011001111010101001111111000000000000000000000000000000
10101100111111110001110000101001001111100000000000000000000000000000000000000000000000000000000000000000000000000000000000000000000000010000000101010100010010001111011000000000000000000000000000000000111111110100011101111101000101010000000000000000000000000000000100000001011100001010001010001111100000000000000000000000000000
