10001000111111110001110000101010000000000000000000000000000000000000001011111111111001001000011111101101100000000000000000000000000000010000000101000101001111000000100000000000000000000000000000000010111111110101000011000100101100000000000000000000000000000000000100000001100000010010100111101011100000000000000000000000000000
10001000111111110001110000101010000000000000000000000000000000000000001011111111111001001000011111101101100000000000000000000000000000010000000101000101001111000000100000000000000000000000000000000010111111110010001110101011111100000000000000000000000000000000000100000001100000001000001000111101100000000000000000000000000000
10001000111111110001110000101010000000000000000000000000000000000000001011111111111001001000011111101101100000000000000000000000000000010000000101000101001111000000100000000000000000000000000000000010111111101100101110011100111000000000000000000000000000000000000100000001100000010010100111101011100000000000000000000000000000
10001000111111110001110000101010000000000000000000000000000000000000001011111111111001001000011111101101100000000000000000000000000000010000000101000101001111000000100000000000000000000000000000000000111111101010000000111100001010001000000000000000000000000000000100000001100000001000001000111101100000000000000000000000000000
10001000111111110001110000101010000000000000000000000000000000000000001011111111111001001000011111101101100000000000000000000000000000010000000101000101001111000000100000000000000000000000000000000000111111110001010111101100100010100000000000000000000000000000000100000001100000010010100111101011100000000000000000000000000000
10001000111111110001110000101010000000000000000000000000000000000000001011111111111001001000011111101101100000000000000000000000000000010000000101000101001111000000100000000000000000000000000000000000111111110100100111100100111111010000000000000000000000000000000100000001100000001000001000111101100000000000000000000000000000
10001000111111110001110000101010000000000000000000000000000000000000001011111111111001001000011111101101100000000000000000000000000000010000000101010000000000010110111100000000000000000000000000000010111111110101010011100100100010000000000000000000000000000000000100000001100000100000010000101001000000000000000000000000000000
10001000111111110001110000101010000000000000000000000000000000000000001011111111111001001000011111101101100000000000000000000000000000010000000101010000000000010110111100000000000000000000000000000010111111110011010000101011010000000000000000000000000000000000000100000001100000101010101111010111000000000000000000000000000000
10001000111111110001110000101010000000000000000000000000000000000000001011111111111001001000011111101101100000000000000000000000000000010000000101010000000000010110111100000000000000000000000000000010111111101111110100011010111000000000000000000000000000000000000100000001100000100000010000101001000000000000000000000000000000
10001000111111110001110000101010000000000000000000000000000000000000001011111111111001001000011111101101100000000000000000000000000000010000000101010000000000010110111100000000000000000000000000000010111111100100011101111100100000000000000000000000000000000000000100000001100000101010101111010111000000000000000000000000000000
10001000111111110001110000101010000000000000000000000000000000000000001011111111111001001000011111101101100000000000000000000000000000010000000101010000000000010110111100000000000000000000000000000000111111101101100101011100011101001000000000000000000000000000000100000001100000100000010000101001000000000000000000000000000000
10001000111111110001110000101010000000000000000000000000000000000000001011111111111001001000011111101101100000000000000000000000000000010000000101010000000000010110111100000000000000000000000000000000111111110010001001001100000010100000000000000000000000000000000100000001100000101010101111010111000000000000000000000000000000
10001000111111110001110000101010000000000000000000000000000000000000001011111111111001001000011111101101100000000000000000000000000000010000000101010000000000010110111100000000000000000000000000000000111111110100101111110100111011010000000000000000000000000000000100000001100000100000010000101001000000000000000000000000000000
10001000111111110001110000101010000000000000000000000000000000000000001011111111111001001000011111101101100000000000000000000000000000010000000101010111010110000010101010000000000000000000000000000010111111110100101000000000011110000000000000000000000000000000000100000001100000001000001000111101100000000000000000000000000000
10001000111111110001110000101010000000000000000000000000000000000000001011111111111001001000011111101101100000000000000000000000000000010000000101010111010110000010101010000000000000000000000000000010111111110010000110111101000000000000000000000000000000000000000100000001100000010010100111101011100000000000000000000000000000
10001000111111110001110000101010000000000000000000000000000000000000001011111111111001001000011111101101100000000000000000000000000000010000000101010111010110000010101010000000000000000000000000000010111111101101111011110010000000000000000000000000000000000000000100000001100000001000001000111101100000000000000000000000000000
10001000111111110001110000101010000000000000000000000000000000000000001011111111111001001000011111101101100000000000000000000000000000010000000101010111010110000010101010000000000000000000000000000000111111011101100101011101010001001000000000000000000000000000000100000001100000010010100111101011100000000000000000000000000000
10001000111111110001110000101010000000000000000000000000000000000000001011111111111001001000011111101101100000000000000000000000000000010000000101010111010110000010101010000000000000000000000000000000111111101110101000011101110101001000000000000000000000000000000100000001100000001000001000111101100000000000000000000000000000
10001000111111110001110000101010000000000000000000000000000000000000001011111111111001001000011111101101100000000000000000000000000000010000000101010111010110000010101010000000000000000000000000000000111111110010011101010010110110100000000000000000000000000000000100000001100000010010100111101011100000000000000000000000000000
10001000111111110001110000101010000000000000000000000000000000000000001011111111111001001000011111101101100000000000000000000000000000010000000101010111010110000010101010000000000000000000000000000000111111110100110011001011011001010000000000000000000000000000000100000001100000001000001000111101100000000000000000000000000000
10001000111111110001110000101010000000000000000000000000000000000000001011111111111001001000011111101101100000000000000000000000000000010000000101100010010000000110001010000000000000000000000000000010111111110100111000110000110100000000000000000000000000000000000100000001100000101010101111010111000000000000000000000000000000
10001000111111110001110000101010000000000000000000000000000000000000001011111111111001001000011111101101100000000000000000000000000000010000000101100010010000000110001000000000000000000000000000000010111111110010111110110011011100000000000000000000000000000000000100000001100000100000010000101001000000000000000000000000000000
10001000111111110001110000101010000000000000000000000000000000000000001011111111111001001000011111101101100000000000000000000000000000010000000101100010010000000110001010000000000000000000000000000010111111110000001100000101010000000000000000000000000000000000000100000001100000101010101111010111000000000000000000000000000000
10001000111111110001110000101010000000000000000000000000000000000000001011111111111001001000011111101101100000000000000000000000000000010000000101100010010000000110001010000000000000000000000000000010111111101001100101011100010000000000000000000000000000000000000100000001100000100000010000101001000000000000000000000000000000
10001000111111110001110000101010000000000000000000000000000000000000001011111111111001001000011111101101100000000000000000000000000000010000000101100010010000000110001010000000000000000000000000000000111111101001100101011100011010001000000000000000000000000000000100000001100000101010101111010111000000000000000000000000000000
10001000111111110001110000101010000000000000000000000000000000000000001011111111111001001000011111101101100000000000000000000000000000010000000101100010010000000110001010000000000000000000000000000000111111110000001100000101010010100000000000000000000000000000000100000001100000100000010000101001000000000000000000000000000000
10001000111111110001110000101010000000000000000000000000000000000000001011111111111001001000011111101101100000000000000000000000000000010000000101100010010000000110001000000000000000000000000000000000111111110010111110110011011110100000000000000000000000000000000100000001100000101010101111010111000000000000000000000000000000
10001000111111110001110000101010000000000000000000000000000000000000001011111111111001001000011111101101100000000000000000000000000000010000000101100010010000000110001010000000000000000000000000000000111111110100111000110000110101010000000000000000000000000000000100000001100000100000010000101001000000000000000000000000000000
10001000111111110001110000101010000000000000000000000000000000000000001011111111111001001000011111101101100000000000000000000000000000010000000101101000111110011001100110000000000000000000000000000010111111110100010101011111010010000000000000000000000000000000000100000001100000010010100111101011100000000000000000000000000000
10001000111111110001110000101010000000000000000000000000000000000000001011111111111001001000011111101101100000000000000000000000000000010000000101101000111110011001100110000000000000000000000000000010111111110010000001101010011000000000000000000000000000000000000100000001100000001000001000111101100000000000000000000000000000
10001000111111110001110000101010000000000000000000000000000000000000001011111111111001001000011111101101100000000000000000000000000000010000000101101000111110011001101000000000000000000000000000000010111111101110110000101100011000000000000000000000000000000000000100000001100000010010100111101011100000000000000000000000000000
10001000111111110001110000101010000000000000000000000000000000000000001011111111111001001000011111101101100000000000000000000000000000010000000101101000111110011001100110000000000000000000000000000010111111100101111000010000000000000000000000000000000000000000000100000001100000001000001000111101100000000000000000000000000000
10001000111111110001110000101010000000000000000000000000000000000000001011111111111001001000011111101101100000000000000000000000000000010000000101101000111110011001100110000000000000000000000000000000111111101011101001001000101010001000000000000000000000000000000100000001100000010010100111101011100000000000000000000000000000
10001000111111110001110000101010000000000000000000000000000000000000001011111111111001001000011111101101100000000000000000000000000000010000000101101000111110011001100110000000000000000000000000000000111111110000100011100110010110100000000000000000000000000000000100000001100000001000001000111101100000000000000000000000000000
10001000111111110001110000101010000000000000000000000000000000000000001011111111111001001000011111101101100000000000000000000000000000010000000101101000111110011001100110000000000000000000000000000000111111110011001100111010100010100000000000000000000000000000000100000001100000010010100111101011100000000000000000000000000000
10001000111111110001110000101010000000000000000000000000000000000000001011111111111001001000011111101101100000000000000000000000000000010000000101101000111110011001100110000000000000000000000000000000111111110100111011000111010101010000000000000000000000000000000100000001100000001000001000111101100000000000000000000000000000
10010100111111110110011001100111000000000000000000000000000000000000001011111111111001001000011111101101100000000000000000000000000000010000000101000011101000011011011100000000000000000000000000000010111111110101000011000100101100000000000000000000000000000000000100000001101011100110001000011100100000000000000000000000000000
10010100111111110110011001100110000000000000000000000000000000000000001011111111111001001000011111101101100000000000000000000000000000010000000101000011101000011011011100000000000000000000000000000010111111110010001110101011111100000000000000000000000000000000000100000001101011011011101001101110100000000000000000000000000000
10010100111111110110011001100111000000000000000000000000000000000000001011111111111001001000011111101101100000000000000000000000000000010000000101000011101000011011011100000000000000000000000000000010111111101100101110011100111000000000000000000000000000000000000100000001101011100110001000011100100000000000000000000000000000
10010100111111110110011001100110000000000000000000000000000000000000001011111111111001001000011111101101100000000000000000000000000000010000000101000011101000011011011100000000000000000000000000000000111111101010000000111100001010001000000000000000000000000000000100000001101011011011101001101110100000000000000000000000000000
10010100111111110110011001100111000000000000000000000000000000000000001011111111111001001000011111101101100000000000000000000000000000010000000101000011101000011011011100000000000000000000000000000000111111110001010111101100100010100000000000000000000000000000000100000001101011100110001000011100100000000000000000000000000000
10010100111111110110011001100110000000000000000000000000000000000000001011111111111001001000011111101101100000000000000000000000000000010000000101000011101000011011011100000000000000000000000000000000111111110100100111100100111111010000000000000000000000000000000100000001101011011011101001101110100000000000000000000000000000
10010100111111110001110000101010000000000000000000000000000000000000001011111111111001001000011111101101100000000000000000000000000000010000000101001110001000010100011110000000000000000000000000000010111111110100010010011101110000000000000000000000000000000000000100000001101011111110010000001000000000000000000000000000000000
10010100111111110001110000101000000000000000000000000000000000000000001011111111111001001000011111101101100000000000000000000000000000010000000101001110001000010100011110000000000000000000000000000010111111110000111111001001010000000000000000000000000000000000000100000001101011110011110001011010000000000000000000000000000000
10010100111111110001110000101010000000000000000000000000000000000000001011111111111001001000011111101101100000000000000000000000000000010000000101001110001000010100011110000000000000000000000000000010111111101001100101011100010000000000000000000000000000000000000100000001101011111110010000001000000000000000000000000000000000
10010100111111110001110000101000000000000000000000000000000000000000001011111111111001001000011111101101100000000000000000000000000000010000000101001110001000010100011110000000000000000000000000000000111111101100011000110110010101001000000000000000000000000000000100000001101011110011110001011010000000000000000000000000000000
10010100111111110001110000101010000000000000000000000000000000000000001011111111111001001000011111101101100000000000000000000000000000010000000101001110001000010100011110000000000000000000000000000000111111110001110010001101011010100000000000000000000000000000000100000001101011111110010000001000000000000000000000000000000000
10010100111111110001110000101000000000000000000000000000000000000000001011111111111001001000011111101101100000000000000000000000000000010000000101001110001000010100100000000000000000000000000000000000111111110100101011111111110101010000000000000000000000000000000100000001101011110011110001011010000000000000000000000000000000
10010100111111110001110000101000000000000000000000000000000000000000001011111111111001001000011111101101100000000000000000000000000000010000000101010110011011011110011010000000000000000000000000000010111111110100101000000000011110000000000000000000000000000000000100000001101011011011101001101110100000000000000000000000000000
10010100111111110001110000101010000000000000000000000000000000000000001011111111111001001000011111101101100000000000000000000000000000010000000101010110011011011110011010000000000000000000000000000010111111110010000110111101000000000000000000000000000000000000000100000001101011100110001000011100100000000000000000000000000000
10010100111111110001110000101000000000000000000000000000000000000000001011111111111001001000011111101101100000000000000000000000000000010000000101010110011011011110011100000000000000000000000000000010111111101101111011110010000000000000000000000000000000000000000100000001101011011011101001101110100000000000000000000000000000
10010100111111110001110000101010000000000000000000000000000000000000001011111111111001001000011111101101100000000000000000000000000000010000000101010110011011011110011010000000000000000000000000000000111111011101100101011101010001001000000000000000000000000000000100000001101011100110001000011100100000000000000000000000000000
10010100111111110001110000101000000000000000000000000000000000000000001011111111111001001000011111101101100000000000000000000000000000010000000101010110011011011110011010000000000000000000000000000000111111101110101000011101101101001000000000000000000000000000000100000001101011011011101001101110100000000000000000000000000000
10010100111111110001110000101010000000000000000000000000000000000000001011111111111001001000011111101101100000000000000000000000000000010000000101010110011011011110011100000000000000000000000000000000111111110010011101010010110110100000000000000000000000000000000100000001101011100110001000011100100000000000000000000000000000
10010100111111110001110000101000000000000000000000000000000000000000001011111111111001001000011111101101100000000000000000000000000000010000000101010110011011011110011100000000000000000000000000000000111111110100110011001011011001010000000000000000000000000000000100000001101011011011101001101110100000000000000000000000000000
10010100111111110001110000101010000000000000000000000000000000000000001011111111111001001000011111101101100000000000000000000000000000010000000101100001001000011011000010000000000000000000000000000010111111110100111000110000110100000000000000000000000000000000000100000001101011111110010000001000000000000000000000000000000000
10010100111111110001110000101000000000000000000000000000000000000000001011111111111001001000011111101101100000000000000000000000000000010000000101100001001000011011000010000000000000000000000000000010111111110010111110110011011100000000000000000000000000000000000100000001101011110011110001011010000000000000000000000000000000
10010100111111110001110000101010000000000000000000000000000000000000001011111111111001001000011111101101100000000000000000000000000000010000000101100001001000011011000010000000000000000000000000000010111111110000001100000101010000000000000000000000000000000000000100000001101011111110010000001000000000000000000000000000000000
10010100111111110001110000101000000000000000000000000000000000000000001011111111111001001000011111101101100000000000000000000000000000010000000101100001001000011011000010000000000000000000000000000010111111101001100101011100010000000000000000000000000000000000000100000001101011110011110001011010000000000000000000000000000000
10010100111111110001110000101010000000000000000000000000000000000000001011111111111001001000011111101101100000000000000000000000000000010000000101100001001000011011000010000000000000000000000000000000111111101001100101011100011010001000000000000000000000000000000100000001101011111110010000001000000000000000000000000000000000
10010100111111110001110000101000000000000000000000000000000000000000001011111111111001001000011111101101100000000000000000000000000000010000000101100001001000011011000010000000000000000000000000000000111111110000001100000101010010100000000000000000000000000000000100000001101011110011110001011010000000000000000000000000000000
10010100111111110001110000101010000000000000000000000000000000000000001011111111111001001000011111101101100000000000000000000000000000010000000101100001001000011011000100000000000000000000000000000000111111110010111110110011011110100000000000000000000000000000000100000001101011111110010000001000000000000000000000000000000000
10010100111111110001110000101000000000000000000000000000000000000000001011111111111001001000011111101101100000000000000000000000000000010000000101100001001000011011000010000000000000000000000000000000111111110100111000110000110101010000000000000000000000000000000100000001101011110011110001011010000000000000000000000000000000
10010100111111110001110000101010000000000000000000000000000000000000001011111111111001001000011111101101100000000000000000000000000000010000000101101000111110011001100110000000000000000000000000000010111111110100010101011111010010000000000000000000000000000000000100000001101011100110001000011100100000000000000000000000000000
10010100111111110001110000101000000000000000000000000000000000000000001011111111111001001000011111101101100000000000000000000000000000010000000101101000111110011001100110000000000000000000000000000010111111110010000001101010011000000000000000000000000000000000000100000001101011011011101001101110100000000000000000000000000000
10010100111111110001110000101010000000000000000000000000000000000000001011111111111001001000011111101101100000000000000000000000000000010000000101101000111110011001101000000000000000000000000000000010111111101110110000101100011000000000000000000000000000000000000100000001101011100110001000011100100000000000000000000000000000
10010100111111110001110000101000000000000000000000000000000000000000001011111111111001001000011111101101100000000000000000000000000000010000000101101000111110011001100110000000000000000000000000000010111111100101111000010000000000000000000000000000000000000000000100000001101011011011101001101110100000000000000000000000000000
10010100111111110001110000101010000000000000000000000000000000000000001011111111111001001000011111101101100000000000000000000000000000010000000101101000111110011001100110000000000000000000000000000000111111101011101001001000101010001000000000000000000000000000000100000001101011100110001000011100100000000000000000000000000000
10010100111111110001110000101000000000000000000000000000000000000000001011111111111001001000011111101101100000000000000000000000000000010000000101101000111110011001100110000000000000000000000000000000111111110000100011100110010110100000000000000000000000000000000100000001101011011011101001101110100000000000000000000000000000
10010100111111110001110000101010000000000000000000000000000000000000001011111111111001001000011111101101100000000000000000000000000000010000000101101000111110011001100110000000000000000000000000000000111111110011001100111010100010100000000000000000000000000000000100000001101011100110001000011100100000000000000000000000000000
10010100111111110001110000101000000000000000000000000000000000000000001011111111111001001000011111101101100000000000000000000000000000010000000101101000111110011001100110000000000000000000000000000000111111110100111011000111010101010000000000000000000000000000000100000001101011011011101001101110100000000000000000000000000000
00000000000000000000000000000000000000000000000000000000000000000000000000000000000000000000000000000000000000000000000000000000000000000000000000000000000000000000000000000000000000000000000000000000000000000000000000000000000000000000000000000000000000000000000000000000000000000000000000000000000000000000000000000000000000
