11001000111111110110011001100110000000000000000000000000000000000000000011111111111001001000011111101101100000000000000000000000000000010000000100101110101110101001111110000000000000000000000000000000111111110100100110111001000000100000000000000000000000000000001100000001100000100001001100110011000000000000000000000000000000
11001000111111110110011001100110000000000000000000000000000000000000000011111111111001001000011111101101100000000000000000000000000000010000000100101110101110101001111110000000000000000000000000000000111111110000001100000101010010000000000000000000000000000000001100000001100000101001110011001101000000000000000000000000000000
11001000111111110110011001100110000000000000000000000000000000000000000011111111111001001000011111101101100000000000000000000000000000010000000100101110101110101010000000000000000000000000000000000010111111100110101100111011110000000000000000000000000000000000001100000001100000100001001100110011000000000000000000000000000000
11001000111111110110011001100110000000000000000000000000000000000000000011111111111001001000011111101101100000000000000000000000000000010000000100101110101110101001111110000000000000000000000000000010111111110001110111010100001101100000000000000000000000000000001100000001100000101001110011001101000000000000000000000000000000
11001000111111110110011001100110000000000000000000000000000000000000000011111111111001001000011111101101100000000000000000000000000000010000000100101110101110101001111110000000000000000000000000000010111111110101011100100000011110000000000000000000000000000000001100000001100000100001001100110011000000000000000000000000000000
11001000111111110110011001100110000000000000000000000000000000000000000011111111111001001000011111101101100000000000000000000000000000010000000100110100001110010100101100000000000000000000000000000000111111110100100110111001000001000000000000000000000000000000001100000001100000001001000101000111100000000000000000000000000000
11001000111111110110011001100110000000000000000000000000000000000000000011111111111001001000011111101101100000000000000000000000000000010000000100110100001110010100101100000000000000000000000000000000111111110000001100000101010010000000000000000000000000000000001100000001100000010001101011100001100000000000000000000000000000
11001000111111110110011001100110000000000000000000000000000000000000000011111111111001001000011111101101100000000000000000000000000000010000000100110100001110010100101010000000000000000000000000000010111111100110101100111011110000000000000000000000000000000000001100000001100000001001000101000111100000000000000000000000000000
11001000111111110110011001100110000000000000000000000000000000000000000011111111111001001000011111101101100000000000000000000000000000010000000100110100001110010100101100000000000000000000000000000010111111110001110111010100001101000000000000000000000000000000001100000001100000010001101011100001100000000000000000000000000000
11001000111111110110011001100110000000000000000000000000000000000000000011111111111001001000011111101101100000000000000000000000000000010000000100110100001110010100101100000000000000000000000000000010111111110101011100100000011110010000000000000000000000000000001100000001100000001001000101000111100000000000000000000000000000
11001000111111110110011001100110000000000000000000000000000000000000000011111111111001001000011111101101100000000000000000000000000000010000000100111111010011010100001010000000000000000000000000000000111111110100111100110100110010100000000000000000000000000000001100000001100000101001110011001101000000000000000000000000000000
11001000111111110110011001100110000000000000000000000000000000000000000011111111111001001000011111101101100000000000000000000000000000010000000100111111010011010100001010000000000000000000000000000000111111110001010101001100100110000000000000000000000000000000001100000001100000100001001100110011000000000000000000000000000000
11001000111111110110011001100110000000000000000000000000000000000000000011111111111001001000011111101101100000000000000000000000000000010000000100111111010011010100001100000000000000000000000000000000111111100110000101111100000000000000000000000000000000000000001100000001100000101001110011001101000000000000000000000000000000
11001000111111110110011001100110000000000000000000000000000000000000000011111111111001001000011111101101100000000000000000000000000000010000000100111111010011010100001010000000000000000000000000000010111111101111100111011010111101000000000000000000000000000000001100000001100000100001001100110011000000000000000000000000000000
11001000111111110110011001100110000000000000000000000000000000000000000011111111111001001000011111101101100000000000000000000000000000010000000100111111010011010100001100000000000000000000000000000010111111110100001100000101010010010000000000000000000000000000001100000001100000101001110011001101000000000000000000000000000000
11011000111111110110011001100110000000000000000000000000000000000000000011111111111001001000011111101101100000000000000000000000000000010000000100011111101111010011110000000000000000000000000000000000111111110100001100000101010010000000000000000000000000000000001100000001110000100000000111101011100000000000000000000000000000
11011000111111110110011001100110000000000000000000000000000000000000000011111111111001001000011111101101100000000000000000000000000000010000000100011111101111010011110000000000000000000000000000000000111111101101100101011100011000000000000000000000000000000000001100000001110000011011110100011110100000000000000000000000000000
11011000111111110110011001100110000000000000000000000000000000000000000011111111111001001000011111101101100000000000000000000000000000010000000100011111101111010011110010000000000000000000000000000010111111101101100101011100011001000000000000000000000000000000001100000001110000100000000111101011100000000000000000000000000000
11011000111111110110011001100110000000000000000000000000000000000000000011111111111001001000011111101101100000000000000000000000000000010000000100011111101111010011110000000000000000000000000000000010111111110100001100000101010010010000000000000000000000000000001100000001110000011011110100011110100000000000000000000000000000
11011000111111110110011001100110000000000000000000000000000000000000000011111111111001001000011111101101100000000000000000000000000000010000000100101001110110100000001010000000000000000000000000000000111111110100001100000101010010000000000000000000000000000000001100000001110000101100001011100001100000000000000000000000000000
11011000111111110110011001100110000000000000000000000000000000000000000011111111111001001000011111101101100000000000000000000000000000010000000100101001110110100000001000000000000000000000000000000000111111101101100101011100011000000000000000000000000000000000001100000001110000100111111000010100100000000000000000000000000000
11011000111111110110011001100110000000000000000000000000000000000000000011111111111001001000011111101101100000000000000000000000000000010000000100101001110110100000001010000000000000000000000000000010111111101101100101011100011000000000000000000000000000000000001100000001110000101100001011100001100000000000000000000000000000
11011000111111110110011001100110000000000000000000000000000000000000000011111111111001001000011111101101100000000000000000000000000000010000000100101001110110100000001000000000000000000000000000000010111111110100001100000101010010010000000000000000000000000000001100000001110000100111111000010100100000000000000000000000000000
11011000111111110110011001100110000000000000000000000000000000000000000011111111111001001000011111101101100000000000000000000000000000010000000100110000110100010111011000000000000000000000000000000000111111110100100110111001000001000000000000000000000000000000001100000001110000011011110100011110100000000000000000000000000000
11011000111111110110011001100110000000000000000000000000000000000000000011111111111001001000011111101101100000000000000000000000000000010000000100110000110100010111010110000000000000000000000000000000111111110000001100000101010010000000000000000000000000000000001100000001110000100000000111101011100000000000000000000000000000
11011000111111110110011001100110000000000000000000000000000000000000000011111111111001001000011111101101100000000000000000000000000000010000000100110000110100010111010110000000000000000000000000000010111111100110101100111011101000000000000000000000000000000000001100000001110000011011110100011110100000000000000000000000000000
11011000111111110110011001100110000000000000000000000000000000000000000011111111111001001000011111101101100000000000000000000000000000010000000100110000110100010111011000000000000000000000000000000010111111110001110111010100001101000000000000000000000000000000001100000001110000100000000111101011100000000000000000000000000000
11011000111111110110011001100110000000000000000000000000000000000000000011111111111001001000011111101101100000000000000000000000000000010000000100110000110100010111011000000000000000000000000000000010111111110101011100100000011110010000000000000000000000000000001100000001110000011011110100011110100000000000000000000000000000
11011000111111110110011001100110000000000000000000000000000000000000000011111111111001001000011111101101100000000000000000000000000000010000000100111011001100010100000110000000000000000000000000000000111111110100111100110100110010100000000000000000000000000000001100000001110000101100001011100001100000000000000000000000000000
11011000111111110110011001100110000000000000000000000000000000000000000011111111111001001000011111101101100000000000000000000000000000010000000100111011001100010100000100000000000000000000000000000000111111110001010101001100100110000000000000000000000000000000001100000001110000100111111000010100100000000000000000000000000000
11011000111111110110011001100110000000000000000000000000000000000000000011111111111001001000011111101101100000000000000000000000000000010000000100111011001100010100000110000000000000000000000000000000111111100110000101111100000000000000000000000000000000000000001100000001110000101100001011100001100000000000000000000000000000
11011000111111110110011001100110000000000000000000000000000000000000000011111111111001001000011111101101100000000000000000000000000000010000000100111011001100010100000100000000000000000000000000000010111111101111100111011010111101000000000000000000000000000000001100000001110000100111111000010100100000000000000000000000000000
11011000111111110110011001100110000000000000000000000000000000000000000011111111111001001000011111101101100000000000000000000000000000010000000100111011001100010100000110000000000000000000000000000010111111110100001100000101010010010000000000000000000000000000001100000001110000101100001011100001100000000000000000000000000000
11010000111111110110011001100111000000000000000000000000000000000000000011111111111001001000011111101101100000000000000000000000000000010000000100011111101111010011110000000000000000000000000000000000111111110100001100000101010010000000000000000000000000000000001100000001100111000010111101011100000000000000000000000000000000
11010000111111110110011001100110000000000000000000000000000000000000000011111111111001001000011111101101100000000000000000000000000000010000000100011111101111010011110000000000000000000000000000000000111111101101100101011100011000000000000000000000000000000000001100000001100110111010010111000010100000000000000000000000000000
11010000111111110110011001100111000000000000000000000000000000000000000011111111111001001000011111101101100000000000000000000000000000010000000100011111101111010011110010000000000000000000000000000010111111101101100101011100011001000000000000000000000000000000001100000001100111000010111101011100000000000000000000000000000000
11010000111111110110011001100110000000000000000000000000000000000000000011111111111001001000011111101101100000000000000000000000000000010000000100011111101111010011110000000000000000000000000000000010111111110100001100000101010010010000000000000000000000000000001100000001100110111010010111000010100000000000000000000000000000
11010000111111110110011001100111000000000000000000000000000000000000000011111111111001001000011111101101100000000000000000000000000000010000000100101001110110100000001010000000000000000000000000000000111111110100001100000101010010000000000000000000000000000000001100000001100111011011000101000111100000000000000000000000000000
11010000111111110110011001100110000000000000000000000000000000000000000011111111111001001000011111101101100000000000000000000000000000010000000100101001110110100000001000000000000000000000000000000000111111101101100101011100011000000000000000000000000000000000001100000001100111010010011110101110000000000000000000000000000000
11010000111111110110011001100111000000000000000000000000000000000000000011111111111001001000011111101101100000000000000000000000000000010000000100101001110110100000001010000000000000000000000000000010111111101101100101011100011000000000000000000000000000000000001100000001100111011011000101000111100000000000000000000000000000
11010000111111110110011001100110000000000000000000000000000000000000000011111111111001001000011111101101100000000000000000000000000000010000000100101001110110100000001000000000000000000000000000000010111111110100001100000101010010010000000000000000000000000000001100000001100111010010011110101110000000000000000000000000000000
11010000111111110110011001100110000000000000000000000000000000000000000011111111111001001000011111101101100000000000000000000000000000010000000100110000110100010111011000000000000000000000000000000000111111110100100110111001000001000000000000000000000000000000001100000001100110111010010111000010100000000000000000000000000000
11010000111111110110011001100111000000000000000000000000000000000000000011111111111001001000011111101101100000000000000000000000000000010000000100110000110100010111010110000000000000000000000000000000111111110000001100000101010010000000000000000000000000000000001100000001100111000010111101011100000000000000000000000000000000
11010000111111110110011001100110000000000000000000000000000000000000000011111111111001001000011111101101100000000000000000000000000000010000000100110000110100010111010110000000000000000000000000000010111111100110101100111011101000000000000000000000000000000000001100000001100110111010010111000010100000000000000000000000000000
11010000111111110110011001100111000000000000000000000000000000000000000011111111111001001000011111101101100000000000000000000000000000010000000100110000110100010111011000000000000000000000000000000010111111110001110111010100001101000000000000000000000000000000001100000001100111000010111101011100000000000000000000000000000000
11010000111111110110011001100110000000000000000000000000000000000000000011111111111001001000011111101101100000000000000000000000000000010000000100110000110100010111011000000000000000000000000000000010111111110101011100100000011110010000000000000000000000000000001100000001100110111010010111000010100000000000000000000000000000
11010000111111110110011001100111000000000000000000000000000000000000000011111111111001001000011111101101100000000000000000000000000000010000000100111011001100010100000110000000000000000000000000000000111111110100111100110100110010100000000000000000000000000000001100000001100111011011000101000111100000000000000000000000000000
11010000111111110110011001100110000000000000000000000000000000000000000011111111111001001000011111101101100000000000000000000000000000010000000100111011001100010100000100000000000000000000000000000000111111110001010101001100100110000000000000000000000000000000001100000001100111010010011110101110000000000000000000000000000000
11010000111111110110011001100111000000000000000000000000000000000000000011111111111001001000011111101101100000000000000000000000000000010000000100111011001100010100000110000000000000000000000000000000111111100110000101111100000000000000000000000000000000000000001100000001100111011011000101000111100000000000000000000000000000
11010000111111110110011001100110000000000000000000000000000000000000000011111111111001001000011111101101100000000000000000000000000000010000000100111011001100010100000100000000000000000000000000000010111111101111100111011010111101000000000000000000000000000000001100000001100111010010011110101110000000000000000000000000000000
11010000111111110110011001100111000000000000000000000000000000000000000011111111111001001000011111101101100000000000000000000000000000010000000100111011001100010100000110000000000000000000000000000010111111110100001100000101010010010000000000000000000000000000001100000001100111011011000101000111100000000000000000000000000000
00000000000000000000000000000000000000000000000000000000000000000000000000000000000000000000000000000000000000000000000000000000000000000000000000000000000000000000000000000000000000000000000000000000000000000000000000000000000000000000000000000000000000000000000000000000000000000000000000000000000000000000000000000000000000
00000000000000000000000000000000000000000000000000000000000000000000000000000000000000000000000000000000000000000000000000000000000000000000000000000000000000000000000000000000000000000000000000000000000000000000000000000000000000000000000000000000000000000000000000000000000000000000000000000000000000000000000000000000000000
00000000000000000000000000000000000000000000000000000000000000000000000000000000000000000000000000000000000000000000000000000000000000000000000000000000000000000000000000000000000000000000000000000000000000000000000000000000000000000000000000000000000000000000000000000000000000000000000000000000000000000000000000000000000000
00000000000000000000000000000000000000000000000000000000000000000000000000000000000000000000000000000000000000000000000000000000000000000000000000000000000000000000000000000000000000000000000000000000000000000000000000000000000000000000000000000000000000000000000000000000000000000000000000000000000000000000000000000000000000
00000000000000000000000000000000000000000000000000000000000000000000000000000000000000000000000000000000000000000000000000000000000000000000000000000000000000000000000000000000000000000000000000000000000000000000000000000000000000000000000000000000000000000000000000000000000000000000000000000000000000000000000000000000000000
00000000000000000000000000000000000000000000000000000000000000000000000000000000000000000000000000000000000000000000000000000000000000000000000000000000000000000000000000000000000000000000000000000000000000000000000000000000000000000000000000000000000000000000000000000000000000000000000000000000000000000000000000000000000000
00000000000000000000000000000000000000000000000000000000000000000000000000000000000000000000000000000000000000000000000000000000000000000000000000000000000000000000000000000000000000000000000000000000000000000000000000000000000000000000000000000000000000000000000000000000000000000000000000000000000000000000000000000000000000
00000000000000000000000000000000000000000000000000000000000000000000000000000000000000000000000000000000000000000000000000000000000000000000000000000000000000000000000000000000000000000000000000000000000000000000000000000000000000000000000000000000000000000000000000000000000000000000000000000000000000000000000000000000000000
00000000000000000000000000000000000000000000000000000000000000000000000000000000000000000000000000000000000000000000000000000000000000000000000000000000000000000000000000000000000000000000000000000000000000000000000000000000000000000000000000000000000000000000000000000000000000000000000000000000000000000000000000000000000000
00000000000000000000000000000000000000000000000000000000000000000000000000000000000000000000000000000000000000000000000000000000000000000000000000000000000000000000000000000000000000000000000000000000000000000000000000000000000000000000000000000000000000000000000000000000000000000000000000000000000000000000000000000000000000
00000000000000000000000000000000000000000000000000000000000000000000000000000000000000000000000000000000000000000000000000000000000000000000000000000000000000000000000000000000000000000000000000000000000000000000000000000000000000000000000000000000000000000000000000000000000000000000000000000000000000000000000000000000000000
00000000000000000000000000000000000000000000000000000000000000000000000000000000000000000000000000000000000000000000000000000000000000000000000000000000000000000000000000000000000000000000000000000000000000000000000000000000000000000000000000000000000000000000000000000000000000000000000000000000000000000000000000000000000000
00000000000000000000000000000000000000000000000000000000000000000000000000000000000000000000000000000000000000000000000000000000000000000000000000000000000000000000000000000000000000000000000000000000000000000000000000000000000000000000000000000000000000000000000000000000000000000000000000000000000000000000000000000000000000
00000000000000000000000000000000000000000000000000000000000000000000000000000000000000000000000000000000000000000000000000000000000000000000000000000000000000000000000000000000000000000000000000000000000000000000000000000000000000000000000000000000000000000000000000000000000000000000000000000000000000000000000000000000000000
00000000000000000000000000000000000000000000000000000000000000000000000000000000000000000000000000000000000000000000000000000000000000000000000000000000000000000000000000000000000000000000000000000000000000000000000000000000000000000000000000000000000000000000000000000000000000000000000000000000000000000000000000000000000000
00000000000000000000000000000000000000000000000000000000000000000000000000000000000000000000000000000000000000000000000000000000000000000000000000000000000000000000000000000000000000000000000000000000000000000000000000000000000000000000000000000000000000000000000000000000000000000000000000000000000000000000000000000000000000
00000000000000000000000000000000000000000000000000000000000000000000000000000000000000000000000000000000000000000000000000000000000000000000000000000000000000000000000000000000000000000000000000000000000000000000000000000000000000000000000000000000000000000000000000000000000000000000000000000000000000000000000000000000000000
00000000000000000000000000000000000000000000000000000000000000000000000000000000000000000000000000000000000000000000000000000000000000000000000000000000000000000000000000000000000000000000000000000000000000000000000000000000000000000000000000000000000000000000000000000000000000000000000000000000000000000000000000000000000000
00000000000000000000000000000000000000000000000000000000000000000000000000000000000000000000000000000000000000000000000000000000000000000000000000000000000000000000000000000000000000000000000000000000000000000000000000000000000000000000000000000000000000000000000000000000000000000000000000000000000000000000000000000000000000
00000000000000000000000000000000000000000000000000000000000000000000000000000000000000000000000000000000000000000000000000000000000000000000000000000000000000000000000000000000000000000000000000000000000000000000000000000000000000000000000000000000000000000000000000000000000000000000000000000000000000000000000000000000000000
00000000000000000000000000000000000000000000000000000000000000000000000000000000000000000000000000000000000000000000000000000000000000000000000000000000000000000000000000000000000000000000000000000000000000000000000000000000000000000000000000000000000000000000000000000000000000000000000000000000000000000000000000000000000000
