11100000111111110100001010001111010111111000000000000000000000000000001011111111101010001111111110011001000000000000000000000000000000010000000011100101001001111001011010000000000000000000000000000010111111110001100101011100011000100000000000000000000000000000000100000000110001010011011111100000000000000000000000000000000000
11100000111111110100001010001111010111111000000000000000000000000000001011111111101010001111111110011001000000000000000000000000000000010000000011100101001001111001011010000000000000000000000000000010111111110001100101011100011000100000000000000000000000000000000100000000110101110011101000111011000000000000000000000000000000
11100000111111110100001010001111010111111000000000000000000000000000001011111111101010001111111110011001000000000000000000000000000000010000000011100101001001111001011010000000000000000000000000000010111111110001100101011100011000100000000000000000000000000000000100000000111010111001001101010001100000000000000000000000000000
11100000111111110110011001100110011101111000000000000000000000000000001011111111110000110000010101000101000000000000000000000000000000010000000011100100000000000000000000000000000000000000000000000010111111110001100101011100011000100000000000000000000000000000000100000000111111101100010000100000000000000000000000000000000000
11100000111111110110011001100110100100111000000000000000000000000000001011111111110000110000010101001111000000000000000000000000000000010000000011100100000000000000000000000000000000000000000000000010111111110001100101011100011000100000000000000000000000000000000100000001000010110010111111100011000000000000000000000000000000
11100000111111110110011001100110010110111000000000000000000000000000001011111111110000110000010100111011000000000000000000000000000000010000000011100100000000000000000000000000000000000000000000000010111111110001100101011100011000100000000000000000000000000000000100000001000110010001010111101101100000000000000000000000000000
11100000111111110110011001100110100100111000000000000000000000000000001011111111110000110000010101001111000000000000000000000000000000010000000011100100000000000000000000000000000000000000000000000010111111110001100101011100011000100000000000000000000000000000000100000001001010011011001101101011100000000000000000000000000000
11100000111111110110011001100110010001010000000000000000000000000000001011111111110100101010100010100111000000000000000000000000000000010000000011100011011010111010011010000000000000000000000000000010111111110001100101011100011000100000000000000000000000000000000100000001001110101001101000010111100000000000000000000000000000
11100000111111110110011001100110000001111000000000000000000000000000001011111111110100101010100010011011100000000000000000000000000000010000000011100011011010111010011010000000000000000000000000000010111111110001100101011100011000100000000000000000000000000000000100000001010010000011011110000100000000000000000000000000000000
11100000111111110110011001100110100000110000000000000000000000000000001011111111110100101010100010110010000000000000000000000000000000010000000011100011011010111010011010000000000000000000000000000010111111110001100101011100011000100000000000000000000000000000000100000001010101010100000100000011100000000000000000000000000000
11100000111111110110011001100110100000110000000000000000000000000000001011111111110100101010100010110010000000000000000000000000000000010000000011100011011010111010011010000000000000000000000000000010111111110001100101011100011000100000000000000000000000000000000100000001011001001001110011111000000000000000000000000000000000
11100000111111110110011001100110100000110000000000000000000000000000001011111111110100101010100010110010000000000000000000000000000000010000000011100011011010111010011010000000000000000000000000000010111111110001100101011100011000100000000000000000000000000000000100000001011101100110110011010111100000000000000000000000000000
11100000111111110100001010001111010100010000000000000000000000000000001011111111101010001111111110011001000000000000000000000000000000010000000011101001101001010011011000000000000000000000000000000000111111110001100101011100011000000000000000000000000000000000000100000000110010000110000001001010100000000000000000000000000000
11100000111111110100001010001111010100010000000000000000000000000000001011111111101010001111111110011001000000000000000000000000000000010000000011101001101001010011011000000000000000000000000000000000111111110001100101011100011000000000000000000000000000000000000100000000110110100110001010100101100000000000000000000000000000
11100000111111110100001010001111010100010000000000000000000000000000001011111111101010001111111110011001000000000000000000000000000000010000000011101001101001010011011000000000000000000000000000000000111111110001100101011100011000000000000000000000000000000000000100000000111011101011101110111100000000000000000000000000000000
11100000111111110110011001100110010101010000000000000000000000000000001011111111110000110000010101001100100000000000000000000000000000010000000011100111001100110011001110000000000000000000000000000000111111110001100101011100011000000000000000000000000000000000000100000001000000010001001011100001000000000000000000000000000000
11100000111111110110011001100110010101010000000000000000000000000000001011111111110000110000010101001100100000000000000000000000000000010000000011100111001100110011001110000000000000000000000000000000111111110001100101011100011000000000000000000000000000000000000100000001000011001110000010110100000000000000000000000000000000
11100000111111110110011001100110010101010000000000000000000000000000001011111111110000110000010101001100100000000000000000000000000000010000000011100111001100110011001110000000000000000000000000000000111111110001100101011100011000000000000000000000000000000000000100000001000110101100011010111110100000000000000000000000000000
11100000111111110110011001100110100011001000000000000000000000000000001011111111110000110000010101100000100000000000000000000000000000010000000011100111001100110011001110000000000000000000000000000000111111110001100101011100011000000000000000000000000000000000000100000001001010110110010000111100000000000000000000000000000000
11100000111111110110011001100110100001011000000000000000000000000000001011111111110100101010100010011110100000000000000000000000000000010000000011100101011000010010011000000000000000000000000000000000111111110001100101011100011000000000000000000000000000000000000100000001001111000100101100010100000000000000000000000000000000
11100000111111110110011001100110100001011000000000000000000000000000001011111111110100101010100010011110100000000000000000000000000000010000000011100101011000010010011000000000000000000000000000000000111111110001100101011100011000000000000000000000000000000000000100000001010010010001000000000010100000000000000000000000000000
11100000111111110110011001100110100001011000000000000000000000000000001011111111110100101010100010011110100000000000000000000000000000010000000011100101011000010010011000000000000000000000000000000000111111110001100101011100011000000000000000000000000000000000000100000001010101100001100110000010000000000000000000000000000000
11100000111111110110011001100110100001011000000000000000000000000000001011111111110100101010100010011110100000000000000000000000000000010000000011100101011000010010011000000000000000000000000000000000111111110001100101011100011000000000000000000000000000000000000100000001011001010111010101110110100000000000000000000000000000
11100000111111110110011001100110100001011000000000000000000000000000001011111111110100101010100010011110100000000000000000000000000000010000000011100101011000010010011000000000000000000000000000000000111111110001100101011100011000000000000000000000000000000000000100000001011101110100010101010101100000000000000000000000000000
11001100111111110110011001100110000000000000000000000000000000000000001011111111111001001000011111101101100000000000000000000000000000010000000100010100010100001101100000000000000000000000000000000010111111110001001111000110100111000000000000000000000000000000000100000001100011010000001111010111000000000000000000000000000000
11001100111111110110011001100111000000000000000000000000000000000000001011111111111001001000011111101101100000000000000000000000000000010000000100010100010100001101100000000000000000000000000000000000111111101000001100000101010000000000000000000000000000000000000100000001100011000111101000111101100000000000000000000000000000
11001100111111110110011001100110000000000000000000000000000000000000001011111111111001001000011111101101100000000000000000000000000000010000000100010100010100001101100000000000000000000000000000000000111111110011010101001001010000000000000000000000000000000000000100000001100011010000001111010111000000000000000000000000000000
11001100111111110110011001100111000000000000000000000000000000000000001011111111111001001000011111101101100000000000000000000000000000010000000100011110011100000001001110000000000000000000000000000010111111110001001111000110100111000000000000000000000000000000000100000001100011101000010111000010100000000000000000000000000000
11001100111111110110011001100110000000000000000000000000000000000000001011111111111001001000011111101101100000000000000000000000000000010000000100011110011100000001001110000000000000000000000000000000111111101000001100000101010000000000000000000000000000000000000100000001100011011111110000101001000000000000000000000000000000
11001100111111110110011001100111000000000000000000000000000000000000001011111111111001001000011111101101100000000000000000000000000000010000000100011110011100000001001110000000000000000000000000000000111111110011010101001001010000000000000000000000000000000000000100000001100011101000010111000010100000000000000000000000000000
11001100111111110110011001100110000000000000000000000000000000000000001011111111111001001000011111101101100000000000000000000000000000010000000100100100100000011111111110000000000000000000000000000010111111110100001100000101010010010000000000000000000000000000000100000001100011010000001111010111000000000000000000000000000000
11001100111111110110011001100111000000000000000000000000000000000000001011111111111001001000011111101101100000000000000000000000000000010000000100100100100000011111111110000000000000000000000000000010111111101101100101011100011001000000000000000000000000000000000100000001100011000111101000111101100000000000000000000000000000
11001100111111110110011001100110000000000000000000000000000000000000001011111111111001001000011111101101100000000000000000000000000000010000000100100100100000011111111110000000000000000000000000000000111111101101100101011100011000000000000000000000000000000000000100000001100011010000001111010111000000000000000000000000000000
11001100111111110110011001100111000000000000000000000000000000000000001011111111111001001000011111101101100000000000000000000000000000010000000100100100100000011111111100000000000000000000000000000000111111110100001100000101010010000000000000000000000000000000000100000001100011000111101000111101100000000000000000000000000000
11010100111111110110011001100111000000000000000000000000000000000000001011111111111001001000011111101101100000000000000000000000000000010000000100000110011011010010100010000000000000000000000000000010111111110100001100000101010011010000000000000000000000000000000100000001101011110100101101100100100000000000000000000000000000
11010100111111110110011001100110000000000000000000000000000000000000001011111111111001001000011111101101100000000000000000000000000000010000000100000110011011010010100010000000000000000000000000000010111111101000110010011000010100000000000000000000000000000000000100000001101011111101010011111110000000000000000000000000000000
11010100111111110110011001100111000000000000000000000000000000000000001011111111111001001000011111101101100000000000000000000000000000010000000100000110011011010010100010000000000000000000000000000000111111110001111110111110011000000000000000000000000000000000000100000001101011110100101101100100100000000000000000000000000000
11010100111111110110011001100111000000000000000000000000000000000000001011111111111001001000011111101101100000000000000000000000000000010000000100001110010010000101100010000000000000000000000000000010111111110100001100000101010011010000000000000000000000000000000100000001101011011100100101111001000000000000000000000000000000
11010100111111110110011001100110000000000000000000000000000000000000001011111111111001001000011111101101100000000000000000000000000000010000000100001110010010000101100010000000000000000000000000000010111111101000110010011000011000000000000000000000000000000000000100000001101011100101001100010010100000000000000000000000000000
11010100111111110110011001100111000000000000000000000000000000000000001011111111111001001000011111101101100000000000000000000000000000010000000100001110010010000101100010000000000000000000000000000000111111110001111110111110011000000000000000000000000000000000000100000001101011011100100101111001000000000000000000000000000000
11010100111111110110011001100110000000000000000000000000000000000000001011111111111001001000011111101101100000000000000000000000000000010000000100011000010101010011001010000000000000000000000000000010111111110001001111000110100111000000000000000000000000000000000100000001101011111101010011111110000000000000000000000000000000
11010100111111110110011001100111000000000000000000000000000000000000001011111111111001001000011111101101100000000000000000000000000000010000000100011000010101010011001010000000000000000000000000000000111111101000001100000101010000000000000000000000000000000000000100000001101011110100101101100100100000000000000000000000000000
11010100111111110110011001100110000000000000000000000000000000000000001011111111111001001000011111101101100000000000000000000000000000010000000100011000010101010011001010000000000000000000000000000000111111110011010101001001010000000000000000000000000000000000000100000001101011111101010011111110000000000000000000000000000000
00000000000000000000000000000000000000000000000000000000000000000000000000000000000000000000000000000000000000000000000000000000000000000000000000000000000000000000000000000000000000000000000000000000000000000000000000000000000000000000000000000000000000000000000000000000000000000000000000000000000000000000000000000000000000
00000000000000000000000000000000000000000000000000000000000000000000000000000000000000000000000000000000000000000000000000000000000000000000000000000000000000000000000000000000000000000000000000000000000000000000000000000000000000000000000000000000000000000000000000000000000000000000000000000000000000000000000000000000000000
00000000000000000000000000000000000000000000000000000000000000000000000000000000000000000000000000000000000000000000000000000000000000000000000000000000000000000000000000000000000000000000000000000000000000000000000000000000000000000000000000000000000000000000000000000000000000000000000000000000000000000000000000000000000000
00000000000000000000000000000000000000000000000000000000000000000000000000000000000000000000000000000000000000000000000000000000000000000000000000000000000000000000000000000000000000000000000000000000000000000000000000000000000000000000000000000000000000000000000000000000000000000000000000000000000000000000000000000000000000
00000000000000000000000000000000000000000000000000000000000000000000000000000000000000000000000000000000000000000000000000000000000000000000000000000000000000000000000000000000000000000000000000000000000000000000000000000000000000000000000000000000000000000000000000000000000000000000000000000000000000000000000000000000000000
00000000000000000000000000000000000000000000000000000000000000000000000000000000000000000000000000000000000000000000000000000000000000000000000000000000000000000000000000000000000000000000000000000000000000000000000000000000000000000000000000000000000000000000000000000000000000000000000000000000000000000000000000000000000000
00000000000000000000000000000000000000000000000000000000000000000000000000000000000000000000000000000000000000000000000000000000000000000000000000000000000000000000000000000000000000000000000000000000000000000000000000000000000000000000000000000000000000000000000000000000000000000000000000000000000000000000000000000000000000
00000000000000000000000000000000000000000000000000000000000000000000000000000000000000000000000000000000000000000000000000000000000000000000000000000000000000000000000000000000000000000000000000000000000000000000000000000000000000000000000000000000000000000000000000000000000000000000000000000000000000000000000000000000000000
00000000000000000000000000000000000000000000000000000000000000000000000000000000000000000000000000000000000000000000000000000000000000000000000000000000000000000000000000000000000000000000000000000000000000000000000000000000000000000000000000000000000000000000000000000000000000000000000000000000000000000000000000000000000000
00000000000000000000000000000000000000000000000000000000000000000000000000000000000000000000000000000000000000000000000000000000000000000000000000000000000000000000000000000000000000000000000000000000000000000000000000000000000000000000000000000000000000000000000000000000000000000000000000000000000000000000000000000000000000
00000000000000000000000000000000000000000000000000000000000000000000000000000000000000000000000000000000000000000000000000000000000000000000000000000000000000000000000000000000000000000000000000000000000000000000000000000000000000000000000000000000000000000000000000000000000000000000000000000000000000000000000000000000000000
00000000000000000000000000000000000000000000000000000000000000000000000000000000000000000000000000000000000000000000000000000000000000000000000000000000000000000000000000000000000000000000000000000000000000000000000000000000000000000000000000000000000000000000000000000000000000000000000000000000000000000000000000000000000000
00000000000000000000000000000000000000000000000000000000000000000000000000000000000000000000000000000000000000000000000000000000000000000000000000000000000000000000000000000000000000000000000000000000000000000000000000000000000000000000000000000000000000000000000000000000000000000000000000000000000000000000000000000000000000
00000000000000000000000000000000000000000000000000000000000000000000000000000000000000000000000000000000000000000000000000000000000000000000000000000000000000000000000000000000000000000000000000000000000000000000000000000000000000000000000000000000000000000000000000000000000000000000000000000000000000000000000000000000000000
00000000000000000000000000000000000000000000000000000000000000000000000000000000000000000000000000000000000000000000000000000000000000000000000000000000000000000000000000000000000000000000000000000000000000000000000000000000000000000000000000000000000000000000000000000000000000000000000000000000000000000000000000000000000000
00000000000000000000000000000000000000000000000000000000000000000000000000000000000000000000000000000000000000000000000000000000000000000000000000000000000000000000000000000000000000000000000000000000000000000000000000000000000000000000000000000000000000000000000000000000000000000000000000000000000000000000000000000000000000
00000000000000000000000000000000000000000000000000000000000000000000000000000000000000000000000000000000000000000000000000000000000000000000000000000000000000000000000000000000000000000000000000000000000000000000000000000000000000000000000000000000000000000000000000000000000000000000000000000000000000000000000000000000000000
00000000000000000000000000000000000000000000000000000000000000000000000000000000000000000000000000000000000000000000000000000000000000000000000000000000000000000000000000000000000000000000000000000000000000000000000000000000000000000000000000000000000000000000000000000000000000000000000000000000000000000000000000000000000000
00000000000000000000000000000000000000000000000000000000000000000000000000000000000000000000000000000000000000000000000000000000000000000000000000000000000000000000000000000000000000000000000000000000000000000000000000000000000000000000000000000000000000000000000000000000000000000000000000000000000000000000000000000000000000
00000000000000000000000000000000000000000000000000000000000000000000000000000000000000000000000000000000000000000000000000000000000000000000000000000000000000000000000000000000000000000000000000000000000000000000000000000000000000000000000000000000000000000000000000000000000000000000000000000000000000000000000000000000000000
00000000000000000000000000000000000000000000000000000000000000000000000000000000000000000000000000000000000000000000000000000000000000000000000000000000000000000000000000000000000000000000000000000000000000000000000000000000000000000000000000000000000000000000000000000000000000000000000000000000000000000000000000000000000000
00000000000000000000000000000000000000000000000000000000000000000000000000000000000000000000000000000000000000000000000000000000000000000000000000000000000000000000000000000000000000000000000000000000000000000000000000000000000000000000000000000000000000000000000000000000000000000000000000000000000000000000000000000000000000
00000000000000000000000000000000000000000000000000000000000000000000000000000000000000000000000000000000000000000000000000000000000000000000000000000000000000000000000000000000000000000000000000000000000000000000000000000000000000000000000000000000000000000000000000000000000000000000000000000000000000000000000000000000000000
00000000000000000000000000000000000000000000000000000000000000000000000000000000000000000000000000000000000000000000000000000000000000000000000000000000000000000000000000000000000000000000000000000000000000000000000000000000000000000000000000000000000000000000000000000000000000000000000000000000000000000000000000000000000000
00000000000000000000000000000000000000000000000000000000000000000000000000000000000000000000000000000000000000000000000000000000000000000000000000000000000000000000000000000000000000000000000000000000000000000000000000000000000000000000000000000000000000000000000000000000000000000000000000000000000000000000000000000000000000
00000000000000000000000000000000000000000000000000000000000000000000000000000000000000000000000000000000000000000000000000000000000000000000000000000000000000000000000000000000000000000000000000000000000000000000000000000000000000000000000000000000000000000000000000000000000000000000000000000000000000000000000000000000000000
00000000000000000000000000000000000000000000000000000000000000000000000000000000000000000000000000000000000000000000000000000000000000000000000000000000000000000000000000000000000000000000000000000000000000000000000000000000000000000000000000000000000000000000000000000000000000000000000000000000000000000000000000000000000000
00000000000000000000000000000000000000000000000000000000000000000000000000000000000000000000000000000000000000000000000000000000000000000000000000000000000000000000000000000000000000000000000000000000000000000000000000000000000000000000000000000000000000000000000000000000000000000000000000000000000000000000000000000000000000
00000000000000000000000000000000000000000000000000000000000000000000000000000000000000000000000000000000000000000000000000000000000000000000000000000000000000000000000000000000000000000000000000000000000000000000000000000000000000000000000000000000000000000000000000000000000000000000000000000000000000000000000000000000000000
