11000011111111000111000010100011110100100000000000000000000000000000000000000000000000000000000000000000000000000000000000000000000001000000000101000001100110011001101000000000000000000000000000000011111110000010011011101001011110000000000000000000000000000000010000000101000010111111000010100100000000000000000000000000000010111111110100111000110000110100000000000000000000000000000000001100000000010010110101010101010010000000000000000000000000000000
11000011111111000111000010100011110100100000000000000000000000000000000000000000000000000000000000000000000000000000000000000000000001000000000101000001100110011001101000000000000000000000000000000011111110000010011011101001011110000000000000000000000000000000010000000101000011010000010100011110000000000000000000000000000010111111110100111000110000110100000000000000000000000000000000001100000000101101100001111010000100000000000000000000000000000000
11000011111111000111000010100011110100100000000000000000000000000000000000000000000000000000000000000000000000000000000000000000000001000000000101000001100110011001101000000000000000000000000000000011111110000010011011101001011110000000000000000000000000000000010000000101000010111111000010100100000000000000000000000000000010111111110100111000110000110100000000000000000000000000000000001100000000111000100100001000100110100000000000000000000000000000
11000011111111000111000010100011110100100000000000000000000000000000000000000000000000000000000000000000000000000000000000000000000001000000000101000001100110011001101000000000000000000000000000000011111110000010011011101001011110000000000000000000000000000000010000000101000011010000010100011110000000000000000000000000000010111111110100111000110000110100000000000000000000000000000000001100000001000001010101011010000111000000000000000000000000000000
11000011111111000111000010100011110100100000000000000000000000000000000000000000000000000000000000000000000000000000000000000000000001000000000101000001100110011001101000000000000000000000000000000011111110000010011011101001011110000000000000000000000000000000010000000101000010111111000010100100000000000000000000000000000010111111110100111000110000110100000000000000000000000000000000001100000001000110001001000010111110000000000000000000000000000000
11000011111111000111000010100011110100100000000000000000000000000000000000000000000000000000000000000000000000000000000000000000000001000000000101000001100110011001101000000000000000000000000000000011111110000010011011101001011110000000000000000000000000000000010000000101000011010000010100011110000000000000000000000000000010111111110100111000110000110100000000000000000000000000000000001100000001001011001101111001110111000000000000000000000000000000
11000011111111000111000010100011110100100000000000000000000000000000000000000000000000000000000000000000000000000000000000000000000001000000000101000001100110011001101000000000000000000000000000000011111110000010011011101001011110000000000000000000000000000000010000000101000010111111000010100100000000000000000000000000000010111111110100111000110000110100000000000000000000000000000000001100000001001111110111100000010000100000000000000000000000000000
11000011111111000111000010100011110100100000000000000000000000000000000000000000000000000000000000000000000000000000000000000000000001000000000101000001100110011001101000000000000000000000000000000011111110000010011011101001011110000000000000000000000000000000010000000101000011010000010100011110000000000000000000000000000010111111110100111000110000110100000000000000000000000000000000001100000001010010011110111011011111100000000000000000000000000000
11000011111111000111000010100011110100100000000000000000000000000000000000000000000000000000000000000000000000000000000000000000000001000000000101000001100110011001101000000000000000000000000000000011111110000010011011101001011110000000000000000000000000000000010000000101000010111111000010100100000000000000000000000000000010111111110100111000110000110100000000000000000000000000000000001100000001010100110000100001111001000000000000000000000000000000
11000011111111000111000010100011110100100000000000000000000000000000000000000000000000000000000000000000000000000000000000000000000001000000000101000001100110011001101000000000000000000000000000000011111110000010011011101001011110000000000000000000000000000000010000000101000011010000010100011110000000000000000000000000000010111111110100111000110000110100000000000000000000000000000000001100000001010111010100011100101011000000000000000000000000000000
11000011111111000111000010100011110100100000000000000000000000000000000000000000000000000000000000000000000000000000000000000000000001000000000101000001100110011001101000000000000000000000000000000011111110000010011011101001011110000000000000000000000000000000010000000101000010111111000010100100000000000000000000000000000010111111110100111000110000110100000000000000000000000000000000001100000001011001100101100000010000100000000000000000000000000000
11000011111111000111000010100011110100100000000000000000000000000000000000000000000000000000000000000000000000000000000000000000000001000000000101000001100110011001101000000000000000000000000000000011111110000010011011101001011110000000000000000000000000000000010000000101000011010000010100011110000000000000000000000000000010111111110100111000110000110100000000000000000000000000000000001100000001011100001010001011010001000000000000000000000000000000
11000011111111000111000010100011100001100000000000000000000000000000000000000000000000000000000000000000000000000000000000000000000001000000000101000001100110011001101000000000000000000000000000000011111110000010011011101001011110000000000000000000000000000000010000000101000110001001010001111100000000000000000000000000000010111111110001100101011100010100000000000000000000000000000000001100000000010010110101010101010010000000000000000000000000000000
11000011111111000111000010100011100001100000000000000000000000000000000000000000000000000000000000000000000000000000000000000000000001000000000101000001100110011001101000000000000000000000000000000011111110000010011011101001011110000000000000000000000000000000010000000101000110011010100011110110000000000000000000000000000010111111110001100101011100010100000000000000000000000000000000001100000000101101100001111010000100000000000000000000000000000000
11000011111111000111000010100011100001100000000000000000000000000000000000000000000000000000000000000000000000000000000000000000000001000000000101000001100110011001101000000000000000000000000000000011111110000010011011101001011110000000000000000000000000000000010000000101000110001001010001111100000000000000000000000000000010111111110001100101011100010100000000000000000000000000000000001100000000111000100100001000100110100000000000000000000000000000
11000011111111000111000010100011100001100000000000000000000000000000000000000000000000000000000000000000000000000000000000000000000001000000000101000001100110011001101000000000000000000000000000000011111110000010011011101001011110000000000000000000000000000000010000000101000110011010100011110110000000000000000000000000000010111111110001100101011100010100000000000000000000000000000000001100000001000001010101011010000111000000000000000000000000000000
11000011111111000111000010100011100001100000000000000000000000000000000000000000000000000000000000000000000000000000000000000000000001000000000101000001100110011001101000000000000000000000000000000011111110000010011011101001011110000000000000000000000000000000010000000101000110001001010001111100000000000000000000000000000010111111110001100101011100010100000000000000000000000000000000001100000001000110001001000010111110000000000000000000000000000000
11000011111111000111000010100011100001100000000000000000000000000000000000000000000000000000000000000000000000000000000000000000000001000000000101000001100110011001101000000000000000000000000000000011111110000010011011101001011110000000000000000000000000000000010000000101000110011010100011110110000000000000000000000000000010111111110001100101011100010100000000000000000000000000000000001100000001001011001101111001110111000000000000000000000000000000
11000011111111000111000010100011100001100000000000000000000000000000000000000000000000000000000000000000000000000000000000000000000001000000000101000001100110011001101000000000000000000000000000000011111110000010011011101001011110000000000000000000000000000000010000000101000110001001010001111100000000000000000000000000000010111111110001100101011100010100000000000000000000000000000000001100000001001111110111100000010000100000000000000000000000000000
11000011111111000111000010100011100001100000000000000000000000000000000000000000000000000000000000000000000000000000000000000000000001000000000101000001100110011001101000000000000000000000000000000011111110000010011011101001011110000000000000000000000000000000010000000101000110011010100011110110000000000000000000000000000010111111110001100101011100010100000000000000000000000000000000001100000001010010011110111011011111100000000000000000000000000000
11000011111111000111000010100011100001100000000000000000000000000000000000000000000000000000000000000000000000000000000000000000000001000000000101000001100110011001101000000000000000000000000000000011111110000010011011101001011110000000000000000000000000000000010000000101000110001001010001111100000000000000000000000000000010111111110001100101011100010100000000000000000000000000000000001100000001010100110000100001111001000000000000000000000000000000
11000011111111000111000010100011100001100000000000000000000000000000000000000000000000000000000000000000000000000000000000000000000001000000000101000001100110011001101000000000000000000000000000000011111110000010011011101001011110000000000000000000000000000000010000000101000110011010100011110110000000000000000000000000000010111111110001100101011100010100000000000000000000000000000000001100000001010111010100011100101011000000000000000000000000000000
11000011111111000111000010100011100001100000000000000000000000000000000000000000000000000000000000000000000000000000000000000000000001000000000101000001100110011001101000000000000000000000000000000011111110000010011011101001011110000000000000000000000000000000010000000101000110001001010001111100000000000000000000000000000010111111110001100101011100010100000000000000000000000000000000001100000001011001100101100000010000100000000000000000000000000000
11000011111111000111000010100011100001100000000000000000000000000000000000000000000000000000000000000000000000000000000000000000000001000000000101000001100110011001101000000000000000000000000000000011111110000010011011101001011110000000000000000000000000000000010000000101000110011010100011110110000000000000000000000000000010111111110001100101011100010100000000000000000000000000000000001100000001011100001010001011010001000000000000000000000000000000
11000011111111000111000010100011101101000000000000000000000000000000000000000000000000000000000000000000000000000000000000000000000001000000000101000001100110011001101000000000000000000000000000000011111110000010011011101001011110000000000000000000000000000000010000000101000010111111000010100100000000000000000000000000000010111111101001100101011100010000000000000000000000000000000000001100000000010010110101010101010010000000000000000000000000000000
11000011111111000111000010100011101101000000000000000000000000000000000000000000000000000000000000000000000000000000000000000000000001000000000101000001100110011001101000000000000000000000000000000011111110000010011011101001011110000000000000000000000000000000010000000101000011010000010100100000000000000000000000000000000010111111101001100101011100010000000000000000000000000000000000001100000000101101100001111010000100000000000000000000000000000000
11000011111111000111000010100011101101000000000000000000000000000000000000000000000000000000000000000000000000000000000000000000000001000000000101000001100110011001101000000000000000000000000000000011111110000010011011101001011110000000000000000000000000000000010000000101000010111111000010100100000000000000000000000000000010111111101001100101011100010000000000000000000000000000000000001100000000111000100100001000100110100000000000000000000000000000
11000011111111000111000010100011101101000000000000000000000000000000000000000000000000000000000000000000000000000000000000000000000001000000000101000001100110011001101000000000000000000000000000000011111110000010011011101001011110000000000000000000000000000000010000000101000011010000010100100000000000000000000000000000000010111111101001100101011100010000000000000000000000000000000000001100000001000001010101011010000111000000000000000000000000000000
11000011111111000111000010100011101101000000000000000000000000000000000000000000000000000000000000000000000000000000000000000000000001000000000101000001100110011001101000000000000000000000000000000011111110000010011011101001011110000000000000000000000000000000010000000101000010111111000010100100000000000000000000000000000010111111101001100101011100010000000000000000000000000000000000001100000001000110001001000010111110000000000000000000000000000000
11000011111111000111000010100011101101000000000000000000000000000000000000000000000000000000000000000000000000000000000000000000000001000000000101000001100110011001101000000000000000000000000000000011111110000010011011101001011110000000000000000000000000000000010000000101000011010000010100100000000000000000000000000000000010111111101001100101011100010000000000000000000000000000000000001100000001001011001101111001110111000000000000000000000000000000
11000011111111000111000010100011101101000000000000000000000000000000000000000000000000000000000000000000000000000000000000000000000001000000000101000001100110011001101000000000000000000000000000000011111110000010011011101001011110000000000000000000000000000000010000000101000010111111000010100100000000000000000000000000000010111111101001100101011100010000000000000000000000000000000000001100000001001111110111100000010000100000000000000000000000000000
11000011111111000111000010100011101101000000000000000000000000000000000000000000000000000000000000000000000000000000000000000000000001000000000101000001100110011001101000000000000000000000000000000011111110000010011011101001011110000000000000000000000000000000010000000101000011010000010100100000000000000000000000000000000010111111101001100101011100010000000000000000000000000000000000001100000001010010011110111011011111100000000000000000000000000000
11000011111111000111000010100011101101000000000000000000000000000000000000000000000000000000000000000000000000000000000000000000000001000000000101000001100110011001101000000000000000000000000000000011111110000010011011101001011110000000000000000000000000000000010000000101000010111111000010100100000000000000000000000000000010111111101001100101011100010000000000000000000000000000000000001100000001010100110000100001111001000000000000000000000000000000
11000011111111000111000010100011101101000000000000000000000000000000000000000000000000000000000000000000000000000000000000000000000001000000000101000001100110011001101000000000000000000000000000000011111110000010011011101001011110000000000000000000000000000000010000000101000011010000010100100000000000000000000000000000000010111111101001100101011100010000000000000000000000000000000000001100000001010111010100011100101011000000000000000000000000000000
11000011111111000111000010100011101101000000000000000000000000000000000000000000000000000000000000000000000000000000000000000000000001000000000101000001100110011001101000000000000000000000000000000011111110000010011011101001011110000000000000000000000000000000010000000101000010111111000010100100000000000000000000000000000010111111101001100101011100010000000000000000000000000000000000001100000001011001100101100000010000100000000000000000000000000000
11000011111111000111000010100011101101000000000000000000000000000000000000000000000000000000000000000000000000000000000000000000000001000000000101000001100110011001101000000000000000000000000000000011111110000010011011101001011110000000000000000000000000000000010000000101000011010000010100100000000000000000000000000000000010111111101001100101011100010000000000000000000000000000000000001100000001011100001010001011010001000000000000000000000000000000
11000011111111000111000010100101010011000000000000000000000000000000000000000000000000000000000000000000000000000000000000000000000001000000000101000001100110011001101000000000000000000000000000000011111110000010011011101001011110000000000000000000000000000000010000000101000110001001010001111100000000000000000000000000000000111111101101100101011100010101001000000000000000000000000000001100000000010010110101010101010010000000000000000000000000000000
11000011111111000111000010100010011110000000000000000000000000000000000000000000000000000000000000000000000000000000000000000000000001000000000101000001100110011001101000000000000000000000000000000011111110000010011011101001011110000000000000000000000000000000010000000101000110011010100011110110000000000000000000000000000000111111101101100101011100010101001000000000000000000000000000001100000000101101100001111010000100000000000000000000000000000000
11000011111111000111000010100101010011000000000000000000000000000000000000000000000000000000000000000000000000000000000000000000000001000000000101000001100110011001101000000000000000000000000000000011111110000010011011101001011110000000000000000000000000000000010000000101000110001001010001111100000000000000000000000000000000111111101101100101011100010101001000000000000000000000000000001100000000111000100100001000100110100000000000000000000000000000
11000011111111000111000010100010011110000000000000000000000000000000000000000000000000000000000000000000000000000000000000000000000001000000000101000001100110011001101000000000000000000000000000000011111110000010011011101001011110000000000000000000000000000000010000000101000110011010100011110110000000000000000000000000000000111111101101100101011100010101001000000000000000000000000000001100000001000001010101011010000111000000000000000000000000000000
11000011111111000111000010100101010011000000000000000000000000000000000000000000000000000000000000000000000000000000000000000000000001000000000101000001100110011001101000000000000000000000000000000011111110000010011011101001011110000000000000000000000000000000010000000101000110001001010001111100000000000000000000000000000000111111101101100101011100010101001000000000000000000000000000001100000001000110001001000010111110000000000000000000000000000000
11000011111111000111000010100010011110000000000000000000000000000000000000000000000000000000000000000000000000000000000000000000000001000000000101000001100110011001101000000000000000000000000000000011111110000010011011101001011110000000000000000000000000000000010000000101000110011010100011110110000000000000000000000000000000111111101101100101011100010101001000000000000000000000000000001100000001001011001101111001110111000000000000000000000000000000
11000011111111000111000010100101010011000000000000000000000000000000000000000000000000000000000000000000000000000000000000000000000001000000000101000001100110011001101000000000000000000000000000000011111110000010011011101001011110000000000000000000000000000000010000000101000110001001010001111100000000000000000000000000000000111111101101100101011100010101001000000000000000000000000000001100000001001111110111100000010000100000000000000000000000000000
11000011111111000111000010100010011110000000000000000000000000000000000000000000000000000000000000000000000000000000000000000000000001000000000101000001100110011001101000000000000000000000000000000011111110000010011011101001011110000000000000000000000000000000010000000101000110011010100011110110000000000000000000000000000000111111101101100101011100010101001000000000000000000000000000001100000001010010011110111011011111100000000000000000000000000000
11000011111111000111000010100101010011000000000000000000000000000000000000000000000000000000000000000000000000000000000000000000000001000000000101000001100110011001101000000000000000000000000000000011111110000010011011101001011110000000000000000000000000000000010000000101000110001001010001111100000000000000000000000000000000111111101101100101011100010101001000000000000000000000000000001100000001010100110000100001111001000000000000000000000000000000
11000011111111000111000010100010011110000000000000000000000000000000000000000000000000000000000000000000000000000000000000000000000001000000000101000001100110011001101000000000000000000000000000000011111110000010011011101001011110000000000000000000000000000000010000000101000110011010100011110110000000000000000000000000000000111111101101100101011100010101001000000000000000000000000000001100000001010111010100011100101011000000000000000000000000000000
11000011111111000111000010100101010011000000000000000000000000000000000000000000000000000000000000000000000000000000000000000000000001000000000101000001100110011001101000000000000000000000000000000011111110000010011011101001011110000000000000000000000000000000010000000101000110001001010001111100000000000000000000000000000000111111101101100101011100010101001000000000000000000000000000001100000001011001100101100000010000100000000000000000000000000000
11000011111111000111000010100010011110000000000000000000000000000000000000000000000000000000000000000000000000000000000000000000000001000000000101000001100110011001101000000000000000000000000000000011111110000010011011101001011110000000000000000000000000000000010000000101000110011010100011110110000000000000000000000000000000111111101101100101011100010101001000000000000000000000000000001100000001011100001010001011010001000000000000000000000000000000
11000011111111000111000010100011101101000000000000000000000000000000000000000000000000000000000000000000000000000000000000000000000001000000000101000001100110011001101000000000000000000000000000000011111110000010011011101001011110000000000000000000000000000000010000000101000010111111000010100100000000000000000000000000000000111111110010111110110011011110100000000000000000000000000000001100000000010010110101010101010010000000000000000000000000000000
11000011111111000111000010100011101101000000000000000000000000000000000000000000000000000000000000000000000000000000000000000000000001000000000101000001100110011001101000000000000000000000000000000011111110000010011011101001011110000000000000000000000000000000010000000101000011010000010100100000000000000000000000000000000000111111110010111110110011011110100000000000000000000000000000001100000000101101100001111010000100000000000000000000000000000000
11000011111111000111000010100011101101000000000000000000000000000000000000000000000000000000000000000000000000000000000000000000000001000000000101000001100110011001101000000000000000000000000000000011111110000010011011101001011110000000000000000000000000000000010000000101000010111111000010100100000000000000000000000000000000111111110010111110110011011110100000000000000000000000000000001100000000111000100100001000100110100000000000000000000000000000
11000011111111000111000010100011101101000000000000000000000000000000000000000000000000000000000000000000000000000000000000000000000001000000000101000001100110011001101000000000000000000000000000000011111110000010011011101001011110000000000000000000000000000000010000000101000011010000010100100000000000000000000000000000000000111111110010111110110011011110100000000000000000000000000000001100000001000001010101011010000111000000000000000000000000000000
11000011111111000111000010100011101101000000000000000000000000000000000000000000000000000000000000000000000000000000000000000000000001000000000101000001100110011001101000000000000000000000000000000011111110000010011011101001011110000000000000000000000000000000010000000101000010111111000010100100000000000000000000000000000000111111110010111110110011011110100000000000000000000000000000001100000001000110001001000010111110000000000000000000000000000000
11000011111111000111000010100011101101000000000000000000000000000000000000000000000000000000000000000000000000000000000000000000000001000000000101000001100110011001101000000000000000000000000000000011111110000010011011101001011110000000000000000000000000000000010000000101000011010000010100100000000000000000000000000000000000111111110010111110110011011110100000000000000000000000000000001100000001001011001101111001110111000000000000000000000000000000
11000011111111000111000010100011101101000000000000000000000000000000000000000000000000000000000000000000000000000000000000000000000001000000000101000001100110011001101000000000000000000000000000000011111110000010011011101001011110000000000000000000000000000000010000000101000010111111000010100100000000000000000000000000000000111111110010111110110011011110100000000000000000000000000000001100000001001111110111100000010000100000000000000000000000000000
11000011111111000111000010100011101101000000000000000000000000000000000000000000000000000000000000000000000000000000000000000000000001000000000101000001100110011001101000000000000000000000000000000011111110000010011011101001011110000000000000000000000000000000010000000101000011010000010100100000000000000000000000000000000000111111110010111110110011011110100000000000000000000000000000001100000001010010011110111011011111100000000000000000000000000000
11000011111111000111000010100011101101000000000000000000000000000000000000000000000000000000000000000000000000000000000000000000000001000000000101000001100110011001101000000000000000000000000000000011111110000010011011101001011110000000000000000000000000000000010000000101000010111111000010100100000000000000000000000000000000111111110010111110110011011110100000000000000000000000000000001100000001010100110000100001111001000000000000000000000000000000
11000011111111000111000010100011101101000000000000000000000000000000000000000000000000000000000000000000000000000000000000000000000001000000000101000001100110011001101000000000000000000000000000000011111110000010011011101001011110000000000000000000000000000000010000000101000011010000010100100000000000000000000000000000000000111111110010111110110011011110100000000000000000000000000000001100000001010111010100011100101011000000000000000000000000000000
11000011111111000111000010100011101101000000000000000000000000000000000000000000000000000000000000000000000000000000000000000000000001000000000101000001100110011001101000000000000000000000000000000011111110000010011011101001011110000000000000000000000000000000010000000101000010111111000010100100000000000000000000000000000000111111110010111110110011011110100000000000000000000000000000001100000001011001100101100000010000100000000000000000000000000000
11000011111111000111000010100011101101000000000000000000000000000000000000000000000000000000000000000000000000000000000000000000000001000000000101000001100110011001101000000000000000000000000000000011111110000010011011101001011110000000000000000000000000000000010000000101000011010000010100100000000000000000000000000000000000111111110010111110110011011110100000000000000000000000000000001100000001011100001010001011010001000000000000000000000000000000
11000011111111000111000010100011100001100000000000000000000000000000000000000000000000000000000000000000000000000000000000000000000001000000000101000001100110011001101000000000000000000000000000000011111110000010011011101001011110000000000000000000000000000000010000000101000110001001010001111100000000000000000000000000000000111111110101100101011100011001010000000000000000000000000000001100000000010010110101010101010010000000000000000000000000000000
11000011111111000111000010100011100001100000000000000000000000000000000000000000000000000000000000000000000000000000000000000000000001000000000101000001100110011001101000000000000000000000000000000011111110000010011011101001011110000000000000000000000000000000010000000101000110011010100011110110000000000000000000000000000000111111110101100101011100011001010000000000000000000000000000001100000000101101100001111010000100000000000000000000000000000000
11000011111111000111000010100011100001100000000000000000000000000000000000000000000000000000000000000000000000000000000000000000000001000000000101000001100110011001101000000000000000000000000000000011111110000010011011101001011110000000000000000000000000000000010000000101000110001001010001111100000000000000000000000000000000111111110101100101011100011001010000000000000000000000000000001100000000111000100100001000100110100000000000000000000000000000
11000011111111000111000010100011100001100000000000000000000000000000000000000000000000000000000000000000000000000000000000000000000001000000000101000001100110011001101000000000000000000000000000000011111110000010011011101001011110000000000000000000000000000000010000000101000110011010100011110110000000000000000000000000000000111111110101100101011100011001010000000000000000000000000000001100000001000001010101011010000111000000000000000000000000000000
11000011111111000111000010100011100001100000000000000000000000000000000000000000000000000000000000000000000000000000000000000000000001000000000101000001100110011001101000000000000000000000000000000011111110000010011011101001011110000000000000000000000000000000010000000101000110001001010001111100000000000000000000000000000000111111110101100101011100011001010000000000000000000000000000001100000001000110001001000010111110000000000000000000000000000000
11000011111111000111000010100011100001100000000000000000000000000000000000000000000000000000000000000000000000000000000000000000000001000000000101000001100110011001101000000000000000000000000000000011111110000010011011101001011110000000000000000000000000000000010000000101000110011010100011110110000000000000000000000000000000111111110101100101011100011001010000000000000000000000000000001100000001001011001101111001110111000000000000000000000000000000
11000011111111000111000010100011100001100000000000000000000000000000000000000000000000000000000000000000000000000000000000000000000001000000000101000001100110011001101000000000000000000000000000000011111110000010011011101001011110000000000000000000000000000000010000000101000110001001010001111100000000000000000000000000000000111111110101100101011100011001010000000000000000000000000000001100000001001111110111100000010000100000000000000000000000000000
11000011111111000111000010100011100001100000000000000000000000000000000000000000000000000000000000000000000000000000000000000000000001000000000101000001100110011001101000000000000000000000000000000011111110000010011011101001011110000000000000000000000000000000010000000101000110011010100011110110000000000000000000000000000000111111110101100101011100011001010000000000000000000000000000001100000001010010011110111011011111100000000000000000000000000000
11000011111111000111000010100011100001100000000000000000000000000000000000000000000000000000000000000000000000000000000000000000000001000000000101000001100110011001101000000000000000000000000000000011111110000010011011101001011110000000000000000000000000000000010000000101000110001001010001111100000000000000000000000000000000111111110101100101011100011001010000000000000000000000000000001100000001010100110000100001111001000000000000000000000000000000
11000011111111000111000010100011100001100000000000000000000000000000000000000000000000000000000000000000000000000000000000000000000001000000000101000001100110011001101000000000000000000000000000000011111110000010011011101001011110000000000000000000000000000000010000000101000110011010100011110110000000000000000000000000000000111111110101100101011100011001010000000000000000000000000000001100000001010111010100011100101011000000000000000000000000000000
11000011111111000111000010100011100001100000000000000000000000000000000000000000000000000000000000000000000000000000000000000000000001000000000101000001100110011001101000000000000000000000000000000011111110000010011011101001011110000000000000000000000000000000010000000101000110001001010001111100000000000000000000000000000000111111110101100101011100011001010000000000000000000000000000001100000001011001100101100000010000100000000000000000000000000000
11000011111111000111000010100011100001100000000000000000000000000000000000000000000000000000000000000000000000000000000000000000000001000000000101000001100110011001101000000000000000000000000000000011111110000010011011101001011110000000000000000000000000000000010000000101000110011010100011110110000000000000000000000000000000111111110101100101011100011001010000000000000000000000000000001100000001011100001010001011010001000000000000000000000000000000
