10110000111111110001110000101000111011010000000000000000000000000000000000000000000000000000000000000000000000000000000000000000000000010000000101000011010000010100100000000000000000000000000000000010111111110100111000110000110100000000000000000000000000000000000100000000010101000111010101001111000000000000000000000000000000
10110000111111110001110000101000111011010000000000000000000000000000000000000000000000000000000000000000000000000000000000000000000000010000000101000010111111000010100100000000000000000000000000000010111111110100111000110000110100000000000000000000000000000000000100000000101110010101011000000100000000000000000000000000000000
10110000111111110001110000101000111011010000000000000000000000000000000000000000000000000000000000000000000000000000000000000000000000010000000101000011010000010100100000000000000000000000000000000010111111110100111000110000110100000000000000000000000000000000000100000000111001001111111010101011000000000000000000000000000000
10110000111111110001110000101000111011010000000000000000000000000000000000000000000000000000000000000000000000000000000000000000000000010000000101000010111111000010100100000000000000000000000000000010111111110100111000110000110100000000000000000000000000000000000100000001000001011110011010101000000000000000000000000000000000
10110000111111110001110000101000111011010000000000000000000000000000000000000000000000000000000000000000000000000000000000000000000000010000000101000011010000010100100000000000000000000000000000000010111111110100111000110000110100000000000000000000000000000000000100000001000110100010100011011011100000000000000000000000000000
10110000111111110001110000101000111011010000000000000000000000000000000000000000000000000000000000000000000000000000000000000000000000010000000101000010111111000010100100000000000000000000000000000010111111110100111000110000110100000000000000000000000000000000000100000001001011010011000101001110000000000000000000000000000000
10110000111111110001110000101000111011010000000000000000000000000000000000000000000000000000000000000000000000000000000000000000000000010000000101000011010000010100100000000000000000000000000000000010111111110100111000110000110100000000000000000000000000000000000100000001010000001100010111011101000000000000000000000000000000
10110000111111110001110000101000111011010000000000000000000000000000000000000000000000000000000000000000000000000000000000000000000000010000000101000010111111000010100100000000000000000000000000000010111111110100111000110000110100000000000000000000000000000000000100000001010010100001001010101001100000000000000000000000000000
10110000111111110001110000101000111011010000000000000000000000000000000000000000000000000000000000000000000000000000000000000000000000010000000101000011010000010100100000000000000000000000000000000010111111110100111000110000110100000000000000000000000000000000000100000001010101000100101111011010100000000000000000000000000000
10110000111111110001110000101000111011010000000000000000000000000000000000000000000000000000000000000000000000000000000000000000000000010000000101000010111111000010100100000000000000000000000000000010111111110100111000110000110100000000000000000000000000000000000100000001010111010110010101110100000000000000000000000000000000
10110000111111110001110000101000111011010000000000000000000000000000000000000000000000000000000000000000000000000000000000000000000000010000000101000011010000010100100000000000000000000000000000000010111111110100111000110000110100000000000000000000000000000000000100000001011001111010101001111111000000000000000000000000000000
10110000111111110001110000101000111011010000000000000000000000000000000000000000000000000000000000000000000000000000000000000000000000010000000101000010111111000010100100000000000000000000000000000010111111110100111000110000110100000000000000000000000000000000000100000001011100001010001010001111100000000000000000000000000000
10110000111111110001110000101000111000011000000000000000000000000000000000000000000000000000000000000000000000000000000000000000000000010000000101000110011010100011110110000000000000000000000000000010111111110001100101011100010100000000000000000000000000000000000100000000010101000111010101001111000000000000000000000000000000
10110000111111110001110000101000111000011000000000000000000000000000000000000000000000000000000000000000000000000000000000000000000000010000000101000110001001010001111100000000000000000000000000000010111111110001100101011100010100000000000000000000000000000000000100000000101110010101011000000100000000000000000000000000000000
10110000111111110001110000101000111000011000000000000000000000000000000000000000000000000000000000000000000000000000000000000000000000010000000101000110011010100011110110000000000000000000000000000010111111110001100101011100010100000000000000000000000000000000000100000000111001001111111010101011000000000000000000000000000000
10110000111111110001110000101000111000011000000000000000000000000000000000000000000000000000000000000000000000000000000000000000000000010000000101000110001001010001111100000000000000000000000000000010111111110001100101011100010100000000000000000000000000000000000100000001000001011110011010101000000000000000000000000000000000
10110000111111110001110000101000111000011000000000000000000000000000000000000000000000000000000000000000000000000000000000000000000000010000000101000110011010100011110110000000000000000000000000000010111111110001100101011100010100000000000000000000000000000000000100000001000110100010100011011011100000000000000000000000000000
10110000111111110001110000101000111000011000000000000000000000000000000000000000000000000000000000000000000000000000000000000000000000010000000101000110001001010001111100000000000000000000000000000010111111110001100101011100010100000000000000000000000000000000000100000001001011010011000101001110000000000000000000000000000000
10110000111111110001110000101000111000011000000000000000000000000000000000000000000000000000000000000000000000000000000000000000000000010000000101000110011010100011110110000000000000000000000000000010111111110001100101011100010100000000000000000000000000000000000100000001010000001100010111011101000000000000000000000000000000
10110000111111110001110000101000111000011000000000000000000000000000000000000000000000000000000000000000000000000000000000000000000000010000000101000110001001010001111100000000000000000000000000000010111111110001100101011100010100000000000000000000000000000000000100000001010010100001001010101001100000000000000000000000000000
10110000111111110001110000101000111000011000000000000000000000000000000000000000000000000000000000000000000000000000000000000000000000010000000101000110011010100011110110000000000000000000000000000010111111110001100101011100010100000000000000000000000000000000000100000001010101000100101111011010100000000000000000000000000000
10110000111111110001110000101000111000011000000000000000000000000000000000000000000000000000000000000000000000000000000000000000000000010000000101000110001001010001111100000000000000000000000000000010111111110001100101011100010100000000000000000000000000000000000100000001010111010110010101110100000000000000000000000000000000
10110000111111110001110000101000111000011000000000000000000000000000000000000000000000000000000000000000000000000000000000000000000000010000000101000110011010100011110110000000000000000000000000000010111111110001100101011100010100000000000000000000000000000000000100000001011001111010101001111111000000000000000000000000000000
10110000111111110001110000101000111000011000000000000000000000000000000000000000000000000000000000000000000000000000000000000000000000010000000101000110001001010001111100000000000000000000000000000010111111110001100101011100010100000000000000000000000000000000000100000001011100001010001010001111100000000000000000000000000000
10110000111111110001110000101000111101001000000000000000000000000000000000000000000000000000000000000000000000000000000000000000000000010000000101000011010000010100011110000000000000000000000000000010111111101001100101011100010000000000000000000000000000000000000100000000010101000111010101001111000000000000000000000000000000
10110000111111110001110000101000111101001000000000000000000000000000000000000000000000000000000000000000000000000000000000000000000000010000000101000010111111000010100100000000000000000000000000000010111111101001100101011100010000000000000000000000000000000000000100000000101110010101011000000100000000000000000000000000000000
10110000111111110001110000101000111101001000000000000000000000000000000000000000000000000000000000000000000000000000000000000000000000010000000101000011010000010100011110000000000000000000000000000010111111101001100101011100010000000000000000000000000000000000000100000000111001001111111010101011000000000000000000000000000000
10110000111111110001110000101000111101001000000000000000000000000000000000000000000000000000000000000000000000000000000000000000000000010000000101000010111111000010100100000000000000000000000000000010111111101001100101011100010000000000000000000000000000000000000100000001000001011110011010101000000000000000000000000000000000
10110000111111110001110000101000111101001000000000000000000000000000000000000000000000000000000000000000000000000000000000000000000000010000000101000011010000010100011110000000000000000000000000000010111111101001100101011100010000000000000000000000000000000000000100000001000110100010100011011011100000000000000000000000000000
10110000111111110001110000101000111101001000000000000000000000000000000000000000000000000000000000000000000000000000000000000000000000010000000101000010111111000010100100000000000000000000000000000010111111101001100101011100010000000000000000000000000000000000000100000001001011010011000101001110000000000000000000000000000000
10110000111111110001110000101000111101001000000000000000000000000000000000000000000000000000000000000000000000000000000000000000000000010000000101000011010000010100011110000000000000000000000000000010111111101001100101011100010000000000000000000000000000000000000100000001010000001100010111011101000000000000000000000000000000
10110000111111110001110000101000111101001000000000000000000000000000000000000000000000000000000000000000000000000000000000000000000000010000000101000010111111000010100100000000000000000000000000000010111111101001100101011100010000000000000000000000000000000000000100000001010010100001001010101001100000000000000000000000000000
10110000111111110001110000101000111101001000000000000000000000000000000000000000000000000000000000000000000000000000000000000000000000010000000101000011010000010100011110000000000000000000000000000010111111101001100101011100010000000000000000000000000000000000000100000001010101000100101111011010100000000000000000000000000000
10110000111111110001110000101000111101001000000000000000000000000000000000000000000000000000000000000000000000000000000000000000000000010000000101000010111111000010100100000000000000000000000000000010111111101001100101011100010000000000000000000000000000000000000100000001010111010110010101110100000000000000000000000000000000
10110000111111110001110000101000111101001000000000000000000000000000000000000000000000000000000000000000000000000000000000000000000000010000000101000011010000010100011110000000000000000000000000000010111111101001100101011100010000000000000000000000000000000000000100000001011001111010101001111111000000000000000000000000000000
10110000111111110001110000101000111101001000000000000000000000000000000000000000000000000000000000000000000000000000000000000000000000010000000101000010111111000010100100000000000000000000000000000010111111101001100101011100010000000000000000000000000000000000000100000001011100001010001010001111100000000000000000000000000000
10110000111111110001110000101000111001100000000000000000000000000000000000000000000000000000000000000000000000000000000000000000000000010000000101000110011010100011110110000000000000000000000000000000111111101101100101011100011101001000000000000000000000000000000100000000010101000111010101001111000000000000000000000000000000
10110000111111110001110000101000111001100000000000000000000000000000000000000000000000000000000000000000000000000000000000000000000000010000000101000110001001010001111100000000000000000000000000000000111111101101100101011100011101001000000000000000000000000000000100000000101110010101011000000100000000000000000000000000000000
10110000111111110001110000101000111001100000000000000000000000000000000000000000000000000000000000000000000000000000000000000000000000010000000101000110011010100011110110000000000000000000000000000000111111101101100101011100011101001000000000000000000000000000000100000000111001001111111010101011000000000000000000000000000000
10110000111111110001110000101000111001100000000000000000000000000000000000000000000000000000000000000000000000000000000000000000000000010000000101000110001001010001111100000000000000000000000000000000111111101101100101011100011101001000000000000000000000000000000100000001000001011110011010101000000000000000000000000000000000
10110000111111110001110000101000111001100000000000000000000000000000000000000000000000000000000000000000000000000000000000000000000000010000000101000110011010100011110110000000000000000000000000000000111111101101100101011100011101001000000000000000000000000000000100000001000110100010100011011011100000000000000000000000000000
10110000111111110001110000101000111001100000000000000000000000000000000000000000000000000000000000000000000000000000000000000000000000010000000101000110001001010001111100000000000000000000000000000000111111101101100101011100011101001000000000000000000000000000000100000001001011010011000101001110000000000000000000000000000000
10110000111111110001110000101000111001100000000000000000000000000000000000000000000000000000000000000000000000000000000000000000000000010000000101000110011010100011110110000000000000000000000000000000111111101101100101011100011101001000000000000000000000000000000100000001010000001100010111011101000000000000000000000000000000
10110000111111110001110000101000111001100000000000000000000000000000000000000000000000000000000000000000000000000000000000000000000000010000000101000110001001010001111100000000000000000000000000000000111111101101100101011100011101001000000000000000000000000000000100000001010010100001001010101001100000000000000000000000000000
10110000111111110001110000101000111001100000000000000000000000000000000000000000000000000000000000000000000000000000000000000000000000010000000101000110011010100011110110000000000000000000000000000000111111101101100101011100011101001000000000000000000000000000000100000001010101000100101111011010100000000000000000000000000000
10110000111111110001110000101000111001100000000000000000000000000000000000000000000000000000000000000000000000000000000000000000000000010000000101000110001001010001111100000000000000000000000000000000111111101101100101011100011101001000000000000000000000000000000100000001010111010110010101110100000000000000000000000000000000
10110000111111110001110000101000111001100000000000000000000000000000000000000000000000000000000000000000000000000000000000000000000000010000000101000110011010100011110110000000000000000000000000000000111111101101100101011100011101001000000000000000000000000000000100000001011001111010101001111111000000000000000000000000000000
10110000111111110001110000101000111001100000000000000000000000000000000000000000000000000000000000000000000000000000000000000000000000010000000101000110001001010001111100000000000000000000000000000000111111101101100101011100011101001000000000000000000000000000000100000001011100001010001010001111100000000000000000000000000000
10110000111111110001110000101000110101111000000000000000000000000000000000000000000000000000000000000000000000000000000000000000000000010000000101000011010000010100100000000000000000000000000000000000111111110010111110110011011110100000000000000000000000000000000100000000010101000111010101001111000000000000000000000000000000
10110000111111110001110000101000110101111000000000000000000000000000000000000000000000000000000000000000000000000000000000000000000000010000000101000010111111000010100100000000000000000000000000000000111111110010111110110011011110100000000000000000000000000000000100000000101110010101011000000100000000000000000000000000000000
10110000111111110001110000101000110101111000000000000000000000000000000000000000000000000000000000000000000000000000000000000000000000010000000101000011010000010100100000000000000000000000000000000000111111110010111110110011011110100000000000000000000000000000000100000000111001001111111010101011000000000000000000000000000000
10110000111111110001110000101000110101111000000000000000000000000000000000000000000000000000000000000000000000000000000000000000000000010000000101000010111111000010100100000000000000000000000000000000111111110010111110110011011110100000000000000000000000000000000100000001000001011110011010101000000000000000000000000000000000
10110000111111110001110000101000110101111000000000000000000000000000000000000000000000000000000000000000000000000000000000000000000000010000000101000011010000010100100000000000000000000000000000000000111111110010111110110011011110100000000000000000000000000000000100000001000110100010100011011011100000000000000000000000000000
10110000111111110001110000101000110101111000000000000000000000000000000000000000000000000000000000000000000000000000000000000000000000010000000101000010111111000010100100000000000000000000000000000000111111110010111110110011011110100000000000000000000000000000000100000001001011010011000101001110000000000000000000000000000000
10110000111111110001110000101000110101111000000000000000000000000000000000000000000000000000000000000000000000000000000000000000000000010000000101000011010000010100100000000000000000000000000000000000111111110010111110110011011110100000000000000000000000000000000100000001010000001100010111011101000000000000000000000000000000
10110000111111110001110000101000110101111000000000000000000000000000000000000000000000000000000000000000000000000000000000000000000000010000000101000010111111000010100100000000000000000000000000000000111111110010111110110011011110100000000000000000000000000000000100000001010010100001001010101001100000000000000000000000000000
10110000111111110001110000101000110101111000000000000000000000000000000000000000000000000000000000000000000000000000000000000000000000010000000101000011010000010100100000000000000000000000000000000000111111110010111110110011011110100000000000000000000000000000000100000001010101000100101111011010100000000000000000000000000000
10110000111111110001110000101000110101111000000000000000000000000000000000000000000000000000000000000000000000000000000000000000000000010000000101000010111111000010100100000000000000000000000000000000111111110010111110110011011110100000000000000000000000000000000100000001010111010110010101110100000000000000000000000000000000
10110000111111110001110000101000110101111000000000000000000000000000000000000000000000000000000000000000000000000000000000000000000000010000000101000011010000010100100000000000000000000000000000000000111111110010111110110011011110100000000000000000000000000000000100000001011001111010101001111111000000000000000000000000000000
10110000111111110001110000101000110101111000000000000000000000000000000000000000000000000000000000000000000000000000000000000000000000010000000101000010111111000010100100000000000000000000000000000000111111110010111110110011011110100000000000000000000000000000000100000001011100001010001010001111100000000000000000000000000000
10110000111111110001110000101001000000000000000000000000000000000000000000000000000000000000000000000000000000000000000000000000000000010000000101000110011010100011110110000000000000000000000000000000111111110101100101011100011001010000000000000000000000000000000100000000010101000111010101001111000000000000000000000000000000
10110000111111110001110000101001000000000000000000000000000000000000000000000000000000000000000000000000000000000000000000000000000000010000000101000110001001010001111010000000000000000000000000000000111111110101100101011100011001010000000000000000000000000000000100000000101110010101011000000100000000000000000000000000000000
10110000111111110001110000101001000000000000000000000000000000000000000000000000000000000000000000000000000000000000000000000000000000010000000101000110011010100011110110000000000000000000000000000000111111110101100101011100011001010000000000000000000000000000000100000000111001001111111010101011000000000000000000000000000000
10110000111111110001110000101001000000000000000000000000000000000000000000000000000000000000000000000000000000000000000000000000000000010000000101000110001001010001111010000000000000000000000000000000111111110101100101011100011001010000000000000000000000000000000100000001000001011110011010101000000000000000000000000000000000
10110000111111110001110000101001000000000000000000000000000000000000000000000000000000000000000000000000000000000000000000000000000000010000000101000110011010100011110110000000000000000000000000000000111111110101100101011100011001010000000000000000000000000000000100000001000110100010100011011011100000000000000000000000000000
10110000111111110001110000101001000000000000000000000000000000000000000000000000000000000000000000000000000000000000000000000000000000010000000101000110001001010001111010000000000000000000000000000000111111110101100101011100011001010000000000000000000000000000000100000001001011010011000101001110000000000000000000000000000000
10110000111111110001110000101001000000000000000000000000000000000000000000000000000000000000000000000000000000000000000000000000000000010000000101000110011010100011110110000000000000000000000000000000111111110101100101011100011001010000000000000000000000000000000100000001010000001100010111011101000000000000000000000000000000
10110000111111110001110000101001000000000000000000000000000000000000000000000000000000000000000000000000000000000000000000000000000000010000000101000110001001010001111010000000000000000000000000000000111111110101100101011100011001010000000000000000000000000000000100000001010010100001001010101001100000000000000000000000000000
10110000111111110001110000101001000000000000000000000000000000000000000000000000000000000000000000000000000000000000000000000000000000010000000101000110011010100011110110000000000000000000000000000000111111110101100101011100011001010000000000000000000000000000000100000001010101000100101111011010100000000000000000000000000000
10110000111111110001110000101001000000000000000000000000000000000000000000000000000000000000000000000000000000000000000000000000000000010000000101000110001001010001111010000000000000000000000000000000111111110101100101011100011001010000000000000000000000000000000100000001010111010110010101110100000000000000000000000000000000
10110000111111110001110000101001000000000000000000000000000000000000000000000000000000000000000000000000000000000000000000000000000000010000000101000110011010100011110110000000000000000000000000000000111111110101100101011100011001010000000000000000000000000000000100000001011001111010101001111111000000000000000000000000000000
10110000111111110001110000101001000000000000000000000000000000000000000000000000000000000000000000000000000000000000000000000000000000010000000101000110001001010001111010000000000000000000000000000000111111110101100101011100011001010000000000000000000000000000000100000001011100001010001010001111100000000000000000000000000000
