11010000010100110001001010111011101
11010000010100110011100000011011101
11010000011000110101110110011011101
11010000011100111000001011011011101
11010000100000111010100000111011101
11010000101000111100110101111011101
11010000110000111111001010111011101
11010000111101000001011111011011101
11010000111100011110100000111011101
11010000110000100000110101011011101
11010000101000100011001010011011101
11010000100000100101011111011011101
11010000011100100111110100111011101
11010000011000101010001001111011101
11010000010100101100011111111011101
11010000010100101110110101011011101
11001111111000110001001011011011101
11001111111100110011100001011011101
11001111111100110101110111011011101
11010000000000111000001100111011101
11010000001000111010100010111011101
11010000010000111100111000011011101
11010000011000111111001101011011101
11010000100001000001100010011011101
11010000100000011110011101111011101
11010000011000100000110010111011101
11010000010000100011000111111011101
11010000001000100101011101011011101
11010000000000100111110011011011101
11001111111100101010001000111011101
11001111111100101100011110111011101
11001111111000101110110100111011101
11001111100000110001001011011011101
11001111100000110011100001111011101
11001111100100110101111000011011101
11001111101000111000001110111011101
11001111101100111010100100111011101
11001111110100111100111010111011101
11001111111100111111010000011011101
11010000001001000001100101111011101
11010000001000011110011010011011101
11001111111100100000101111111011101
11001111110100100011000101011011101
11001111101100100101011011011011101
11001111101000100111110001011011101
11001111100100101010000111111011101
11001111100000101100011110011011101
11001111100000101110110100111011101
11001111000100110001001011011011101
11001111000100110011100010011011101
11001111001000110101111001011011101
11001111001100111000010000011011101
11001111010100111010100110111011101
11001111011100111100111101011011101
11001111100100111111010011011011101
11001111101101000001101000111011101
11001111101100011110010111011011101
11001111100100100000101100111011101
11001111011100100011000010111011101
11001111010100100101011001011011101
11001111001100100111101111111011101
11001111001000101010000110111011101
11001111000100101100011101111011101
11001111000100101110110100111011101
11001110101000110001001011111011101
11001110101100110011100011011011101
11001110110000110101111010011011101
11001110110100111000010001111011101
11001110111000111010101000111011101
11001111000000111100111111011011101
11001111001000111111010101111011101
11001111010101000001101100011011101
11001111010100011110010011111011101
11001111001000100000101010011011101
11001111000000100011000000111011101
11001110111000100101010111011011101
11001110110100100111101110011011101
11001110110000101010000101111011101
11001110101100101100011100111011101
11001110101000101110110100011011101
11001110010000110001001011111011101
11001110010000110011100011111011101
11001110010100110101111011111011101
11001110011000111000010011011011101
11001110100000111010101010111011101
11001110100100111101000001111011101
11001110110000111111011000111011101
11001110111001000001101111111011101
11001110111000011110010000011011101
11001110110000100000100111011011101
11001110100100100010111110011011101
11001110100000100101010101011011101
11001110011000100111101100111011101
11001110010100101010000100011011101
11001110010000101100011100011011101
11001110010000101110110100011011101
11001101110100110001001100011011101
11001101111000110011100100011011101
11001101111000110101111100111011101
11001110000000111000010100111011101
11001110000100111010101100111011101
11001110001100111101000100011011101
11001110010100111111011011111011101
11001110100001000001110010111011101
11001110100000011110001101011011101
11001110010100100000100100011011101
11001110001100100010111011111011101
11001110000100100101010011011011101
11001110000000100111101011011011101
11001101111000101010000011011011101
11001101111000101100011011111011101
11001101110100101110110011111011101
11001101011100110001001100011011101
11001101011100110011100101011011101
11001101100000110101111101111011101
11001101100100111000010110011011101
11001101101100111010101110111011101
11001101110000111101000110111011101
11001101111100111111011110111011101
11001110000101000001110110011011101
11001110000100011110001001111011101
11001101111100100000100001011011101
11001101110000100010111001011011101
11001101101100100101010001011011101
11001101100100100111101001111011101
11001101100000101010000010011011101
11001101011100101100011010111011101
11001101011100101110110011111011101
11001101000000110001001100111011101
11001101000100110011100101111011101
11001101000100110101111110111011101
11001101001100111000010111111011101
11001101010000111010110000111011101
11001101011000111101001001011011101
11001101100000111111100001111011101
11001101101101000001111001111011101
11001101101100011110000110011011101
11001101100000100000011110011011101
11001101011000100010110110111011101
11001101010000100101001111011011101
11001101001100100111101000011011101
11001101000100101010000001011011101
11001101000100101100011010011011101
11001101000000101110110011011011101
11001100101000110001001100111011101
11001100101000110011100110111011101
11001100101100110110000000011011101
11001100110000111000011001111011101
11001100110100111010110010111011101
11001100111100111101001011111011101
11001101001000111111100100111011101
11001101010001000001111101011011101
11001101010000011110000010111011101
11001101001000100000011011011011101
11001100111100100010110100011011101
11001100110100100101001101011011101
11001100110000100111100110011011101
11001100101100101001111111111011101
11001100101000101100011001011011101
11001100101000101110110011011011101
11001100001100110001001101011011101
11001100010000110011100111011011101
11001100010000110110000001011011101
11001100010100111000011011011011101
11001100011100111010110100111011101
11001100100100111101001110011011101
11001100101100111111100111111011101
11001100111001000010000000111011101
11001100111000011101111111011011101
11001100101100100000011000011011101
11001100100100100010110001111011101
11001100011100100101001011011011101
11001100010100100111100100111011101
11001100010000101001111110111011101
11001100010000101100011000111011101
11001100001100101110110010111011101
11001011110100110001001101011011101
11001011110100110011100111111011101
11001011111000110110000010011011101
11001011111100111000011100111011101
11001100000000111010110111011011101
11001100001000111101010000111011101
11001100010000111111101010111011101
11001100011101000010000011111011101
11001100011100011101111100011011101
11001100010000100000010101011011101
11001100001000100010101111011011101
11001100000000100101001000111011101
11001011111100100111100011011011101
11001011111000101001111101111011101
11001011110100101100011000011011101
11001011110100101110110010111011101
11001011011000110001001101111011101
11001011011000110011101000111011101
11001011011100110110000011111011101
11001011100000111000011110011011101
11001011101000111010111001011011101
11001011110000111101010011111011101
11001011111000111111101101111011101
11001100000101000010000111011011101
11001100000100011101111000111011101
11001011111000100000010010011011101
11001011110000100010101100011011101
11001011101000100101000110111011101
11001011100000100111100001111011101
11001011011100101001111100011011101
11001011011000101100010111011011101
11001011011000101110110010011011101
11001010111100110001001101111011101
11001011000000110011101001011011101
11001011000100110110000100111011101
11001011001000111000100000011011101
11001011001100111010111011011011101
11001011010100111101010110011011101
11001011011100111111110000111011101
11001011101001000010001010111011101
11001011101000011101110101011011101
11001011011100100000001111011011101
11001011010100100010101001111011101
11001011001100100101000100111011101
11001011001000100111011111111011101
11001011000100101001111011011011101
11001011000000101100010110111011101
11001010111100101110110010011011101
11001010100100110001001110011011101
11001010100100110011101010011011101
11001010101000110110000101111011101
11001010101100111000100001111011101
11001010110100111010111101011011101
11001010111100111101011000111011101
11001011000100111111110011111011101
11001011010001000010001110011011101
11001011010000011101110001111011101
11001011000100100000001100011011101
11001010111100100010100111011011101
11001010110100100101000010111011101
11001010101100100111011110011011101
11001010101000101001111010011011101
11001010100100101100010101111011101
11001010100100101110110001111011101
11001010001000110001001110011011101
11001010001100110011101010111011101
11001010010000110110000111011011101
11001010010100111000100011011011101
11001010011000111010111111011011101
11001010100000111101011011011011101
11001010101000111111110110111011101
11001010110101000010010010011011101
11001010110100011101101101111011101
11001010101000100000001001011011101
11001010100000100010100100111011101
11001010011000100101000000111011101
11001010010100100111011100111011101
11001010010000101001111000111011101
11001010001100101100010101011011101
11001010001000101110110001111011101
11010110111000110001000111011011101
11010110111000110011010110011011101
11010110111100110101100101011011101
11010111000000110111110100011011101
11010111000100111010000010111011101
11010111001100111100010001011011101
11010111010100111110011111011011101
11010111011101000000101101011011101
11010111011100011111010010111011101
11010111010100100001100000111011101
11010111001100100011101110111011101
11010111000100100101111101011011101
11010111000000101000001011111011101
11010110111100101010011010111011101
11010110111000101100101001111011101
11010110111000101110111000111011101
11010110011100110001000111111011101
11010110011100110011010111011011101
11010110100000110101100110011011101
11010110100100110111110101011011101
11010110101100111010000100111011101
11010110110000111100010011011011101
11010110111000111110100001111011101
11010111000101000000110000011011101
11010111000100011111001111111011101
11010110111000100001011110011011101
11010110110000100011101100111011101
11010110101100100101111011011011101
11010110100100101000001010111011101
11010110100000101010011001111011101
11010110011100101100101000111011101
11010110011100101110111000011011101
11010110000000110001000111111011101
11010110000100110011010111111011101
11010110001000110101100111011011101
11010110001100110111110110111011101
11010110010000111010000110011011101
11010110011000111100010101111011101
11010110100000111110100100111011101
11010110101001000000110011011011101
11010110101000011111001100111011101
11010110100000100001011011011011101
11010110011000100011101010011011101
11010110010000100101111001111011101
11010110001100101000001001011011101
11010110001000101010011000111011101
11010110000100101100101000011011101
11010110000000101110111000011011101
11010101101000110001001000011011101
11010101101000110011011000011011101
11010101101100110101101000011011101
11010101110000110111111000011011101
11010101110100111010001000011011101
11010101111100111100010111111011101
11010110000100111110100111011011101
11010110010001000000110110011011101
11010110010000011111001001111011101
11010110000100100001011000111011101
11010101111100100011101000011011101
11010101110100100101110111111011101
11010101110000101000000111111011101
11010101101100101010010111111011101
11010101101000101100100111111011101
11010101101000101110110111111011101
11010101001100110001001000011011101
11010101010000110011011000111011101
11010101010000110101101001011011101
11010101010100110111111001111011101
11010101011100111010001001111011101
11010101100100111100011010011011101
11010101101100111110101001111011101
11010101110101000000111001011011101
11010101110100011111000110111011101
11010101101100100001010110011011101
11010101100100100011100101111011101
11010101011100100101110110011011101
11010101010100101000000110011011101
11010101010000101010010110111011101
11010101010000101100100111011011101
11010101001100101110110111111011101
11010100110100110001001000011011101
11010100110100110011011001011011101
11010100111000110101101010011011101
11010100111100110111111011011011101
11010101000000111010001011111011101
11010101001000111100011100011011101
11010101010000111110101100011011101
11010101011101000000111100011011101
11010101011100011111000011111011101
11010101010000100001010011111011101
11010101001000100011100011111011101
11010101000000100101110100011011101
11010100111100101000000100111011101
11010100111000101010010101111011101
11010100110100101100100110111011101
11010100110100101110110111111011101
11010100011000110001001000111011101
11010100011100110011011010011011101
11010100011100110101101011011011101
11010100100000110111111100111011101
11010100101000111010001101111011101
11010100110000111100011110011011101
11010100111000111110101111011011101
11010101000001000000111111011011101
11010101000000011111000000111011101
11010100111000100001010000111011101
11010100110000100011100001111011101
11010100101000100101110010011011101
11010100100000101000000011011011101
11010100011100101010010100111011101
11010100011100101100100101111011101
11010100011000101110110111011011101
11010100000000110001001000111011101
11010100000000110011011010111011101
11010100000100110101101100011011101
11010100001000110111111110011011101
11010100001100111010001111111011101
11010100010100111100100000111011101
11010100011100111110110001111011101
11010100101001000001000010111011101
11010100101000011110111101011011101
11010100011100100001001110011011101
11010100010100100011011111011011101
11010100001100100101110000011011101
11010100001000101000000001111011101
11010100000100101010010011111011101
11010100000000101100100101011011101
11010100000000101110110111011011101
11010011100100110001001001011011101
11010011101000110011011011011011101
11010011101000110101101101011011101
11010011101100110111111111111011101
11010011110100111010010001011011101
11010011111000111100100011011011101
11010100000100111110110100011011101
11010100001101000001000101111011101
11010100001100011110111010011011101
11010100000100100001001011111011101
11010011111000100011011100111011101
11010011110100100101101110111011101
11010011101100101000000000011011101
11010011101000101010010010111011101
11010011101000101100100100111011101
11010011100100101110110110111011101
11010011001100110001001001011011101
11010011001100110011011011111011101
11010011010000110101101110111011101
11010011010100111000000000111011101
11010011011000111010010011011011101
11010011100000111100100101011011101
11010011101000111110110111011011101
11010011110101000001001000111011101
11010011110100011110110111011011101
11010011101000100001001000111011101
11010011100000100011011010111011101
11010011011000100101101100111011101
11010011010100100111111111011011101
11010011010000101010010001011011101
11010011001100101100100100011011101
11010011001100101110110110111011101
11010010110000110001001001111011101
11010010110000110011011100111011101
11010010110100110101101111111011101
11010010111000111000000010011011101
11010011000000111010010101011011101
11010011000100111100100111111011101
11010011010000111110111001111011101
11010011011001000001001011111011101
11010011011000011110110100011011101
11010011010000100001000110011011101
11010011000100100011011000011011101
11010011000000100101101010111011101
11010010111000100111111101111011101
11010010110100101010010000011011101
11010010110000101100100011011011101
11010010110000101110110110011011101
11010010010100110001001001111011101
11010010011000110011011101011011101
11010010011100110101110000111011101
11010010100000111000000011111011101
11010010100100111010010111011011101
11010010101100111100101001111011101
11010010110100111110111100111011101
11010011000001000001001110111011101
11010011000000011110110001011011101
11010010110100100001000011011011101
11010010101100100011010110011011101
11010010100100100101101000111011101
11010010100000100111111100011011101
11010010011100101010001111011011101
11010010011000101100100010111011101
11010010010100101110110110011011101
11010001111100110001001001111011101
11010001111100110011011101111011101
11010010000000110101110001111011101
11010010000100111000000101011011101
11010010001100111010011000111011101
11010010010000111100101100011011101
11010010011000111110111111011011101
11010010100101000001010010011011101
11010010100100011110101101111011101
11010010011000100001000000111011101
11010010010000100011010011111011101
11010010001100100101100111011011101
11010010000100100111111010111011101
11010010000000101010001110011011101
11010001111100101100100010011011101
11010001111100101110110110011011101
11010001100000110001001010011011101
11010001100100110011011110111011101
11010001100100110101110010111011101
11010001101100111000000110111011101
11010001110000111010011010111011101
11010001111000111100101110111011101
11010010000000111111000010011011101
11010010001001000001010101011011101
11010010001000011110101010111011101
11010010000000100000111101111011101
11010001111000100011010001011011101
11010001110000100101100101011011101
11010001101100100111111001011011101
11010001100100101010001101011011101
11010001100100101100100001011011101
11010001100000101110110101111011101
11010001001000110001001010011011101
11010001001000110011011111011011101
11010001001100110101110011111011101
11010001010000111000001000011011101
11010001010100111010011100111011101
11010001011100111100110001011011101
11010001100100111111000100111011101
11010001110001000001011000111011101
11010001110000011110100111011011101
11010001100100100000111011011011101
11010001011100100011001110111011101
11010001010100100101100011011011101
11010001010000100111110111111011101
11010001001100101010001100011011101
11010001001000101100100000111011101
11010001001000101110110101111011101
11010000101100110001001010111011101
11010000110000110011011111111011101
11010000110000110101110100111011101
11010000110100111000001001111011101
11010000111100111010011110111011101
11010001000100111100110011011011101
11010001001100111111000111111011101
11010001010101000001011011111011101
11010001010100011110100100011011101
11010001001100100000111000011011101
11010001000100100011001100111011101
11010000111100100101100001011011101
11010000110100100111110110011011101
11010000110000101010001011011011101
11010000110000101100100000011011101
11010000101100101110110101011011101
