11010011100100110000100100111011101
11010011100100110001101101111011101
11010011100100110010110110111011101
11010011101000110011111111111011101
11010011101000110101001000111011101
11010011101000110110010001111011101
11010011101100110111011011011011101
11010011110000111000100011111011101
11010011110000111001101100111011101
11010011110100111010110101111011101
11010011111000111011111110111011101
11010011111100111101000111011011101
11010100000000111110010000011011101
11010100000100111111011000111011101
11010100001001000000100001011011101
11010100010001000001101001111011101
11010100010000011110010110011011101
11010100001000011111011110111011101
11010100000100100000100111011011101
11010100000000100001101111111011101
11010011111100100010111000111011101
11010011111000100100000001011011101
11010011110100100101001010011011101
11010011110000100110010011011011101
11010011110000100111011100011011101
11010011101100101000100100111011101
11010011101000101001101110011011101
11010011101000101010110111011011101
11010011101000101100000000011011101
11010011100100101101001001011011101
11010011100100101110010010011011101
11010011100100101111011011011011101
11010011001100110000100100111011101
11010011001100110001101101111011101
11010011001100110010110111011011101
11010011001100110100000000111011101
11010011001100110101001001111011101
11010011010000110110010011011011101
11010011010000110111011100011011101
11010011010100111000100101111011101
11010011011000111001101110111011101
11010011011100111010110111111011101
11010011011100111100000000111011101
11010011100000111101001001111011101
11010011101000111110010010111011101
11010011101100111111011011111011101
11010011110001000000100100011011101
11010011110101000001101101011011101
11010011110100011110010010111011101
11010011110000011111011011111011101
11010011101100100000100100011011101
11010011101000100001101101011011101
11010011100000100010110110011011101
11010011011100100011111111011011101
11010011011100100101001000011011101
11010011011000100110010001011011101
11010011010100100111011010011011101
11010011010000101000100011111011101
11010011010000101001101100111011101
11010011001100101010110110011011101
11010011001100101011111111011011101
11010011001100101101001000111011101
11010011001100101110010010011011101
11010011001100101111011011011011101
11010010110000110000100100111011101
11010010110000110001101110011011101
11010010110000110010110111111011101
11010010110100110100000001011011101
11010010110100110101001010111011101
11010010110100110110010100011011101
11010010111000110111011101111011101
11010010111100111000100111011011101
11010010111100111001110000011011101
11010011000000111010111001111011101
11010011000100111100000011011011101
11010011001000111101001100011011101
11010011001100111110010101011011101
11010011010000111111011110011011101
11010011010101000000100111011011101
11010011011101000001110000011011101
11010011011100011110001111111011101
11010011010100011111011000111011101
11010011010000100000100001111011101
11010011001100100001101010111011101
11010011001000100010110011111011101
11010011000100100011111100111011101
11010011000000100101000110011011101
11010010111100100110001111111011101
11010010111100100111011000111011101
11010010111000101000100010011011101
11010010110100101001101011111011101
11010010110100101010110101011011101
11010010110100101011111110111011101
11010010110000101101001000011011101
11010010110000101110010001111011101
11010010110000101111011011011011101
11010010010100110000100100111011101
11010010011000110001101110111011101
11010010011000110010111000011011101
11010010011000110100000010011011101
11010010011000110101001011111011101
11010010011100110110010101011011101
11010010011100110111011111011011101
11010010100000111000101000111011101
11010010100100111001110010011011101
11010010100100111010111011111011101
11010010101000111100000101011011101
11010010101100111101001110111011101
11010010110000111110010111111011101
11010010111000111111100001011011101
11010010111101000000101010011011101
11010011000001000001110011111011101
11010011000000011110001100011011101
11010010111100011111010101111011101
11010010111000100000011110111011101
11010010110000100001101000011011101
11010010101100100010110001011011101
11010010101000100011111010111011101
11010010100100100101000100011011101
11010010100100100110001101111011101
11010010100000100111010111011011101
11010010011100101000100000111011101
11010010011100101001101010111011101
11010010011000101010110100011011101
11010010011000101011111101111011101
11010010011000101101000111111011101
11010010011000101110010001011011101
11010010010100101111011011011011101
11010001111100110000100100111011101
11010001111100110001101110111011101
11010001111100110010111000111011101
11010001111100110100000010111011101
11010010000000110101001100111011101
11010010000000110110010110111011101
11010010000100110111100000011011101
11010010000100111000101010011011101
11010010001000111001110100011011101
11010010001100111010111101111011101
11010010010000111100000111011011101
11010010010100111101010001011011101
11010010011000111110011010111011101
11010010011100111111100100011011101
11010010100001000000101101111011101
11010010101001000001110110111011101
11010010101000011110001001011011101
11010010100000011111010010011011101
11010010011100100000011011111011101
11010010011000100001100101011011101
11010010010100100010101110111011101
11010010010000100011111000111011101
11010010001100100101000010011011101
11010010001000100110001011111011101
11010010000100100111010101111011101
11010010000100101000011111111011101
11010010000000101001101001011011101
11010010000000101010110011011011101
11010001111100101011111101011011101
11010001111100101101000111011011101
11010001111100101110010001011011101
11010001111100101111011011011011101
11010001100000110000100101011011101
11010001100000110001101111011011101
11010001100100110010111001011011101
11010001100100110100000011111011101
11010001100100110101001101111011101
11010001101000110110010111111011101
11010001101000110111100001111011101
11010001101100111000101011111011101
11010001110000111001110101111011101
11010001110000111010111111111011101
11010001110100111100001001111011101
11010001111000111101010011111011101
11010001111100111110011101011011101
11010010000100111111100110111011101
11010010001001000000110000111011101
11010010001101000001111010011011101
11010010001100011110000101111011101
11010010001000011111001111011011101
11010010000100100000011001011011101
11010001111100100001100010111011101
11010001111000100010101100011011101
11010001110100100011110110011011101
11010001110000100101000000011011101
11010001110000100110001010011011101
11010001101100100111010100011011101
11010001101000101000011110011011101
11010001101000101001101000011011101
11010001100100101010110010011011101
11010001100100101011111100011011101
11010001100100101101000110111011101
11010001100000101110010000111011101
11010001100000101111011010111011101
11010001001000110000100101011011101
11010001001000110001101111111011101
11010001001000110010111001111011101
11010001001000110100000100011011101
11010001001100110101001110111011101
11010001001100110110011000111011101
11010001010000110111100011011011101
11010001010000111000101101111011101
11010001010100111001110111111011101
11010001011000111011000001111011101
11010001011100111100001011111011101
11010001100000111101010110011011101
11010001100100111110011111111011101
11010001101000111111101001111011101
11010001101101000000110011111011101
11010001110101000001111101011011101
11010001110100011110000010111011101
11010001101100011111001100011011101
11010001101000100000010110011011101
11010001100100100001100000011011101
11010001100000100010101001111011101
11010001011100100011110100011011101
11010001011000100100111110011011101
11010001010100100110001000011011101
11010001010000100111010010011011101
11010001010000101000011100111011101
11010001001100101001100111011011101
11010001001100101010110001011011101
11010001001000101011111011111011101
11010001001000101101000110011011101
11010001001000101110010000011011101
11010001001000101111011010111011101
11010000101100110000100101011011101
11010000101100110001101111111011101
11010000110000110010111010111011101
11010000110000110100000101011011101
11010000110000110101001111111011101
11010000110100110110011010011011101
11010000110100110111100100111011101
11010000111000111000101111011011101
11010000111100111001111001111011101
11010000111100111011000011111011101
11010001000000111100001110011011101
11010001000100111101011000011011101
11010001001000111110100010111011101
11010001001100111111101100111011101
11010001010101000000110110111011101
11010001011001000010000000111011101
11010001011000011101111111011011101
11010001010100011111001001011011101
11010001001100100000010011011011101
11010001001000100001011101011011101
11010001000100100010100111111011101
11010001000000100011110001111011101
11010000111100100100111100011011101
11010000111100100110000110011011101
11010000111000100111010000111011101
11010000110100101000011011011011101
11010000110100101001100101111011101
11010000110000101010110000011011101
11010000110000101011111010111011101
11010000110000101101000101011011101
11010000101100101110010000011011101
11010000101100101111011010111011101
11010110111000110000100011111011101
11010110111000110001101011011011101
11010110111000110010110010111011101
11010110111000110011111010011011101
11010110111000110101000001111011101
11010110111100110110001001011011101
11010110111100110111010000011011101
11010111000000111000010111111011101
11010111000100111001011111011011101
11010111000100111010100110011011101
11010111001000111011101101111011101
11010111001100111100110100111011101
11010111010000111101111011111011101
11010111010100111111000010111011101
11010111011101000000001001111011101
11010111100001000001010000111011101
11010111100000011110101111011011101
11010111011100011111110110011011101
11010111010100100000111101011011101
11010111010000100010000100011011101
11010111001100100011001011011011101
11010111001000100100010010011011101
11010111000100100101011001111011101
11010111000100100110100000111011101
11010111000000100111101000011011101
11010110111100101000101111111011101
11010110111100101001110110111011101
11010110111000101010111110011011101
11010110111000101100000101111011101
11010110111000101101001101011011101
11010110111000101110010100111011101
11010110111000101111011100011011101
11010110011100110000100011111011101
11010110011100110001101011111011101
11010110011100110010110011011011101
11010110100000110011111010111011101
11010110100000110101000010111011101
11010110100000110110001010011011101
11010110100100110111010001111011101
11010110100100111000011001011011101
11010110101000111001100000111011101
11010110101100111010101000011011101
11010110110000111011101111111011101
11010110110100111100110111011011101
11010110111000111101111110011011101
11010110111100111111000101111011101
11010111000001000000001100111011101
11010111000101000001010011111011101
11010111000100011110101100011011101
11010111000000011111110011011011101
11010110111100100000111010011011101
11010110111000100010000001111011101
11010110110100100011001000111011101
11010110110000100100010000011011101
11010110101100100101010111111011101
11010110101000100110011111011011101
11010110100100100111100110111011101
11010110100100101000101110011011101
11010110100000101001110101111011101
11010110100000101010111101011011101
11010110100000101100000101011011101
11010110011100101101001100111011101
11010110011100101110010100011011101
11010110011100101111011100011011101
11010110000000110000100011111011101
11010110000100110001101011111011101
11010110000100110010110011111011101
11010110000100110011111011111011101
11010110000100110101000011011011101
11010110001000110110001011011011101
11010110001000110111010011011011101
11010110001100111000011010111011101
11010110010000111001100010011011101
11010110010000111010101010011011101
11010110010100111011110001111011101
11010110011000111100111001011011101
11010110011100111110000000111011101
11010110100000111111001000011011101
11010110101001000000001111111011101
11010110101101000001010110111011101
11010110101100011110101001011011101
11010110101000011111110000011011101
11010110100000100000110111111011101
11010110011100100001111111011011101
11010110011000100011000110111011101
11010110010100100100001110011011101
11010110010000100101010101111011101
11010110010000100110011101111011101
11010110001100100111100101011011101
11010110001000101000101100111011101
11010110001000101001110100111011101
11010110000100101010111100111011101
11010110000100101100000100011011101
11010110000100101101001100011011101
11010110000100101110010100011011101
11010110000000101111011100011011101
11010101101000110000100100011011101
11010101101000110001101100011011101
11010101101000110010110100011011101
11010101101000110011111100011011101
11010101101100110101000100011011101
11010101101100110110001100011011101
11010101110000110111010100011011101
11010101110000111000011100011011101
11010101110100111001100100011011101
11010101111000111010101100011011101
11010101111100111011110011111011101
11010110000000111100111011111011101
11010110000100111110000011011011101
11010110001000111111001010111011101
11010110001101000000010010111011101
11010110010001000001011010011011101
11010110010000011110100101111011101
11010110001100011111101101011011101
11010110001000100000110101011011101
11010110000100100001111100111011101
11010110000000100011000100011011101
11010101111100100100001100011011101
11010101111000100101010011111011101
11010101110100100110011011111011101
11010101110000100111100011111011101
11010101110000101000101011111011101
11010101101100101001110011111011101
11010101101100101010111011111011101
11010101101000101100000011111011101
11010101101000101101001011111011101
11010101101000101110010011111011101
11010101101000101111011011111011101
11010101001100110000100100011011101
11010101001100110001101100011011101
11010101010000110010110100111011101
11010101010000110011111100111011101
11010101010000110101000101011011101
11010101010100110110001101011011101
11010101010100110111010101111011101
11010101011000111000011101111011101
11010101011100111001100101111011101
11010101011100111010101101111011101
11010101100000111011110110011011101
11010101100100111100111101111011101
11010101101000111110000101111011101
11010101101100111111001101111011101
11010101110101000000010101011011101
11010101111001000001011101011011101
11010101111000011110100010111011101
11010101110100011111101010111011101
11010101101100100000110010011011101
11010101101000100001111010011011101
11010101100100100011000010011011101
11010101100000100100001001111011101
11010101011100100101010010011011101
11010101011100100110011010011011101
11010101011000100111100010011011101
11010101010100101000101010011011101
11010101010100101001110010111011101
11010101010000101010111010111011101
11010101010000101100000011011011101
11010101010000101101001011011011101
11010101001100101110010011111011101
11010101001100101111011011111011101
11010100110100110000100100011011101
11010100110100110001101100111011101
11010100110100110010110101011011101
11010100110100110011111101111011101
11010100111000110101000110011011101
11010100111000110110001110111011101
11010100111100110111010110111011101
11010100111100111000011111011011101
11010101000000111001100111111011101
11010101000100111010101111111011101
11010101001000111011111000011011101
11010101001100111101000000011011101
11010101010000111110001000011011101
11010101010100111111010000011011101
11010101011001000000011000011011101
11010101011101000001100000011011101
11010101011100011110011111111011101
11010101011000011111100111111011101
11010101010100100000101111111011101
11010101010000100001110111111011101
11010101001100100010111111111011101
11010101001000100100000111111011101
11010101000100100101010000011011101
11010101000000100110011000011011101
11010100111100100111100000111011101
11010100111100101000101001011011101
11010100111000101001110001011011101
11010100111000101010111001111011101
11010100110100101100000010011011101
11010100110100101101001010111011101
11010100110100101110010011011011101
11010100110100101111011011111011101
11010100011000110000100100011011101
11010100011000110001101101011011101
11010100011100110010110101111011101
11010100011100110011111110011011101
11010100011100110101000111011011101
11010100100000110110001111111011101
11010100100000110111011000011011101
11010100100100111000100000111011101
11010100100100111001101001011011101
11010100101000111010110001111011101
11010100101100111011111010011011101
11010100110000111101000010111011101
11010100110100111110001010111011101
11010100111000111111010011011011101
11010101000001000000011011011011101
11010101000101000001100011011011101
11010101000100011110011100111011101
11010101000000011111100100111011101
11010100111000100000101100111011101
11010100110100100001110101011011101
11010100110000100010111101011011101
11010100101100100100000101111011101
11010100101000100101001110011011101
11010100100100100110010110111011101
11010100100100100111011111011011101
11010100100000101000100111111011101
11010100100000101001110000011011101
11010100011100101010111000111011101
11010100011100101100000001111011101
11010100011100101101001010011011101
11010100011000101110010010111011101
11010100011000101111011011111011101
11010100000000110000100100011011101
11010100000000110001101101011011101
11010100000000110010110110011011101
11010100000000110011111111011011101
11010100000100110101001000011011101
11010100000100110110010000111011101
11010100001000110111011001111011101
11010100001000111000100010011011101
11010100001100111001101011011011101
11010100010000111010110011111011101
11010100010100111011111100011011101
11010100011000111101000101011011101
11010100011100111110001101111011101
11010100100000111111010101111011101
11010100100101000000011110011011101
11010100101001000001100110111011101
11010100101000011110011001011011101
11010100100100011111100001111011101
11010100100000100000101010011011101
11010100011100100001110010011011101
11010100011000100010111010111011101
11010100010100100100000011111011101
11010100010000100101001100011011101
11010100001100100110010100111011101
11010100001000100111011101111011101
11010100001000101000100110011011101
11010100000100101001101111011011101
11010100000100101010110111111011101
11010100000000101100000000111011101
11010100000000101101001001111011101
11010100000000101110010010111011101
11010100000000101111011011111011101
