11001101000000110000100110011011101
11001101000000110001110010111011101
11001101000100110010111111111011101
11001101000100110100001100011011101
11001101000100110101011000111011101
11001101001000110110100101011011101
11001101001000110111110001111011101
11001101001100111000111110011011101
11001101010000111010001010111011101
11001101010000111011010110111011101
11001101010100111100100011011011101
11001101011000111101101111011011101
11001101100000111110111011111011101
11001101100101000000000111111011101
11001101101001000001010011111011101
11001101101101000010011111111011101
11001101101100011101100000011011101
11001101101000011110101100011011101
11001101100100011111111000011011101
11001101100000100001000100011011101
11001101011000100010010000111011101
11001101010100100011011100111011101
11001101010000100100101001011011101
11001101010000100101110101011011101
11001101001100100111000001111011101
11001101001000101000001110011011101
11001101001000101001011010111011101
11001101000100101010100111011011101
11001101000100101011110011111011101
11001101000100101101000000011011101
11001101000000101110001101011011101
11001101000000101111011001111011101
11001100101000110000100110011011101
11001100101000110001110011011011101
11001100101000110011000000011011101
11001100101000110100001100111011101
11001100101100110101011001111011101
11001100101100110110100110011011101
11001100110000110111110011011011101
11001100110000111000111111111011101
11001100110100111010001100111011101
11001100111000111011011001011011101
11001100111100111100100101111011101
11001101000000111101110010011011101
11001101000100111110111110011011101
11001101001001000000001010111011101
11001101001101000001010111011011101
11001101010101000010100011011011101
11001101010100011101011100111011101
11001101001100011110101000111011101
11001101001000011111110101011011101
11001101000100100001000001111011101
11001101000000100010001101111011101
11001100111100100011011010011011101
11001100111000100100100110111011101
11001100110100100101110011011011101
11001100110000100111000000011011101
11001100110000101000001100111011101
11001100101100101001011001111011101
11001100101100101010100110011011101
11001100101000101011110011011011101
11001100101000101100111111111011101
11001100101000101110001100111011101
11001100101000101111011001111011101
11001100001100110000100110111011101
11001100001100110001110011111011101
11001100001100110011000000111011101
11001100010000110100001101111011101
11001100010000110101011010111011101
11001100010100110110100111111011101
11001100010100110111110100111011101
11001100011000111001000001111011101
11001100011000111010001110111011101
11001100011100111011011011011011101
11001100100000111100101000011011101
11001100100100111101110100111011101
11001100101000111111000001011011101
11001100110001000000001101111011101
11001100110101000001011010011011101
11001100111001000010100110111011101
11001100111000011101011001011011101
11001100110100011110100101111011101
11001100110000011111110010011011101
11001100101000100000111110111011101
11001100100100100010001011011011101
11001100100000100011010111111011101
11001100011100100100100100111011101
11001100011000100101110001011011101
11001100011000100110111110011011101
11001100010100101000001011011011101
11001100010100101001011000011011101
11001100010000101010100101011011101
11001100010000101011110010011011101
11001100001100101100111111011011101
11001100001100101110001100011011101
11001100001100101111011001011011101
11001011110100110000100110111011101
11001011110100110001110011111011101
11001011110100110011000001011011101
11001011110100110100001110111011101
11001011111000110101011011111011101
11001011111000110110101001011011101
11001011111100110111110110011011101
11001011111100111001000011011011101
11001100000000111010010000011011101
11001100000100111011011101111011101
11001100001000111100101010111011101
11001100001100111101110111011011101
11001100010000111111000100011011101
11001100010101000000010001011011101
11001100011001000001011101111011101
11001100100001000010101010011011101
11001100100000011101010101111011101
11001100011000011110100010011011101
11001100010100011111101110111011101
11001100010000100000111011111011101
11001100001100100010001000111011101
11001100001000100011010101011011101
11001100000100100100100010011011101
11001100000000100101101111111011101
11001011111100100110111100111011101
11001011111100101000001001111011101
11001011111000101001010110111011101
11001011111000101010100100011011101
11001011110100101011110001011011101
11001011110100101100111110111011101
11001011110100101110001100011011101
11001011110100101111011001011011101
11001011011000110000100110111011101
11001011011000110001110100011011101
11001011011000110011000001111011101
11001011011100110100001111011011101
11001011011100110101011100111011101
11001011011100110110101010011011101
11001011100000110111110111111011101
11001011100100111001000101011011101
11001011100100111010010010011011101
11001011101000111011011111111011101
11001011101100111100101100111011101
11001011110000111101111010011011101
11001011110100111111000111011011101
11001011111101000000010100011011101
11001100000001000001100001011011101
11001100000101000010101101111011101
11001100000100011101010010011011101
11001100000000011110011110111011101
11001011111100011111101011111011101
11001011110100100000111000111011101
11001011110000100010000101111011101
11001011101100100011010011011011101
11001011101000100100100000011011101
11001011100100100101101101111011101
11001011100100100110111010111011101
11001011100000101000001000011011101
11001011011100101001010101111011101
11001011011100101010100011011011101
11001011011100101011110000111011101
11001011011000101100111110011011101
11001011011000101110001011111011101
11001011011000101111011001011011101
11001010111100110000100110111011101
11001011000000110001110100111011101
11001011000000110011000010011011101
11001011000000110100010000011011101
11001011000000110101011101111011101
11001011000100110110101011111011101
11001011000100110111111001011011101
11001011001000111001000110111011101
11001011001100111010010100011011101
11001011010000111011100001111011101
11001011010100111100101111011011101
11001011011000111101111100111011101
11001011011100111111001010011011101
11001011100001000000010111011011101
11001011100101000001100100011011101
11001011101101000010110001011011101
11001011101100011101001110111011101
11001011100100011110011011111011101
11001011100000011111101000111011101
11001011011100100000110101111011101
11001011011000100010000011011011101
11001011010100100011010000111011101
11001011010000100100011110011011101
11001011001100100101101011111011101
11001011001000100110111001011011101
11001011000100101000000110111011101
11001011000100101001010100011011101
11001011000000101010100010011011101
11001011000000101011101111111011101
11001011000000101100111101111011101
11001011000000101110001011011011101
11001010111100101111011001011011101
11001010100100110000100111011011101
11001010100100110001110101011011101
11001010100100110011000011011011101
11001010100100110100010001011011101
11001010101000110101011110111011101
11001010101000110110101100111011101
11001010101100110111111010111011101
11001010110000111001001000111011101
11001010110000111010010110011011101
11001010110100111011100100011011101
11001010111000111100110001111011101
11001010111100111101111111111011101
11001011000000111111001101011011101
11001011001001000000011010011011101
11001011001101000001100111111011101
11001011010001000010110101011011101
11001011010000011101001010111011101
11001011001100011110011000011011101
11001011001000011111100101111011101
11001011000000100000110010111011101
11001010111100100010000000011011101
11001010111000100011001110011011101
11001010110100100100011011111011101
11001010110000100101101001111011101
11001010110000100110110111011011101
11001010101100101000000101011011101
11001010101000101001010011011011101
11001010101000101010100001011011101
11001010100100101011101110111011101
11001010100100101100111100111011101
11001010100100101110001010111011101
11001010100100101111011000111011101
11001010001000110000100111011011101
11001010001000110001110101011011101
11001010001100110011000011111011101
11001010001100110100010001111011101
11001010001100110101100000011011101
11001010010000110110101110011011101
11001010010000110111111100011011101
11001010010100111001001010011011101
11001010011000111010011000111011101
11001010011100111011100110011011101
11001010100000111100110100011011101
11001010100100111110000010011011101
11001010101000111111001111111011101
11001010101101000000011101111011101
11001010110001000001101011011011101
11001010111001000010111000111011101
11001010111000011101000111011011101
11001010110000011110010100111011101
11001010101100011111100010011011101
11001010101000100000110000011011101
11001010100100100001111101111011101
11001010100000100011001011111011101
11001010011100100100011001111011101
11001010011000100101100111011011101
11001010010100100110110101111011101
11001010010000101000000011111011101
11001010010000101001010001111011101
11001010001100101010011111111011101
11001010001100101011101110011011101
11001010001100101100111100011011101
11001010001000101110001010111011101
11001010001000101111011000111011101
11010000010100110000100101011011101
11010000010100110001110000011011101
11010000010100110010111011011011101
11010000010100110100000101111011101
11010000011000110101010000111011101
11010000011000110110011011011011101
11010000011100110111100110011011101
11010000011100111000110000111011101
11010000100000111001111011011011101
11010000100100111011000110011011101
11010000101000111100010000111011101
11010000101100111101011010111011101
11010000110000111110100101011011101
11010000110100111111101111111011101
11010000111001000000111001111011101
11010001000001000010000100011011101
11010001000000011101111011111011101
11010000111000011111000110011011101
11010000110100100000010000011011101
11010000110000100001011010111011101
11010000101100100010100101011011101
11010000101000100011101111011011101
11010000100100100100111001111011101
11010000100000100110000100111011101
11010000011100100111001111011011101
11010000011100101000011001111011101
11010000011000101001100100111011101
11010000011000101010101111011011101
11010000010100101011111010011011101
11010000010100101101000100111011101
11010000010100101110001111111011101
11010000010100101111011010111011101
11001111111000110000100101111011101
11001111111000110001110000111011101
11001111111000110010111011111011101
11001111111100110100000110111011101
11001111111100110101010001111011101
11001111111100110110011100111011101
11010000000000110111100111111011101
11010000000100111000110010011011101
11010000000100111001111101011011101
11010000001000111011001000011011101
11010000001100111100010010111011101
11010000010000111101011101011011101
11010000010100111110101000011011101
11010000011000111111110010111011101
11010000100001000000111101011011101
11010000100101000010000111011011101
11010000100100011101111000111011101
11010000100000011111000010111011101
11010000011000100000001101011011101
11010000010100100001010111111011101
11010000010000100010100010111011101
11010000001100100011101101011011101
11010000001000100100110111111011101
11010000000100100110000010111011101
11010000000100100111001101111011101
11010000000000101000011000011011101
11001111111100101001100011011011101
11001111111100101010101110011011101
11001111111100101011111001011011101
11001111111000101101000100011011101
11001111111000101110001111011011101
11001111111000101111011010011011101
11001111100000110000100101111011101
11001111100000110001110000111011101
11001111100000110010111100011011101
11001111100000110100000111011011101
11001111100000110101010010111011101
11001111100100110110011101111011101
11001111100100110111101000111011101
11001111101000111000110100011011101
11001111101100111001111111011011101
11001111110000111011001010011011101
11001111110100111100010101011011101
11001111111000111101100000011011101
11001111111100111110101010111011101
11010000000000111111110101111011101
11010000000101000001000000011011101
11010000001101000010001010111011101
11010000001100011101110101011011101
11010000000100011110111111111011101
11010000000000100000001010011011101
11001111111100100001010101011011101
11001111111000100010011111111011101
11001111110100100011101010111011101
11001111110000100100110101111011101
11001111101100100110000000111011101
11001111101000100111001011111011101
11001111100100101000010111011011101
11001111100100101001100010011011101
11001111100000101010101101011011101
11001111100000101011111000111011101
11001111100000101101000011111011101
11001111100000101110001111011011101
11001111100000101111011010011011101
11001111000100110000100101111011101
11001111000100110001110001011011101
11001111000100110010111100111011101
11001111001000110100001000011011101
11001111001000110101010011111011101
11001111001000110110011111011011101
11001111001100110111101010011011101
11001111010000111000110101111011101
11001111010000111010000001011011101
11001111010100111011001100011011101
11001111011000111100010111011011101
11001111011100111101100010111011101
11001111100000111110101101111011101
11001111100100111111111000111011101
11001111101101000001000011011011101
11001111110001000010001110011011101
11001111110000011101110001111011101
11001111101100011110111100111011101
11001111100100100000000111011011101
11001111100000100001010010011011101
11001111011100100010011101011011101
11001111011000100011101000111011101
11001111010100100100110011111011101
11001111010000100101111110111011101
11001111010000100111001010011011101
11001111001100101000010101111011101
11001111001000101001100000111011101
11001111001000101010101100011011101
11001111001000101011110111111011101
11001111000100101101000011011011101
11001111000100101110001110111011101
11001111000100101111011010011011101
11001110101000110000100101111011101
11001110101100110001110001111011101
11001110101100110010111101011011101
11001110101100110100001000111011101
11001110101100110101010100111011101
11001110110000110110100000011011101
11001110110000110111101011111011101
11001110110100111000110111011011101
11001110111000111010000010111011101
11001110111100111011001110011011101
11001111000000111100011001111011101
11001111000100111101100101011011101
11001111001000111110110000011011101
11001111001100111111111011111011101
11001111010001000001000110111011101
11001111010101000010010001111011101
11001111010100011101101110011011101
11001111010000011110111001011011101
11001111001100100000000100011011101
11001111001000100001001111111011101
11001111000100100010011010111011101
11001111000000100011100110011011101
11001110111100100100110001111011101
11001110111000100101111101011011101
11001110110100100111001000111011101
11001110110000101000010100011011101
11001110110000101001011111111011101
11001110101100101010101011011011101
11001110101100101011110111011011101
11001110101100101101000010111011101
11001110101100101110001110011011101
11001110101000101111011010011011101
11001110010000110000100101111011101
11001110010000110001110001111011101
11001110010000110010111101111011101
11001110010000110100001001111011101
11001110010100110101010101111011101
11001110010100110110100001011011101
11001110011000110111101101011011101
11001110011000111000111001011011101
11001110011100111010000100111011101
11001110100000111011010000111011101
11001110100100111100011100011011101
11001110101000111101100111111011101
11001110101100111110110011011011101
11001110110000111111111110111011101
11001110111001000001001001111011101
11001110111101000010010101011011101
11001110111100011101101010111011101
11001110111000011110110110011011101
11001110110000100000000001011011101
11001110101100100001001100111011101
11001110101000100010011000011011101
11001110100100100011100011111011101
11001110100000100100101111011011101
11001110011100100101111011011011101
11001110011000100111000110111011101
11001110011000101000010010111011101
11001110010100101001011110111011101
11001110010100101010101010011011101
11001110010000101011110110011011101
11001110010000101101000010011011101
11001110010000101110001110011011101
11001110010000101111011010011011101
11001101110100110000100110011011101
11001101110100110001110010011011101
11001101111000110010111110011011101
11001101111000110100001010111011101
11001101111000110101010110111011101
11001101111100110110100010111011101
11001101111100110111101110111011101
11001110000000111000111010111011101
11001110000100111010000110111011101
11001110001000111011010010111011101
11001110001000111100011110011011101
11001110001100111101101010011011101
11001110010100111110110101111011101
11001110011001000000000001111011101
11001110011101000001001101011011101
11001110100001000010011000111011101
11001110100000011101100111011011101
11001110011100011110110010111011101
11001110011000011111111110011011101
11001110010100100001001010011011101
11001110001100100010010101111011101
11001110001000100011100001111011101
11001110001000100100101101011011101
11001110000100100101111001011011101
11001110000000100111000101011011101
11001101111100101000010001011011101
11001101111100101001011101011011101
11001101111000101010101001011011101
11001101111000101011110101011011101
11001101111000101101000001111011101
11001101110100101110001101111011101
11001101110100101111011001111011101
11001101011100110000100110011011101
11001101011100110001110010111011101
11001101011100110010111110111011101
11001101011100110100001011011011101
11001101100000110101010111111011101
11001101100000110110100011111011101
11001101100100110111110000011011101
11001101100100111000111100011011101
11001101101000111010001000111011101
11001101101100111011010100111011101
11001101110000111100100000111011101
11001101110100111101101100111011101
11001101111000111110111000111011101
11001101111101000000000100111011101
11001110000101000001010000011011101
11001110001001000010011100011011101
11001110001000011101100011111011101
11001110000100011110101111111011101
11001101111100011111111011011011101
11001101111000100001000111011011101
11001101110100100010010011011011101
11001101110000100011011111011011101
11001101101100100100101011011011101
11001101101000100101110111011011101
11001101100100100111000011111011101
11001101100100101000001111111011101
11001101100000101001011100011011101
11001101100000101010101000011011101
11001101011100101011110100111011101
11001101011100101101000001011011101
11001101011100101110001101011011101
11001101011100101111011001111011101
