1000011110
1010011110
1011011110
1100011110
1110011110
1111011110
0000011110
0001011110
0011011110
0100011110
0101011110
0111011110
0111011110
0111011110
0111011110
0111011110
0111011110
0111011110
0111011110
0111011110
0111011110
0111011110
0111011110
0111011110
0111011110
0111011110
0111011110
0111011110
0111011110
0111011110
0111011110
0111011110
1000100010
1000100010
1000100010
1000100010
1000100010
1000100010
1000100010
1000100010
1000100010
1000100010
1000100010
1000100010
1000100010
1000100010
1000100010
1000100010
1000100010
1000100010
1000100010
1000100010
1000100010
1000100010
1000101010
1000101110
1000110010
1000111010
1000111110
1000000010
1000000110
1000001110
1000010010
1000010110
1000011110
1010011110
1011011110
1100011110
1110011110
1111011110
0000011110
0001011110
0011011110
0100011110
0101011110
0111011110
0111011110
0111011110
0111011110
0111011110
0111011110
0111011110
0111011110
0111011110
0111011110
0111011110
0111011110
0111011110
0111011110
0111011110
0111011110
0111011110
0111011110
0111011110
0111011110
0111011110
1000100010
1000100010
1000100010
1000100010
1000100010
1000100010
1000100010
1000100010
1000100010
1000100010
1000100010
1000100010
1000100010
1000100010
1000100010
1000100010
1000100010
1000100010
1000100010
1000100010
1000100010
1000100010
1000101010
1000101110
1000110010
1000111010
1000111110
1000000010
1000000110
1000001110
1000010010
1000010110
1000011110
1010011110
1011011110
1100011110
1110011110
1111011110
0000011110
0001011110
0011011110
0100011110
0101011110
0111011110
0111011110
0111011110
0111011110
0111011110
0111011110
0111011110
0111011110
0111011110
0111011110
0111011110
0111011110
0111011110
0111011110
0111011110
0111011110
0111011110
0111011110
0111011110
0111011110
0111011110
1000100010
1000100010
1000100010
1000100010
1000100010
1000100010
1000100010
1000100010
1000100010
1000100010
1000100010
1000100010
1000100010
1000100010
1000100010
1000100010
1000100010
1000100010
1000100010
1000100010
1000100010
1000100010
1000101010
1000101110
1000110010
1000111010
1000111110
1000000010
1000000110
1000001110
1000010010
1000010110
1000011110
1010011110
1011011110
1100011110
1110011110
1111011110
0000011110
0001011110
0011011110
0100011110
0101011110
0111011110
0111011110
0111011110
0111011110
0111011110
0111011110
0111011110
0111011110
0111011110
0111011110
0111011110
0111011110
0111011110
0111011110
0111011110
0111011110
0111011110
0111011110
0111011110
0111011110
0111011110
1000100010
1000100010
1000100010
1000100010
1000100010
1000100010
1000100010
1000100010
1000100010
1000100010
1000100010
1000100010
1000100010
1000100010
1000100010
1000100010
1000100010
1000100010
1000100010
1000100010
1000100010
1000100010
1000101010
1000101110
1000110010
1000111010
1000111110
1000000010
1000000110
1000001110
1000010010
1000010110
1000011110
1010011110
1011011110
1100011110
1110011110
1111011110
0000011110
0001011110
0011011110
0100011110
0101011110
0111011110
0111011110
0111011110
0111011110
0111011110
0111011110
0111011110
0111011110
0111011110
0111011110
0111011110
0111011110
0111011110
0111011110
0111011110
0111011110
0111011110
0111011110
0111011110
0111011110
0111011110
1000100010
1000100010
1000100010
1000100010
1000100010
1000100010
1000100010
1000100010
1000100010
1000100010
1000100010
1000100010
1000100010
1000100010
1000100010
1000100010
1000100010
1000100010
1000100010
1000100010
1000100010
1000100010
1000101010
1000101110
1000110010
1000111010
1000111110
1000000010
1000000110
1000001110
1000010010
1000010110
1000011110
1010011110
1011011110
1100011110
1110011110
1111011110
0000011110
0001011110
0011011110
0100011110
0101011110
0111011110
0111011110
0111011110
0111011110
0111011110
0111011110
0111011110
0111011110
0111011110
0111011110
0111011110
0111011110
0111011110
0111011110
0111011110
0111011110
0111011110
0111011110
0111011110
0111011110
0111011110
1000100010
1000100010
1000100010
1000100010
1000100010
1000100010
1000100010
1000100010
1000100010
1000100010
1000100010
1000100010
1000100010
1000100010
1000100010
1000100010
1000100010
1000100010
1000100010
1000100010
1000100010
1000100010
1000101010
1000101110
1000110010
1000111010
1000111110
1000000010
1000000110
1000001110
1000010010
1000010110
1000011110
1010011110
1011011110
1100011110
1110011110
1111011110
0000011110
0001011110
0011011110
0100011110
0101011110
0111011110
0111011110
0111011110
0111011110
0111011110
0111011110
0111011110
0111011110
0111011110
0111011110
0111011110
0111011110
0111011110
0111011110
0111011110
0111011110
0111011110
0111011110
0111011110
0111011110
0111011110
1000100010
1000100010
1000100010
1000100010
1000100010
1000100010
1000100010
1000100010
1000100010
1000100010
1000100010
1000100010
1000100010
1000100010
1000100010
1000100010
1000100010
1000100010
1000100010
1000100010
1000100010
1000100010
1000101010
1000101110
1000110010
1000111010
1000111110
1000000010
1000000110
1000001110
1000010010
1000010110
1001011010
1010011110
1011011110
1100011110
1110011110
1111011110
0000011110
0001011110
0011011110
0100011110
0101011110
0110011110
0111011110
0111011110
0111011110
0111011110
0111011110
0111011110
0111011110
0111011110
0111011110
0111011110
0111011110
0111011110
0111011110
0111011110
0111011110
0111011110
0111011110
0111011110
0111011110
0111011110
1000100010
1000100010
1000100010
1000100010
1000100010
1000100010
1000100010
1000100010
1000100010
1000100010
1000100010
1000100010
1000100010
1000100010
1000100010
1000100010
1000100010
1000100010
1000100010
1000100010
1000100010
1000100110
1000101010
1000101110
1000110010
1000111010
1000111110
1000000010
1000000110
1000001110
1000010010
1000010110
1001011010
1010011110
1011011110
1100011110
1110011110
1111011110
0000011110
0001011110
0011011110
0100011110
0101011110
0110011110
0111011110
0111011110
0111011110
0111011110
0111011110
0111011110
0111011110
0111011110
0111011110
0111011110
0111011110
0111011110
0111011110
0111011110
0111011110
0111011110
0111011110
0111011110
0111011110
0111011110
1000100010
1000100010
1000100010
1000100010
1000100010
1000100010
1000100010
1000100010
1000100010
1000100010
1000100010
1000100010
1000100010
1000100010
1000100010
1000100010
1000100010
1000100010
1000100010
1000100010
1000100010
1000100110
1000101010
1000101110
1000110010
1000111010
1000111110
1000000010
1000000110
1000001110
1000010010
1000010110
1000011110
1010011110
1011011110
1100011110
1110011110
1111011110
0000011110
0001011110
0011011110
0100011110
0101011110
0111011110
0111011110
0111011110
0111011110
0111011110
0111011110
0111011110
0111011110
0111011110
0111011110
0111011110
0111011110
0111011110
0111011110
0111011110
0111011110
0111011110
0111011110
0111011110
0111011110
0111011110
1000100010
1000100010
1000100010
1000100010
1000100010
1000100010
1000100010
1000100010
1000100010
1000100010
1000100010
1000100010
1000100010
1000100010
1000100010
1000100010
1000100010
1000100010
1000100010
1000100010
1000100010
1000100010
1000101010
1000101110
1000110010
1000111010
1000111110
1000000010
1000000110
1000001110
1000010010
1000010110
1000011110
1010011110
1011011110
1100011110
1110011110
1111011110
0000011110
0001011110
0011011110
0100011110
0101011110
0111011110
0111011110
0111011110
0111011110
0111011110
0111011110
0111011110
0111011110
0111011110
0111011110
0111011110
0111011110
0111011110
0111011110
0111011110
0111011110
0111011110
0111011110
0111011110
0111011110
0111011110
1000100010
1000100010
1000100010
1000100010
1000100010
1000100010
1000100010
1000100010
1000100010
1000100010
1000100010
1000100010
1000100010
1000100010
1000100010
1000100010
1000100010
1000100010
1000100010
1000100010
1000100010
1000100010
1000101010
1000101110
1000110010
1000111010
1000111110
1000000010
1000000110
1000001110
1000010010
1000010110
1000011110
1010011110
1011011110
1100011110
1110011110
1111011110
0000011110
0001011110
0011011110
0100011110
0101011110
0111011110
0111011110
0111011110
0111011110
0111011110
0111011110
0111011110
0111011110
0111011110
0111011110
0111011110
0111011110
0111011110
0111011110
0111011110
0111011110
0111011110
0111011110
0111011110
0111011110
0111011110
1000100010
1000100010
1000100010
1000100010
1000100010
1000100010
1000100010
1000100010
1000100010
1000100010
1000100010
1000100010
1000100010
1000100010
1000100010
1000100010
1000100010
1000100010
1000100010
1000100010
1000100010
1000100010
1000101010
1000101110
1000110010
1000111010
1000111110
1000000010
1000000110
1000001110
1000010010
1000010110
1000011110
1010011110
1011011110
1100011110
1110011110
1111011110
0000011110
0001011110
0011011110
0100011110
0101011110
0111011110
0111011110
0111011110
0111011110
0111011110
0111011110
0111011110
0111011110
0111011110
0111011110
0111011110
0111011110
0111011110
0111011110
0111011110
0111011110
0111011110
0111011110
0111011110
0111011110
0111011110
1000100010
1000100010
1000100010
1000100010
1000100010
1000100010
1000100010
1000100010
1000100010
1000100010
1000100010
1000100010
1000100010
1000100010
1000100010
1000100010
1000100010
1000100010
1000100010
1000100010
1000100010
1000100010
1000101010
1000101110
1000110010
1000111010
1000111110
1000000010
1000000110
1000001110
1000010010
1000010110
1000011110
1010011110
1011011110
1100011110
1110011110
1111011110
0000011110
0001011110
0011011110
0100011110
0101011110
0111011110
0111011110
0111011110
0111011110
0111011110
0111011110
0111011110
0111011110
0111011110
0111011110
0111011110
0111011110
0111011110
0111011110
0111011110
0111011110
0111011110
0111011110
0111011110
0111011110
0111011110
1000100010
1000100010
1000100010
1000100010
1000100010
1000100010
1000100010
1000100010
1000100010
1000100010
1000100010
1000100010
1000100010
1000100010
1000100010
1000100010
1000100010
1000100010
1000100010
1000100010
1000100010
1000100010
1000101010
1000101110
1000110010
1000111010
1000111110
1000000010
1000000110
1000001110
1000010010
1000010110
1000011110
1010011110
1011011110
1100011110
1110011110
1111011110
0000011110
0001011110
0011011110
0100011110
0101011110
0111011110
0111011110
0111011110
0111011110
0111011110
0111011110
0111011110
0111011110
0111011110
0111011110
0111011110
0111011110
0111011110
0111011110
0111011110
0111011110
0111011110
0111011110
0111011110
0111011110
0111011110
1000100010
1000100010
1000100010
1000100010
1000100010
1000100010
1000100010
1000100010
1000100010
1000100010
1000100010
1000100010
1000100010
1000100010
1000100010
1000100010
1000100010
1000100010
1000100010
1000100010
1000100010
1000100010
1000101010
1000101110
1000110010
1000111010
1000111110
1000000010
1000000110
1000001110
1000010010
1000010110
1000011110
1010011110
1011011110
1100011110
1110011110
1111011110
0000011110
0001011110
0011011110
0100011110
0101011110
0111011110
0111011110
0111011110
0111011110
0111011110
0111011110
0111011110
0111011110
0111011110
0111011110
0111011110
0111011110
0111011110
0111011110
0111011110
0111011110
0111011110
0111011110
0111011110
0111011110
0111011110
1000100010
1000100010
1000100010
1000100010
1000100010
1000100010
1000100010
1000100010
1000100010
1000100010
1000100010
1000100010
1000100010
1000100010
1000100010
1000100010
1000100010
1000100010
1000100010
1000100010
1000100010
1000100010
1000101010
1000101110
1000110010
1000111010
1000111110
1000000010
1000000110
1000001110
1000010010
1000010110
