10000111111100100010011010101111001
10000111111100100111010000001111001
10001000000100101100000100101111001
10001000001100110000111000001111001
10001000011000110101101010001111001
10001000101000111010011010101111001
10001000111000111111001000001111001
10001001001101000011110011101111001
10001001001111111100001100001111001
10001000111000000000110111101111001
10001000101000000101100101001111001
10001000011000001010010101101111001
10001000001100001111000111101111001
10001000000100010011111011001111001
10000111111100011000101111101111001
10000111111100011101100101001111001
10000111111100100010011010101111010
10000111111100100111010000001111010
10001000000100101100000100101111010
10001000001100110000111000001111010
10001000011000110101101010001111010
10001000101000111010011010101111001
10001000111000111111001000001111001
10001001001101000011110011101111001
10001001001111111100001100001111001
10001000111000000000110111101111001
10001000101000000101100101001111001
10001000011000001010010101101111010
10001000001100001111000111101111010
10001000000100010011111011001111010
10000111111100011000101111101111010
10000111111100011101100101001111010
10000111111100100010011010101111010
10000111111100100111010000001111010
10001000000100101100000100101111010
10001000001100110000111000001111010
10001000011000110101101010001111010
10001000101000111010011010101111010
10001000111000111111001000001111010
10001001001101000011110011101111001
10001001001111111100001100001111001
10001000111000000000110111101111010
10001000101000000101100101001111010
10001000011000001010010101101111010
10001000001100001111000111101111010
10001000000100010011111011001111010
10000111111100011000101111101111010
10000111111100011101100101001111010
10000111111100100010011010101111010
10000111111100100111010000001111010
10001000000100101100000100101111010
10001000001100110000111000001111010
10001000011000110101101010001111010
10001000101000111010011010101111010
10001000111000111111001000001111010
10001001001101000011110011101111010
10001001001111111100001100001111010
10001000111000000000110111101111010
10001000101000000101100101001111010
10001000011000001010010101101111010
10001000001100001111000111101111010
10001000000100010011111011001111010
10000111111100011000101111101111010
10000111111100011101100101001111010
10000111111100100010011010101111010
10000111111100100111010000001111010
10001000000100101100000100101111010
10001000001100110000111000001111010
10001000011000110101101010001111010
10001000101000111010011010101111010
10001000111000111111001000001111010
10001001001101000011110011101111010
10001001001111111100001100001111010
10001000111000000000110111101111010
10001000101000000101100101001111010
10001000011000001010010101101111010
10001000001100001111000111101111010
10001000000100010011111011001111010
10000111111100011000101111101111010
10000111111100011101100101001111010
10000111111100100010011010101111010
10000111111100100111010000001111010
10001000000100101100000100101111010
10001000001100110000111000001111010
10001000011000110101101010001111010
10001000101000111010011010101111010
10001000111000111111001000001111010
10001001001101000011110011101111010
10001001001111111100001100001111010
10001000111000000000110111101111010
10001000101000000101100101001111010
10001000011000001010010101101111010
10001000001100001111000111101111010
10001000000100010011111011001111010
10000111111100011000101111101111010
10000111111100011101100101001111010
10000111111100100010011010101111010
10000111111100100111010000001111010
10001000000100101100000100101111010
10001000001100110000111000001111010
10001000011000110101101010001111010
10001000101000111010011010101111010
10001000111000111111001000001111010
10001001001101000011110011101111010
10001001001111111100001100001111010
10001000111000000000110111101111010
10001000101000000101100101001111010
10001000011000001010010101101111010
10001000001100001111000111101111010
10001000000100010011111011001111010
10000111111100011000101111101111010
10000111111100011101100101001111010
10000111111100100010011010101111010
10000111111100100111010000001111010
10001000000100101100000100101111010
10001000001100110000111000001111010
10001000011000110101101010001111010
10001000101000111010011010101111010
10001000111000111111001000001111010
10001001001101000011110011101111010
10001001001111111100001100001111010
10001000111000000000110111101111010
10001000101000000101100101001111010
10001000011000001010010101101111010
10001000001100001111000111101111010
10001000000100010011111011001111010
10000111111100011000101111101111010
10000111111100011101100101001111010
10000111111100100010011010101111010
10000111111100100111010000001111010
10001000000100101100000100101111010
10001000001100110000111000001111010
10001000011000110101101010001111010
10001000101000111010011010101111010
10001000111000111111001000001111010
10001001001101000011110011101111010
10001001001111111100001100001111010
10001000111000000000110111101111010
10001000101000000101100101001111010
10001000011000001010010101101111010
10001000001100001111000111101111010
10001000000100010011111011001111010
10000111111100011000101111101111010
10000111111100011101100101001111010
10000111111100100010011010101111010
10000111111100100111010000001111010
10001000000100101100000100101111010
10001000001100110000111000001111010
10001000011000110101101010001111010
10001000101000111010011010101111010
10001000111000111111001000001111010
10001001001101000011110011101111010
10001001001111111100001100001111010
10001000111000000000110111101111010
10001000101000000101100101001111010
10001000011000001010010101101111010
10001000001100001111000111101111010
10001000000100010011111011001111010
10000111111100011000101111101111010
10000111111100011101100101001111010
10000111111100100010011010101111010
10000111111100100111010000001111010
10001000000100101100000100101111010
10001000001100110000111000001111010
10001000011000110101101010001111010
10001000101000111010011010101111010
10001000111000111111001000001111010
10001001001101000011110011101111010
10001001001111111100001100001111010
10001000111000000000110111101111010
10001000101000000101100101001111010
10001000011000001010010101101111010
10001000001100001111000111101111010
10001000000100010011111011001111010
10000111111100011000101111101111010
10000111111100011101100101001111010
10000111111100100010011010101111010
10000111111100100111010000001111010
10001000000100101100000100101111010
10001000001100110000111000001111010
10001000011000110101101010001111010
10001000101000111010011010101111010
10001000111000111111001000001111010
10001001001101000011110011101111010
10001001001111111100001100001111010
10001000111000000000110111101111010
10001000101000000101100101001111010
10001000011000001010010101101111010
10001000001100001111000111101111010
10001000000100010011111011001111010
10000111111100011000101111101111010
10000111111100011101100101001111010
10000111111100100010011010101111010
10000111111100100111010000001111010
10001000000100101100000100101111010
10001000001100110000111000001111010
10001000011000110101101010001111010
10001000101000111010011010101111010
10001000111000111111001000001111010
10001001001101000011110011101111010
10001001001111111100001100001111010
10001000111000000000110111101111010
10001000101000000101100101001111010
10001000011000001010010101101111010
10001000001100001111000111101111010
10001000000100010011111011001111010
10000111111100011000101111101111010
10000111111100011101100101001111010
10000111111100100010011010101111010
10000111111100100111010000001111010
10001000000100101100000100101111010
10001000001100110000111000001111010
10001000011000110101101010001111010
10001000101000111010011010101111010
10001000111000111111001000001111010
10001001001101000011110011101111010
10001001001111111100001100001111010
10001000111000000000110111101111010
10001000101000000101100101001111010
10001000011000001010010101101111010
10001000001100001111000111101111010
10001000000100010011111011001111010
10000111111100011000101111101111010
10000111111100011101100101001111010
10000111111100100010011010101111010
10000111111100100111010000001111010
10001000000100101100000100101111010
10001000001100110000111000001111010
10001000011000110101101010001111010
10001000101000111010011010101111010
10001000111000111111001000001111010
10001001001101000011110011101111010
10001001001111111100001100001111010
10001000111000000000110111101111010
10001000101000000101100101001111010
10001000011000001010010101101111010
10001000001100001111000111101111010
10001000000100010011111011001111010
10000111111100011000101111101111010
10000111111100011101100101001111010
10000111111100100010011010101111010
10000111111100100111010000001111010
10001000000100101100000100101111010
10001000001100110000111000001111010
10001000011000110101101010001111010
10001000101000111010011010101111010
10001000111000111111001000001111010
10001001001101000011110011101111010
10001001001111111100001100001111010
10001000111000000000110111101111010
10001000101000000101100101001111010
10001000011000001010010101101111010
10001000001100001111000111101111010
10001000000100010011111011001111010
10000111111100011000101111101111010
10000111111100011101100101001111010
10000111111100100010011010101101001
10000111111100100111010000001101001
10001000000100101100000100101101001
10001000001100110000111000001101001
10001000011000110101101010001101001
10001000101000111010011010101101001
10001000111000111111001000001101001
10001001001101000011110011101101001
10001001001111111100001100001101001
10001000111000000000110111101101001
10001000101000000101100101001101001
10001000011000001010010101101101001
10001000001100001111000111101101001
10001000000100010011111011001101001
10000111111100011000101111101101001
10000111111100011101100101001101001
10000111111100100010011010101101001
10000111111100100111010000001101001
10001000000100101100000100101101001
10001000001100110000111000001101001
10001000011000110101101010001101001
10001000101000111010011010101101001
10001000111000111111001000001101001
10001001001101000011110011101101001
10001001001111111100001100001101001
10001000111000000000110111101101001
10001000101000000101100101001101001
10001000011000001010010101101101001
10001000001100001111000111101101001
10001000000100010011111011001101001
10000111111100011000101111101101001
10000111111100011101100101001101001
10000111111100100010011010101101001
10000111111100100111010000001101001
10001000000100101100000100101101001
10001000001100110000111000001101001
10001000011000110101101010001101001
10001000101000111010011010101101001
10001000111000111111001000001101001
10001001001101000011110011101101001
10001001001111111100001100001101001
10001000111000000000110111101101001
10001000101000000101100101001101001
10001000011000001010010101101101001
10001000001100001111000111101101001
10001000000100010011111011001101001
10000111111100011000101111101101001
10000111111100011101100101001101001
10000111111100100010011010101101001
10000111111100100111010000001101001
10001000000100101100000100101101001
10001000001100110000111000001101001
10001000011000110101101010001101001
10001000101000111010011010101101001
10001000111000111111001000001111001
10001001001101000011110011101111001
10001001001111111100001100001111001
10001000111000000000110111101111001
10001000101000000101100101001101001
10001000011000001010010101101101001
10001000001100001111000111101101001
10001000000100010011111011001101001
10000111111100011000101111101101001
10000111111100011101100101001101001
10000111111100100010011010101101001
10000111111100100111010000001111001
10001000000100101100000100101111001
10001000001100110000111000001111001
10001000011000110101101010001111001
10001000101000111010011010101111001
10001000111000111111001000001111001
10001001001101000011110011101111001
10001001001111111100001100001111001
10001000111000000000110111101111001
10001000101000000101100101001111001
10001000011000001010010101101111001
10001000001100001111000111101111001
10001000000100010011111011001111001
10000111111100011000101111101111001
10000111111100011101100101001101001
10000111111100100010011010101111001
10000111111100100111010000001111001
10001000000100101100000100101111001
10001000001100110000111000001111001
10001000011000110101101010001111001
10001000101000111010011010101111001
10001000111000111111001000001111001
10001001001101000011110011101111001
10001001001111111100001100001111001
10001000111000000000110111101111001
10001000101000000101100101001111001
10001000011000001010010101101111001
10001000001100001111000111101111001
10001000000100010011111011001111001
10000111111100011000101111101111001
10000111111100011101100101001111001
10000111111100100010011010101111001
10000111111100100111010000001111001
10001000000100101100000100101111001
10001000001100110000111000001111001
10001000011000110101101010001111001
10001000101000111010011010101111001
10001000111000111111001000001111001
10001001001101000011110011101111001
10001001001111111100001100001111001
10001000111000000000110111101111001
10001000101000000101100101001111001
10001000011000001010010101101111001
10001000001100001111000111101111001
10001000000100010011111011001111001
10000111111100011000101111101111001
10000111111100011101100101001111001
10000111111100100010011010101111001
10000111111100100111010000001111001
10001000000100101100000100101111001
10001000001100110000111000001111001
10001000011000110101101010001111001
10001000101000111010011010101111001
10001000111000111111001000001111001
10001001001101000011110011101111001
10001001001111111100001100001111001
10001000111000000000110111101111001
10001000101000000101100101001111001
10001000011000001010010101101111001
10001000001100001111000111101111001
10001000000100010011111011001111001
10000111111100011000101111101111001
10000111111100011101100101001111001
10000111111100100010011010101111001
10000111111100100111010000001111001
10001000000100101100000100101111001
10001000001100110000111000001111001
10001000011000110101101010001111001
10001000101000111010011010101111001
10001000111000111111001000001111001
10001001001101000011110011101111001
10001001001111111100001100001111001
10001000111000000000110111101111001
10001000101000000101100101001111001
10001000011000001010010101101111001
10001000001100001111000111101111001
10001000000100010011111011001111001
10000111111100011000101111101111001
10000111111100011101100101001111001
10000111111100100010011010101111001
10000111111100100111010000001111001
10001000000100101100000100101111001
10001000001100110000111000001111001
10001000011000110101101010001111001
10001000101000111010011010101111001
10001000111000111111001000001111001
10001001001101000011110011101111001
10001001001111111100001100001111001
10001000111000000000110111101111001
10001000101000000101100101001111001
10001000011000001010010101101111001
10001000001100001111000111101111001
10001000000100010011111011001111001
10000111111100011000101111101111001
10000111111100011101100101001111001
10000111111100100010011010101111001
10000111111100100111010000001111001
10001000000100101100000100101111001
10001000001100110000111000001111001
10001000011000110101101010001111001
10001000101000111010011010101111001
10001000111000111111001000001111001
10001001001101000011110011101111001
10001001001111111100001100001111001
10001000111000000000110111101111001
10001000101000000101100101001111001
10001000011000001010010101101111001
10001000001100001111000111101111001
10001000000100010011111011001111001
10000111111100011000101111101111001
10000111111100011101100101001111001
10000111111100100010011010101111001
10000111111100100111010000001111001
10001000000100101100000100101111001
10001000001100110000111000001111001
10001000011000110101101010001111001
10001000101000111010011010101111001
10001000111000111111001000001111001
10001001001101000011110011101111001
10001001001111111100001100001111001
10001000111000000000110111101111001
10001000101000000101100101001111001
10001000011000001010010101101111001
10001000001100001111000111101111001
10001000000100010011111011001111001
10000111111100011000101111101111001
10000111111100011101100101001111001
10000111111100100010011010101111001
10000111111100100111010000001111001
10001000000100101100000100101111001
10001000001100110000111000001111001
10001000011000110101101010001111001
10001000101000111010011010101111001
10001000111000111111001000001111001
10001001001101000011110011101111001
10001001001111111100001100001111001
10001000111000000000110111101111001
10001000101000000101100101001111001
10001000011000001010010101101111001
10001000001100001111000111101111001
10001000000100010011111011001111001
10000111111100011000101111101111001
10000111111100011101100101001111001
10000111111100100010011010101111001
10000111111100100111010000001111001
10001000000100101100000100101111001
10001000001100110000111000001111001
10001000011000110101101010001111001
10001000101000111010011010101111001
10001000111000111111001000001111001
10001001001101000011110011101111001
10001001001111111100001100001111001
10001000111000000000110111101111001
10001000101000000101100101001111001
10001000011000001010010101101111001
10001000001100001111000111101111001
10001000000100010011111011001111001
10000111111100011000101111101111001
10000111111100011101100101001111001
10000111111100100010011010101111001
10000111111100100111010000001111001
10001000000100101100000100101111001
10001000001100110000111000001111001
10001000011000110101101010001111001
10001000101000111010011010101111001
10001000111000111111001000001111001
10001001001101000011110011101111001
10001001001111111100001100001111001
10001000111000000000110111101111001
10001000101000000101100101001111001
10001000011000001010010101101111001
10001000001100001111000111101111001
10001000000100010011111011001111001
10000111111100011000101111101111001
10000111111100011101100101001111001
10000111111100100010011010101111001
10000111111100100111010000001111001
10001000000100101100000100101111001
10001000001100110000111000001111001
10001000011000110101101010001111001
10001000101000111010011010101111001
10001000111000111111001000001111001
10001001001101000011110011101111001
10001001001111111100001100001111001
10001000111000000000110111101111001
10001000101000000101100101001111001
10001000011000001010010101101111001
10001000001100001111000111101111001
10001000000100010011111011001111001
10000111111100011000101111101111001
10000111111100011101100101001111001
