10000111111000100001001101001111001
10000111111100100011101000001111001
10000111111100100110000010101111001
10001000000000101000011101001111001
10001000000000101010110111101111001
10001000000100101101010001101111001
10001000001000101111101011001111001
10001000010000110010000100101111001
10001000010100110100011101101111001
10001000011100110110110110101111001
10001000100100111001001110101111001
10001000101100111011100110001111001
10001000110100111101111101001111001
10001000111101000000010011101111001
10001001001001000010101001001111001
10001001010101000100111110001111001
10001001010111111011000001101111001
10001001001011111101010110101111001
10001000111111111111101100001111001
10001000110100000010000010101111001
10001000101100000100011001101111001
10001000100100000110110001001111001
10001000011100001001001001001111001
10001000010100001011100010001111001
10001000010000001101111011001111001
10001000001000010000010100101111001
10001000000100010010101110001111001
10001000000000010101001000001111001
10001000000000010111100010101111001
10000111111100011001111101001111001
10000111111100011100010111101111001
10000111111000011110110010101111001
10000111111000100001001101001111001
10000111111100100011101000001111001
10000111111100100110000010101111001
10001000000000101000011101001111001
10001000000000101010110111101111001
10001000000100101101010001101111001
10001000001000101111101011001111001
10001000010000110010000100101111001
10001000010100110100011101101111001
10001000011100110110110110101111001
10001000100100111001001110101111001
10001000101100111011100110001111001
10001000110100111101111101001111001
10001000111101000000010011101111001
10001001001001000010101001001111001
10001001010101000100111110001111001
10001001010111111011000001101111001
10001001001011111101010110101111001
10001000111111111111101100001111001
10001000110100000010000010101111001
10001000101100000100011001101111001
10001000100100000110110001001111001
10001000011100001001001001001111001
10001000010100001011100010001111001
10001000010000001101111011001111001
10001000001000010000010100101111001
10001000000100010010101110001111001
10001000000000010101001000001111001
10001000000000010111100010101111001
10000111111100011001111101001111001
10000111111100011100010111101111001
10000111111000011110110010101111001
10000111111000100001001101001111001
10000111111100100011101000001111001
10000111111100100110000010101111001
10001000000000101000011101001111001
10001000000000101010110111101111001
10001000000100101101010001101111001
10001000001000101111101011001111001
10001000010000110010000100101111001
10001000010100110100011101101111001
10001000011100110110110110101111001
10001000100100111001001110101111001
10001000101100111011100110001111001
10001000110100111101111101001111001
10001000111101000000010011101111001
10001001001001000010101001001111001
10001001010101000100111110001111001
10001001010111111011000001101111001
10001001001011111101010110101111001
10001000111111111111101100001111001
10001000110100000010000010101111001
10001000101100000100011001101111001
10001000100100000110110001001111001
10001000011100001001001001001111001
10001000010100001011100010001111001
10001000010000001101111011001111001
10001000001000010000010100101111001
10001000000100010010101110001111001
10001000000000010101001000001111001
10001000000000010111100010101111001
10000111111100011001111101001111001
10000111111100011100010111101111001
10000111111000011110110010101111001
10000111111000100001001101001111001
10000111111100100011101000001111001
10000111111100100110000010101111001
10001000000000101000011101001111001
10001000000000101010110111101111001
10001000000100101101010001101111001
10001000001000101111101011001111001
10001000010000110010000100101111001
10001000010100110100011101101111001
10001000011100110110110110101111001
10001000100100111001001110101111001
10001000101100111011100110001111001
10001000110100111101111101001111001
10001000111101000000010011101111001
10001001001001000010101001001111001
10001001010101000100111110001111001
10001001010111111011000001101111001
10001001001011111101010110101111001
10001000111111111111101100001111001
10001000110100000010000010101111001
10001000101100000100011001101111001
10001000100100000110110001001111001
10001000011100001001001001001111001
10001000010100001011100010001111001
10001000010000001101111011001111001
10001000001000010000010100101111001
10001000000100010010101110001111001
10001000000000010101001000001111001
10001000000000010111100010101111001
10000111111100011001111101001111001
10000111111100011100010111101111001
10000111111000011110110010101111001
10000111111000100001001101001111001
10000111111100100011101000001111001
10000111111100100110000010101111001
10001000000000101000011101001111001
10001000000000101010110111101111001
10001000000100101101010001101111001
10001000001000101111101011001111001
10001000010000110010000100101111001
10001000010100110100011101101111001
10001000011100110110110110101111001
10001000100100111001001110101111001
10001000101100111011100110001111001
10001000110100111101111101001111001
10001000111101000000010011101111001
10001001001001000010101001001111001
10001001010101000100111110001111001
10001001010111111011000001101111001
10001001001011111101010110101111001
10001000111111111111101100001111001
10001000110100000010000010101111001
10001000101100000100011001101111001
10001000100100000110110001001111001
10001000011100001001001001001111001
10001000010100001011100010001111001
10001000010000001101111011001111001
10001000001000010000010100101111001
10001000000100010010101110001111001
10001000000000010101001000001111001
10001000000000010111100010101111001
10000111111100011001111101001111001
10000111111100011100010111101111001
10000111111000011110110010101111001
10000111111000100001001101001111001
10000111111100100011101000001111001
10000111111100100110000010101111001
10001000000000101000011101001111001
10001000000000101010110111101111001
10001000000100101101010001101111001
10001000001000101111101011001111001
10001000010000110010000100101111001
10001000010100110100011101101111001
10001000011100110110110110101111001
10001000100100111001001110101111001
10001000101100111011100110001111001
10001000110100111101111101001111001
10001000111101000000010011101111001
10001001001001000010101001001111001
10001001010101000100111110001111001
10001001010111111011000001101111001
10001001001011111101010110101111001
10001000111111111111101100001111001
10001000110100000010000010101111001
10001000101100000100011001101111001
10001000100100000110110001001111001
10001000011100001001001001001111001
10001000010100001011100010001111001
10001000010000001101111011001111001
10001000001000010000010100101111001
10001000000100010010101110001111001
10001000000000010101001000001111001
10001000000000010111100010101111001
10000111111100011001111101001111001
10000111111100011100010111101111001
10000111111000011110110010101111001
10000111111000100001001101001111001
10000111111100100011101000001111001
10000111111100100110000010101111001
10001000000000101000011101001111001
10001000000000101010110111101111001
10001000000100101101010001101111001
10001000001000101111101011001111001
10001000010000110010000100101111001
10001000010100110100011101101111001
10001000011100110110110110101111001
10001000100100111001001110101111001
10001000101100111011100110001111001
10001000110100111101111101001111001
10001000111101000000010011101111001
10001001001001000010101001001111001
10001001010101000100111110001111001
10001001010111111011000001101111001
10001001001011111101010110101111001
10001000111111111111101100001111001
10001000110100000010000010101111001
10001000101100000100011001101111001
10001000100100000110110001001111001
10001000011100001001001001001111001
10001000010100001011100010001111001
10001000010000001101111011001111001
10001000001000010000010100101111001
10001000000100010010101110001111001
10001000000000010101001000001111001
10001000000000010111100010101111001
10000111111100011001111101001111001
10000111111100011100010111101111001
10000111111000011110110010101111001
10000111111000100001001101001111001
10000111111100100011101000001111001
10000111111100100110000010101111001
10001000000000101000011101001111001
10001000000000101010110111101111001
10001000000100101101010001101111001
10001000001000101111101011001111001
10001000010000110010000100101111001
10001000010100110100011101101111001
10001000011100110110110110101111001
10001000100100111001001110101111001
10001000101100111011100110001111001
10001000110100111101111101001111001
10001000111101000000010011101111001
10001001001001000010101001001111001
10001001010101000100111110001111001
10001001010111111011000001101111001
10001001001011111101010110101111001
10001000111111111111101100001111001
10001000110100000010000010101111001
10001000101100000100011001101111001
10001000100100000110110001001111001
10001000011100001001001001001111001
10001000010100001011100010001111001
10001000010000001101111011001111001
10001000001000010000010100101111001
10001000000100010010101110001111001
10001000000000010101001000001111001
10001000000000010111100010101111001
10000111111100011001111101001111001
10000111111100011100010111101111001
10000111111000011110110010101111001
10000111111000100001001101001101001
10000111111100100011101000001101001
10000111111100100110000010101101001
10001000000000101000011101001101001
10001000000000101010110111101101001
10001000000100101101010001101101001
10001000001000101111101011001101001
10001000010000110010000100101101001
10001000010100110100011101101101001
10001000011100110110110110101101001
10001000100100111001001110101101001
10001000101100111011100110001101001
10001000110100111101111101001101001
10001000111101000000010011101101001
10001001001001000010101001001101001
10001001010101000100111110001101001
10001001010111111011000001101101001
10001001001011111101010110101101001
10001000111111111111101100001101001
10001000110100000010000010101101001
10001000101100000100011001101101001
10001000100100000110110001001101001
10001000011100001001001001001101001
10001000010100001011100010001101001
10001000010000001101111011001101001
10001000001000010000010100101101001
10001000000100010010101110001101001
10001000000000010101001000001101001
10001000000000010111100010101101001
10000111111100011001111101001101001
10000111111100011100010111101101001
10000111111000011110110010101101001
10000111111000100001001101001101001
10000111111100100011101000001101001
10000111111100100110000010101101001
10001000000000101000011101001101001
10001000000000101010110111101101001
10001000000100101101010001101101001
10001000001000101111101011001101001
10001000010000110010000100101101001
10001000010100110100011101101101001
10001000011100110110110110101101001
10001000100100111001001110101101001
10001000101100111011100110001101001
10001000110100111101111101001101001
10001000111101000000010011101101001
10001001001001000010101001001101001
10001001010101000100111110001101001
10001001010111111011000001101101001
10001001001011111101010110101101001
10001000111111111111101100001101001
10001000110100000010000010101101001
10001000101100000100011001101101001
10001000100100000110110001001101001
10001000011100001001001001001101001
10001000010100001011100010001101001
10001000010000001101111011001101001
10001000001000010000010100101101001
10001000000100010010101110001101001
10001000000000010101001000001101001
10001000000000010111100010101101001
10000111111100011001111101001101001
10000111111100011100010111101101001
10000111111000011110110010101101001
10000111111000100001001101001101001
10000111111100100011101000001101001
10000111111100100110000010101101001
10001000000000101000011101001101001
10001000000000101010110111101101001
10001000000100101101010001101101001
10001000001000101111101011001101001
10001000010000110010000100101101001
10001000010100110100011101101101001
10001000011100110110110110101101001
10001000100100111001001110101101001
10001000101100111011100110001101001
10001000110100111101111101001101001
10001000111101000000010011101101001
10001001001001000010101001001101001
10001001010101000100111110001101001
10001001010111111011000001101101001
10001001001011111101010110101101001
10001000111111111111101100001101001
10001000110100000010000010101101001
10001000101100000100011001101101001
10001000100100000110110001001101001
10001000011100001001001001001101001
10001000010100001011100010001101001
10001000010000001101111011001101001
10001000001000010000010100101101001
10001000000100010010101110001101001
10001000000000010101001000001101001
10001000000000010111100010101101001
10000111111100011001111101001101001
10000111111100011100010111101101001
10000111111000011110110010101101001
10000111111000100001001101001101001
10000111111100100011101000001101001
10000111111100100110000010101101001
10001000000000101000011101001101001
10001000000000101010110111101101001
10001000000100101101010001101101001
10001000001000101111101011001101001
10001000010000110010000100101101001
10001000010100110100011101101101001
10001000011100110110110110101101001
10001000100100111001001110101101001
10001000101100111011100110001101001
10001000110100111101111101001111001
10001000111101000000010011101111001
10001001001001000010101001001111001
10001001010101000100111110001111001
10001001010111111011000001101111001
10001001001011111101010110101111001
10001000111111111111101100001111001
10001000110100000010000010101111001
10001000101100000100011001101101001
10001000100100000110110001001101001
10001000011100001001001001001101001
10001000010100001011100010001101001
10001000010000001101111011001101001
10001000001000010000010100101101001
10001000000100010010101110001101001
10001000000000010101001000001101001
10001000000000010111100010101101001
10000111111100011001111101001101001
10000111111100011100010111101101001
10000111111000011110110010101101001
10000111111000100001001101001101001
10000111111100100011101000001111001
10000111111100100110000010101111001
10001000000000101000011101001111001
10001000000000101010110111101111001
10001000000100101101010001101111001
10001000001000101111101011001111001
10001000010000110010000100101111001
10001000010100110100011101101111001
10001000011100110110110110101111001
10001000100100111001001110101111001
10001000101100111011100110001111001
10001000110100111101111101001111001
10001000111101000000010011101111001
10001001001001000010101001001111001
10001001010101000100111110001111001
10001001010111111011000001101111001
10001001001011111101010110101111001
10001000111111111111101100001111001
10001000110100000010000010101111001
10001000101100000100011001101111001
10001000100100000110110001001111001
10001000011100001001001001001111001
10001000010100001011100010001111001
10001000010000001101111011001111001
10001000001000010000010100101111001
10001000000100010010101110001111001
10001000000000010101001000001111001
10001000000000010111100010101111001
10000111111100011001111101001111001
10000111111100011100010111101111001
10000111111000011110110010101101001
10000111111000100001001101001111001
10000111111100100011101000001111001
10000111111100100110000010101111001
10001000000000101000011101001111001
10001000000000101010110111101111001
10001000000100101101010001101111001
10001000001000101111101011001111001
10001000010000110010000100101111001
10001000010100110100011101101111001
10001000011100110110110110101111001
10001000100100111001001110101111001
10001000101100111011100110001111001
10001000110100111101111101001111001
10001000111101000000010011101111001
10001001001001000010101001001111001
10001001010101000100111110001111001
10001001010111111011000001101111001
10001001001011111101010110101111001
10001000111111111111101100001111001
10001000110100000010000010101111001
10001000101100000100011001101111001
10001000100100000110110001001111001
10001000011100001001001001001111001
10001000010100001011100010001111001
10001000010000001101111011001111001
10001000001000010000010100101111001
10001000000100010010101110001111001
10001000000000010101001000001111001
10001000000000010111100010101111001
10000111111100011001111101001111001
10000111111100011100010111101111001
10000111111000011110110010101111001
10000111111000100001001101001111001
10000111111100100011101000001111001
10000111111100100110000010101111001
10001000000000101000011101001111001
10001000000000101010110111101111001
10001000000100101101010001101111001
10001000001000101111101011001111001
10001000010000110010000100101111001
10001000010100110100011101101111001
10001000011100110110110110101111001
10001000100100111001001110101111001
10001000101100111011100110001111001
10001000110100111101111101001111001
10001000111101000000010011101111001
10001001001001000010101001001111001
10001001010101000100111110001111001
10001001010111111011000001101111001
10001001001011111101010110101111001
10001000111111111111101100001111001
10001000110100000010000010101111001
10001000101100000100011001101111001
10001000100100000110110001001111001
10001000011100001001001001001111001
10001000010100001011100010001111001
10001000010000001101111011001111001
10001000001000010000010100101111001
10001000000100010010101110001111001
10001000000000010101001000001111001
10001000000000010111100010101111001
10000111111100011001111101001111001
10000111111100011100010111101111001
10000111111000011110110010101111001
10000111111000100001001101001111001
10000111111100100011101000001111001
10000111111100100110000010101111001
10001000000000101000011101001111001
10001000000000101010110111101111001
10001000000100101101010001101111001
10001000001000101111101011001111001
10001000010000110010000100101111001
10001000010100110100011101101111001
10001000011100110110110110101111001
10001000100100111001001110101111001
10001000101100111011100110001111001
10001000110100111101111101001111001
10001000111101000000010011101111001
10001001001001000010101001001111001
10001001010101000100111110001111001
10001001010111111011000001101111001
10001001001011111101010110101111001
10001000111111111111101100001111001
10001000110100000010000010101111001
10001000101100000100011001101111001
10001000100100000110110001001111001
10001000011100001001001001001111001
10001000010100001011100010001111001
10001000010000001101111011001111001
10001000001000010000010100101111001
10001000000100010010101110001111001
10001000000000010101001000001111001
10001000000000010111100010101111001
10000111111100011001111101001111001
10000111111100011100010111101111001
10000111111000011110110010101111001
