10110001010011010110000100111111111
10110001010111011001000100111111111
10110001011011011100000100111111111
10110001011111011111000100111111111
10110001100111100010000100011111111
10110001101111100101000010111111111
10110001111011101000000001011111111
10110010000111101010111111011111111
10110010000110111110001010011111111
10110001111011000001000111111111111
10110001101111000100000110011111111
10110001100111000111000101011111111
10110001011111001010000100111111111
10110001011011001101000100011111111
10110001010111010000000100011111111
10110001010011010011000100011111111
10110000111011010110000101011111111
10110000111011011001000101111111111
10110000111111011100000110111111111
10110001000011011111000111011111111
10110001001011100010000111011111111
10110001010111100101000110111111111
10110001011111101000000110011111111
10110001101111101011000100011111111
10110001101110111110000100111111111
10110001011111000001000011011111111
10110001010111000100000010011111111
10110001001011000111000001111111111
10110001000011001010000001111111111
10110000111111001101000010011111111
10110000111011010000000011011111111
10110000111011010011000100011111111
10110000011111010110000101011111111
10110000011111011001000111011111111
10110000100011011100001000011111111
10110000101011011111001001111111111
10110000110011100010001010111111111
10110000111011100101001010111111111
10110001000111101000001010111111111
10110001010011101011001001111111111
10110001010010111101111111011111111
10110001000111000000111110011111111
10110000111011000011111110011111111
10110000110011000110111110111111111
10110000101011001001111111011111111
10110000100011001101000000111111111
10110000011111010000000010011111111
10110000011111010011000011111111111
10110000000011010110000101111111111
10110000000111011001001000011111111
10110000001011011100001010011111111
10110000001111011111001100011111111
10110000010111100010001101111111111
10110000100011100101001110111111111
10110000101011101000001111011111111
10110000111011101011001111011111111
10110000111010111101111001111111111
10110000101011000000111001111111111
10110000100011000011111010011111111
10110000010111000110111011011111111
10110000001111001001111100111111111
10110000001011001100111110111111111
10110000000111010000000001011111111
10110000000011010011000011011111111
10101111101011010110000110011111111
10101111101011011001001001011111111
10101111101111011100001100011111111
10101111110111011111001110111111111
10101111111111100010010001011111111
10110000000111100101010010111111111
10110000010011101000010100011111111
10110000011111101011010100111111111
10110000011110111101110100011111111
10110000010011000000110100111111111
10110000000111000011110110011111111
10101111111111000110110111111111111
10101111110111001001111010011111111
10101111101111001100111100111111111
10101111101011001111111111111111111
10101111101011010011000010111111111
10101111001111010110000110111111111
10101111010011011001001010011111111
10101111010111011100001110011111111
10101111011011011111010001011111111
10101111100011100010010100011111111
10101111101011100101010111011111111
10101111110111101000011000111111111
10110000000111101011011010011111111
10110000000110111101101110111111111
10101111110111000000110000011111111
10101111101011000011110010011111111
10101111100011000110110100111111111
10101111011011001001110111111111111
10101111010111001100111011011111111
10101111010011001111111110111111111
10101111001111010011000010111111111
10101110110111010110000110111111111
10101110110111011001001011011111111
10101110111011011100001111111111111
10101111000011011111010100011111111
10101111001011100010010111111111111
10101111010011100101011011011111111
10101111011111101000011101111111111
10101111101011101011011111111111111
10101111101010111101101001011111111
10101111011111000000101011011111111
10101111010011000011101110011111111
10101111001011000110110001011111111
10101111000011001001110101011111111
10101110111011001100111001011111111
10101110110111001111111101111111111
10101110110111010011000010011111111
10101110011011010110000111011111111
10101110011111011001001100111111111
10101110100011011100010001111111111
10101110100111011111010110111111111
10101110101111100010011011011111111
10101110110111100101011111011111111
10101111000011101000100010111111111
10101111010011101011100101011111111
10101111010010111101100011111111111
10101111000011000000100110011111111
10101110110111000011101001111111111
10101110101111000110101101111111111
10101110100111001001110010011111111
10101110100011001100110111011111111
10101110011111001111111100111111111
10101110011011010011000001111111111
10101110000011010110000111111111111
10101110000011011001001101111111111
10101110000111011100010011111111111
10101110001111011111011001011111111
10101110010011100010011110111111111
10101110011111100101100011011111111
10101110101011101000100111111111111
10101110110111101011101011011111111
10101110110110111101011110011111111
10101110101011000000100001111111111
10101110011111000011100101111111111
10101110010011000110101010011111111
10101110001111001001101111111111111
10101110000111001100110101011111111
10101110000011001111111011011111111
10101110000011010011000001011111111
10101101100111010110001000011111111
10101101101011011001001110111111111
10101101101111011100010101111111111
10101101110011011111011100011111111
10101101111011100010100010011111111
10101110000011100101100111111111111
10101110001111101000101100111111111
10101110011111101011110000111111111
10101110011110111101011000011111111
10101110001111000000011100111111111
10101110000011000011100001111111111
10101101111011000110100111011111111
10101101110011001001101101011111111
10101101101111001100110011011111111
10101101101011001111111010011111111
10101101100111010011000001011111111
10101101001111010110001000011111111
10101101001111011001010000011111111
10101101010011011100010111111111111
10101101010111011111011110111111111
10101101011111100010100101111111111
10101101101011100101101011111111111
10101101110111101000110001111111111
10101110000011101011110110011111111
10101110000010111101010010111111111
10101101110111000000010111111111111
10101101101011000011011101011111111
10101101011111000110100011111111111
10101101010111001001101010011111111
10101101010011001100110001111111111
10101101001111001111111001011111111
10101101001111010011000000111111111
10101100110011010110001000111111111
10101100110011011001010001011111111
10101100110111011100011001111111111
10101100111111011111100001111111111
10101101000111100010101001011111111
10101101001111100101110000011111111
10101101011011101000110110111111111
10101101101011101011111100011111111
10101101101010111101001100111111111
10101101011011000000010010111111111
10101101001111000011011001011111111
10101101000111000110100000011111111
10101100111111001001100111111111111
10101100110111001100101111111111111
10101100110011001111110111111111111
10101100110011010011000000011111111
10101100010111010110001001011111111
10101100011011011001010010011111111
10101100011111011100011011111111111
10101100100011011111100100011111111
10101100101011100010101100111111111
10101100110111100101110100011111111
10101101000011101000111011111111111
10101101001111101100000010011111111
10101101001110111101000111011111111
10101101000011000000001101111111111
10101100110111000011010100111111111
10101100101011000110011100111111111
10101100100011001001100100111111111
10101100011111001100101101111111111
10101100011011001111110110111111111
10101100010111010010111111111111111
10101011111111010110001001111111111
10101011111111011001010011111111111
10101100000011011100011101011111111
10101100001011011111100111011111111
10101100010011100010110000011111111
10101100011011100101111000111111111
10101100100111101001000000111111111
10101100110111101100000111111111111
10101100110110111101000001011111111
10101100100111000000001000011111111
10101100011011000011010000011111111
10101100010011000110011000111111111
10101100001011001001100010011111111
10101100000011001100101011111111111
10101011111111001111110101111111111
10101011111111010010111111111111111
10101011100011010110001010011111111
10101011100111011001010100111111111
10101011101011011100011111011111111
10101011101111011111101001111111111
10101011110111100010110011111111111
10101100000011100101111101011111111
10101100001111101001000101111111111
10101100011011101100001101111111111
10101100011010111100111011011111111
10101100001111000000000011011111111
10101100000011000011001100011111111
10101011110111000110010101011111111
10101011101111001001011111011111111
10101011101011001100101001111111111
10101011100111001111110100011111111
10101011100011010010111111011111111
10101011001011010110001010011111111
10101011001011011001010110011111111
10101011001111011100100001111111111
10101011010111011111101100111111111
10101011011111100010110111011111111
10101011100111100110000001111111111
10101011110011101001001011011111111
10101100000011101100010011111111111
10101100000010111100110101011111111
10101011110010111111111110011111111
10101011100111000011000111111111111
10101011011111000110010001111111111
10101011010111001001011100011111111
10101011001111001100100111111111111
10101011001011001111110011011111111
10101011001011010010111110111111111
10110111110111010101111111011111111
10110111110111011000110100111111111
10110111111011011011101001111111111
10111000000011011110011110111111111
10111000000111100001010011011111111
10111000010011100100000111111111111
10111000011011100110111011011111111
10111000100111101001101110111111111
10111000100110111111011010111111111
10111000011011000010001101111111111
10111000010011000101000001111111111
10111000000111000111110101111111111
10111000000011001010101010111111111
10110111111011001101011111011111111
10110111110111010000010100111111111
10110111110111010011001001111111111
10110111011011010101111111111111111
10110111011111011000110101011111111
10110111100011011011101011011111111
10110111100111011110100000111111111
10110111101111100001010110011111111
10110111110111100100001011011111111
10111000000011100110111111011111111
10111000001111101001110011011111111
10111000001110111111010101111111111
10111000000011000010001001111111111
10110111110111000100111110011111111
10110111101111000111110011011111111
10110111100111001010101000011111111
10110111100011001101011101111111111
10110111011111010000010011111111111
10110111011011010011001001111111111
10110111000011010101111111111111111
10110111000011011000110110011111111
10110111000111011011101100111111111
10110111001111011110100011011111111
10110111010011100001011001011111111
10110111011111100100001110111111111
10110111100111100111000011111111111
10110111110011101001111000011111111
10110111110010111111010001011111111
10110111100111000010000101111111111
10110111011111000100111010111111111
10110111010011000111110000011111111
10110111001111001010100110011111111
10110111000111001101011100011111111
10110111000011010000010010111111111
10110111000011010011001001011111111
10110110100111010110000000011111111
10110110101011011000110111011111111
10110110101111011011101110111111111
10110110110011011110100101011111111
10110110111011100001011011111111111
10110111000011100100010010011111111
10110111001111100111000111111111111
10110111011011101001111100111111111
10110111011010111111001100011111111
10110111001111000010000001011111111
10110111000011000100110111011111111
10110110111011000111101101011111111
10110110110011001010100011111111111
10110110101111001101011010111111111
10110110101011010000010001111111111
10110110100111010011001000111111111
10110110001111010110000000111111111
10110110001111011000111000011111111
10110110010011011011110000011111111
10110110010111011110100111111111111
10110110011111100001011110111111111
10110110100111100100010101111111111
10110110110011100111001100011111111
10110110111111101010000001111111111
10110110111110111111000111011111111
10110110110011000001111101011111111
10110110100111000100110011011111111
10110110011111000111101010011111111
10110110010111001010100001011111111
10110110010011001101011000111111111
10110110001111010000010000111111111
10110110001111010011001000111111111
10110101110011010110000000111111111
10110101110111011000111001011111111
10110101111011011011110001111111111
10110101111111011110101010011111111
10110110000111100001100001111111111
10110110001111100100011001011111111
10110110011011100111010000011111111
10110110100111101010000110111111111
10110110100110111111000010011111111
10110110011011000001111000111111111
10110110001111000100101111111111111
10110110000111000111100111011111111
10110101111111001010011111011111111
10110101111011001101010111011111111
10110101110111010000001111111111111
10110101110011010011001000011111111
10110101011011010110000001011111111
10110101011011011000111010011111111
10110101011111011011110011111111111
10110101100011011110101100011111111
10110101101011100001100100111111111
10110101110011100100011101011111111
10110101111111100111010100111111111
10110110001011101010001011111111111
10110110001010111110111101011111111
10110101111111000001110100111111111
10110101110011000100101100011111111
10110101101011000111100100011111111
10110101100011001010011100111111111
10110101011111001101010101111111111
10110101011011010000001110111111111
10110101011011010011000111111111111
10110100111111010110000001111111111
10110101000011011000111011011111111
10110101000011011011110101011111111
10110101001011011110101110111111111
10110101010011100001100111111111111
10110101011011100100100000111111111
10110101100111100111011000111111111
10110101110011101010010000111111111
10110101110010111110111000111111111
10110101100111000001110000011111111
10110101011011000100101000011111111
10110101010011000111100001011111111
10110101001011001010011010011111111
10110101000011001101010011111111111
10110101000011010000001101111111111
10110100111111010011000111111111111
10110100100111010110000001111111111
10110100100111011000111100011111111
10110100101011011011110110111111111
10110100101111011110110001011111111
10110100110111100001101010111111111
10110100111111100100100100011111111
10110101001011100111011101011111111
10110101010111101010010101111111111
10110101010110111110110011111111111
10110101001011000001101011111111111
10110100111111000100100100111111111
10110100110111000111011110011111111
10110100101111001010011000011111111
10110100101011001101010010011111111
10110100100111010000001100111111111
10110100100111010011000111011111111
10110100001011010110000010011111111
10110100001011011000111101011111111
10110100001111011011111000111111111
10110100010111011110110011011111111
10110100011111100001101101111111111
10110100100111100100101000011111111
10110100110011100111100001111111111
10110100111111101010011010111111111
10110100111110111110101110011111111
10110100110011000001100111011111111
10110100100111000100100001011111111
10110100011111000111011011011111111
10110100010111001010010101111111111
10110100001111001101010000111111111
10110100001011010000001011111111111
10110100001011010011000110111111111
10110011101111010110000010111111111
10110011110011011000111110111111111
10110011110111011011111010011111111
10110011111011011110110101111111111
10110100000011100001110001011111111
10110100001011100100101011111111111
10110100010111100111100110011111111
10110100100011101010011111111111111
10110100100010111110101001011111111
10110100010111000001100011011111111
10110100001011000100011101011111111
10110100000011000111011000011111111
10110011111011001010010011011111111
10110011110111001101001110111111111
10110011110011010000001010111111111
10110011101111010011000110111111111
10110011010111010110000010111111111
10110011010111011000111111111111111
10110011011011011011111100011111111
10110011100011011110111000011111111
10110011100111100001110100011111111
10110011110011100100101111111111111
10110011111111100111101010111111111
10110100001011101010100100111111111
10110100001010111110100100011111111
10110011111111000001011110111111111
10110011110011000100011001111111111
10110011100111000111010100111111111
10110011100011001010010000111111111
10110011011011001101001101011111111
10110011010111010000001001111111111
10110011010111010011000110011111111
10110010111011010110000011011111111
10110010111111011001000000111111111
10110011000011011011111101111111111
10110011000111011110111010111111111
10110011001111100001110111011111111
10110011010111100100110011011111111
10110011100011100111101111011111111
10110011101111101010101010011111111
10110011101110111110011111011111111
10110011100011000001011010011111111
10110011010111000100010101111111111
10110011001111000111010001111111111
10110011000111001010001110011111111
10110011000011001101001011011111111
10110010111111010000001000111111111
10110010111011010011000101111111111
10110010100011010110000011111111111
10110010100011011001000001111111111
10110010100111011011111111111111111
10110010101111011110111101011111111
10110010110011100001111010011111111
10110010111111100100110111011111111
10110011000111100111110011111111111
10110011010111101010101111011111111
10110011010110111110011001111111111
10110011000111000001010101111111111
10110010111111000100010001111111111
10110010110011000111001110111111111
10110010101111001010001011111111111
10110010100111001101001001111111111
10110010100011010000000111111111111
10110010100011010011000101111111111
10110010000111010110000011111111111
10110010001011011001000010111111111
10110010001111011100000001011111111
10110010010011011110111111111111111
10110010011011100001111101111111111
10110010100011100100111011011111111
10110010101111100111111000011111111
10110010111011101010110100011111111
10110010111010111110010100111111111
10110010101111000001010001011111111
10110010100011000100001101111111111
10110010011011000111001011111111111
10110010010011001010001001111111111
10110010001111001101000111111111111
10110010001011010000000110011111111
10110010000111010011000101011111111
10110001101111010110000100011111111
10110001101111011001000011111111111
10110001110011011100000011011111111
10110001110111011111000010011111111
10110001111111100010000000111111111
10110010001011100100111111011111111
10110010010011100111111100111111111
10110010100011101010111001111111111
10110010100010111110001111011111111
10110010010011000001001100011111111
10110010001011000100001010011111111
10110001111111000111001000011111111
10110001110111001010000111011111111
10110001110011001101000110011111111
10110001101111010000000101011111111
10110001101111010011000100111111111
