10101001100111010101011000011111111
10101001100111010110111111111111111
10101001100111011000100111011111111
10101001101011011010001110011111111
10101001101011011011110101111111111
10101001101111011101011100111111111
10101001110011011111000011111111111
10101001110011100000101010111111111
10101001110111100010010001111111111
10101001111111100011111000111111111
10101010000011100101011111011111111
10101010000111100111000101111111111
10101010001111101000101011111111111
10101010010011101010010001111111111
10101010011011101011110111111111111
10101010100011101101011101011111111
10101010100010111011101011111111111
10101010011010111101010001011111111
10101010010010111110110111011111111
10101010001111000000011101011111111
10101010000111000010000011011111111
10101010000011000011101001111111111
10101001111111000101010000111111111
10101001110111000110110111011111111
10101001110011001000011110011111111
10101001110011001010000101011111111
10101001101111001011101100011111111
10101001101011001101010011011111111
10101001101011001110111010111111111
10101001100111010000100010011111111
10101001100111010010001001011111111
10101001100111010011110000111111111
10101001001011010101011000011111111
10101001001111010111000000011111111
10101001001111011000101000011111111
10101001001111011010001111111111111
10101001010011011011110111111111111
10101001010011011101011111011111111
10101001010111011111000110111111111
10101001011011100000101110011111111
10101001011111100010010101011111111
10101001100011100011111100111111111
10101001100111100101100011111111111
10101001101111100111001010011111111
10101001110011101000110001011111111
10101001111011101010010111111111111
10101010000011101011111101111111111
10101010001011101101100011111111111
10101010001010111011100101011111111
10101010000010111101001011011111111
10101001111010111110110001111111111
10101001110011000000011000011111111
10101001101111000001111110111111111
10101001100111000011100101111111111
10101001100011000101001100111111111
10101001011111000110110011111111111
10101001011011001000011011011111111
10101001010111001010000010011111111
10101001010011001011101001111111111
10101001010011001101010001111111111
10101001001111001110111001011111111
10101001001111010000100001011111111
10101001001111010010001000111111111
10101001001011010011110000111111111
10101000110011010101011000111111111
10101000110011010111000000111111111
10101000110011011000101001011111111
10101000110111011010010001011111111
10101000110111011011111001011111111
10101000111011011101100001011111111
10101000111111011111001001011111111
10101000111111100000110001011111111
10101001000011100010011000111111111
10101001001011100100000000111111111
10101001001111100101100111111111111
10101001010011100111001111011111111
10101001011011101000110110011111111
10101001011111101010011101011111111
10101001100111101100000011111111111
10101001101111101101101010011111111
10101001101110111011011110111111111
10101001100110111101000101011111111
10101001011110111110101011111111111
10101001011011000000010010111111111
10101001010011000001111001111111111
10101001001111000011100001011111111
10101001001011000101001000111111111
10101001000011000110110000011111111
10101000111111001000010111111111111
10101000111111001001111111111111111
10101000111011001011100111111111111
10101000110111001101001111111111111
10101000110111001110110111111111111
10101000110011010000011111111111111
10101000110011010010001000011111111
10101000110011010011110000011111111
10101000010111010101011000111111111
10101000010111010111000001111111111
10101000011011011000101010011111111
10101000011011011010010010111111111
10101000011111011011111011011111111
10101000011111011101100011111111111
10101000100011011111001100011111111
10101000100111100000110100011111111
10101000101011100010011100111111111
10101000101111100100000100111111111
10101000110011100101101100011111111
10101000111011100111010100011111111
10101000111111101000111011111111111
10101001000111101010100010111111111
10101001001111101100001001111111111
10101001010111101101110000111111111
10101001010110111011011000011111111
10101001001110111100111111011111111
10101001000110111110100110011111111
10101000111111000000001101111111111
10101000111011000001110101011111111
10101000110011000011011100111111111
10101000101111000101000100111111111
10101000101011000110101100111111111
10101000100111001000010100111111111
10101000100011001001111100111111111
10101000011111001011100101011111111
10101000011111001101001101111111111
10101000011011001110110110011111111
10101000011011010000011110111111111
10101000010111010010000111111111111
10101000010111010011110000011111111
10100111111111010101011001011111111
10100111111111010111000010011111111
10100111111111011000101011011111111
10101000000011011010010100011111111
10101000000011011011111101011111111
10101000000111011101100110011111111
10101000000111011111001110111111111
10101000001011100000110111111111111
10101000001111100010100000011111111
10101000010011100100001000111111111
10101000011011100101110000111111111
10101000011111100111011000111111111
10101000100111101001000000111111111
10101000101011101010101000111111111
10101000110011101100010000011111111
10101000111011101101110111011111111
10101000111010111011010001111111111
10101000110010111100111001011111111
10101000101010111110100000111111111
10101000100111000000001000011111111
10101000011111000001110000011111111
10101000011011000011011000011111111
10101000010011000101000000111111111
10101000001111000110101000111111111
10101000001011001000010001011111111
10101000000111001001111010011111111
10101000000111001011100010111111111
10101000000011001101001011111111111
10101000000011001110110100111111111
10100111111111010000011101111111111
10100111111111010010000110111111111
10100111111111010011110000011111111
10100111100011010101011001011111111
10100111100011010111000010111111111
10100111100111011000101100011111111
10100111100111011010010101111111111
10100111100111011011111111011111111
10100111101011011101101000111111111
10100111101111011111010001111111111
10100111110011100000111010111111111
10100111110111100010100011111111111
10100111111011100100001100111111111
10100111111111100101110101011111111
10101000000111100111011101111111111
10101000001011101001000110011111111
10101000010011101010101110011111111
10101000011011101100010110011111111
10101000100011101101111101111111111
10101000100010111011001011011111111
10101000011010111100110010111111111
10101000010010111110011010111111111
10101000001011000000000010111111111
10101000000111000001101011011111111
10100111111111000011010011111111111
10100111111011000100111100011111111
10100111110111000110100101011111111
10100111110011001000001110011111111
10100111101111001001110111011111111
10100111101011001011100000111111111
10100111100111001101001001111111111
10100111100111001110110011011111111
10100111100111010000011100111111111
10100111100011010010000110011111111
10100111100011010011101111111111111
10100111001011010101011001111111111
10100111001011010111000011111111111
10100111001011011000101101011111111
10100111001011011010010111011111111
10100111001111011100000001011111111
10100111010011011101101010111111111
10100111010011011111010100111111111
10100111010111100000111110011111111
10100111011011100010100111111111111
10100111011111100100010000111111111
10100111100111100101111001111111111
10100111101011100111100010111111111
10100111110011101001001011111111111
10100111110111101010110100011111111
10100111111111101100011100011111111
10101000000111101110000100111111111
10101000000110111011000100111111111
10100111111110111100101100111111111
10100111110110111110010100111111111
10100111110010111111111101111111111
10100111101011000001100110011111111
10100111100111000011001111011111111
10100111011111000100111000011111111
10100111011011000110100001111111111
10100111010111001000001010111111111
10100111010011001001110100111111111
10100111010011001011011110011111111
10100111001111001101000111111111111
10100111001011001110110001111111111
10100111001011010000011011111111111
10100111001011010010000101111111111
10100111001011010011101111111111111
10100110101111010101011001111111111
10100110101111010111000100011111111
10100110101111011000101110111111111
10100110110011011010011000111111111
10100110110011011100000011011111111
10100110110111011101101101011111111
10100110111011011111010111011111111
10100110111111100001000001011111111
10100111000011100010101011011111111
10100111000111100100010101011111111
10100111001011100101111110111111111
10100111010011100111100111111111111
10100111010111101001010001011111111
10100111011111101010111010011111111
10100111100111101100100010111111111
10100111101111101110001011011111111
10100111101110111010111101111111111
10100111100110111100100110011111111
10100111011110111110001111011111111
10100111010110111111111000011111111
10100111010011000001100001011111111
10100111001011000011001010111111111
10100111000111000100110100011111111
10100111000011000110011101111111111
10100110111111001000000111111111111
10100110111011001001110001111111111
10100110110111001011011011111111111
10100110110011001101000101111111111
10100110110011001110110000011111111
10100110101111010000011010111111111
10100110101111010010000100111111111
10100110101111010011101111011111111
10101100110111010101010110111111111
10101100111011010110111010111111111
10101100111011011000011110111111111
10101100111011011010000011011111111
10101100111111011011100111011111111
10101100111111011101001011011111111
10101101000011011110101110111111111
10101101000111100000010010111111111
10101101001011100001110110011111111
10101101001111100011011010011111111
10101101010011100100111101111111111
10101101010111100110100000111111111
10101101011111101000000011111111111
10101101100011101001100110111111111
10101101101011101011001001111111111
10101101110011101100101100011111111
10101101110010111100011100111111111
10101101101010111101111111111111111
10101101100010111111100010011111111
10101101011111000001000101011111111
10101101010111000010101000011111111
10101101010011000100001011111111111
10101101001111000101101111011111111
10101101001011000111010010111111111
10101101000111001000110110011111111
10101101000011001010011010011111111
10101100111111001011111110011111111
10101100111111001101100010011111111
10101100111011001111000110011111111
10101100111011010000101010011111111
10101100111011010010001110011111111
10101100110111010011110010011111111
10101100011111010101010110111111111
10101100011111010110111011011111111
10101100011111011000011111111111111
10101100100011011010000100011111111
10101100100011011011101000111111111
10101100100111011101001101011111111
10101100100111011110110001111111111
10101100101011100000010101111111111
10101100101111100001111001111111111
10101100110011100011011101111111111
10101100111011100101000001111111111
10101100111111100110100101011111111
10101101000011101000001000111111111
10101101001011101001101100011111111
10101101010011101011001111011111111
10101101010111101100110010011111111
10101101010110111100010110111111111
10101101010010111101111001111111111
10101101001010111111011101011111111
10101101000011000001000000011111111
10101100111111000010100011111111111
10101100111011000100000111111111111
10101100110011000101101011011111111
10101100101111000111001111011111111
10101100101011001000110011011111111
10101100100111001010010111111111111
10101100100111001011111011111111111
10101100100011001101100000011111111
10101100100011001111000100111111111
10101100011111010000101001011111111
10101100011111010010001101111111111
10101100011111010011110010011111111
10101100000011010101010111011111111
10101100000011010110111011111111111
10101100000111011000100000111111111
10101100000111011010000101111111111
10101100001011011011101010111111111
10101100001011011101001111011111111
10101100001111011110110100011111111
10101100010011100000011000111111111
10101100010111100001111101011111111
10101100011011100011100001111111111
10101100011111100101000101111111111
10101100100011100110101001111111111
10101100101011101000001101111111111
10101100101111101001110001011111111
10101100110111101011010100111111111
10101100111111101100111000011111111
10101100111110111100010000111111111
10101100110110111101110100011111111
10101100101110111111010111111111111
10101100101011000000111011011111111
10101100100011000010011111011111111
10101100011111000100000011011111111
10101100011011000101100111111111111
10101100010111000111001011111111111
10101100010011001000110000011111111
10101100001111001010010101011111111
10101100001011001011111001111111111
10101100001011001101011110011111111
10101100000111001111000011011111111
10101100000111010000101000011111111
10101100000011010010001101011111111
10101100000011010011110010011111111
10101011101011010101010111011111111
10101011101011010110111100111111111
10101011101011011000100001111111111
10101011101011011010000111011111111
10101011101111011011101100011111111
10101011110011011101010001111111111
10101011110011011110110110111111111
10101011110111100000011011111111111
10101011111011100010000000111111111
10101011111111100011100101011111111
10101100000111100101001001111111111
10101100001011100110101110011111111
10101100001111101000010010111111111
10101100010111101001110110111111111
10101100011111101011011010111111111
10101100100011101100111110011111111
10101100100010111100001010111111111
10101100011110111101101110111111111
10101100010110111111010010011111111
10101100001111000000110110111111111
10101100001011000010011010111111111
10101100000111000011111111011111111
10101011111111000101100011111111111
10101011111011000111001000111111111
10101011110111001000101101011111111
10101011110011001010010010011111111
10101011110011001011110111111111111
10101011101111001101011100111111111
10101011101011001111000001111111111
10101011101011010000100111011111111
10101011101011010010001100111111111
10101011101011010011110001111111111
10101011001111010101010111011111111
10101011001111010110111101011111111
10101011010011011000100010111111111
10101011010011011010001000111111111
10101011010011011011101110011111111
10101011010111011101010011111111111
10101011011011011110111001011111111
10101011011111100000011110111111111
10101011100011100010000011111111111
10101011100111100011101001011111111
10101011101011100101001110011111111
10101011101111100110110010111111111
10101011110111101000010111111111111
10101011111011101001111100011111111
10101100000011101011100000011111111
10101100001011101101000100011111111
10101100001010111100000100111111111
10101100000010111101101000111111111
10101011111010111111001101011111111
10101011110111000000110001111111111
10101011101111000010010110011111111
10101011101011000011111011011111111
10101011100111000101100000011111111
10101011100011000111000101011111111
10101011011111001000101010011111111
10101011011011001010001111111111111
10101011010111001011110101011111111
10101011010011001101011010111111111
10101011010011001111000000111111111
10101011010011010000100110011111111
10101011001111010010001011111111111
10101011001111010011110001111111111
10101010110111010101010111111111111
10101010110111010110111101111111111
10101010110111011000100011111111111
10101010110111011010001010011111111
10101010111011011011110000011111111
10101010111011011101010110011111111
10101010111111011110111011111111111
10101011000011100000100001111111111
10101011000111100010000111011111111
10101011001011100011101100111111111
10101011001111100101010010011111111
10101011010111100110110111111111111
10101011011011101000011100111111111
10101011100011101010000001111111111
10101011101011101011100110011111111
10101011110011101101001010111111111
10101011110010111011111110111111111
10101011101010111101100010111111111
10101011100010111111000111111111111
10101011011011000000101100111111111
10101011010111000010010001111111111
10101011001111000011110110111111111
10101011001011000101011100011111111
10101011000111000111000001111111111
10101011000011001000100111011111111
10101010111111001010001101011111111
10101010111011001011110011011111111
10101010111011001101011001011111111
10101010110111001110111111011111111
10101010110111010000100101011111111
10101010110111010010001011011111111
10101010110111010011110001011111111
10101010011011010101010111111111111
10101010011011010110111110011111111
10101010011011011000100100111111111
10101010011111011010001011011111111
10101010011111011011110001111111111
10101010100011011101011000011111111
10101010100111011110111110111111111
10101010101011100000100100111111111
10101010101111100010001010111111111
10101010110011100011110000111111111
10101010110111100101010110111111111
10101010111011100110111100011111111
10101011000011101000100001111111111
10101011000111101010000110111111111
10101011001111101011101100011111111
10101011010111101101010000111111111
10101011010110111011111000011111111
10101011001110111101011101011111111
10101011000110111111000010011111111
10101011000011000000100111011111111
10101010111011000010001100111111111
10101010110111000011110010111111111
10101010110011000101011000011111111
10101010101111000110111110011111111
10101010101011001000100100011111111
10101010100111001010001010111111111
10101010100011001011110000111111111
10101010011111001101010111011111111
10101010011111001110111101111111111
10101010011011010000100100011111111
10101010011011010010001010111111111
10101010011011010011110001011111111
10101010000011010101011000011111111
10101010000011010110111111011111111
10101010000011011000100101111111111
10101010000011011010001100111111111
10101010000111011011110011111111111
10101010000111011101011010111111111
10101010001011011111000001011111111
10101010001111100000100111111111111
10101010010011100010001110011111111
10101010010111100011110100111111111
10101010011011100101011010111111111
10101010100011100111000000111111111
10101010100111101000100110111111111
10101010101111101010001100011111111
10101010110111101011110001111111111
10101010111111101101010111011111111
10101010111110111011110010011111111
10101010110110111101010111011111111
10101010101110111110111100111111111
10101010100111000000100010011111111
10101010100011000010001000011111111
10101010011011000011101110011111111
10101010010111000101010100011111111
10101010010011000110111010111111111
10101010001111001000100001011111111
10101010001011001010000111111111111
10101010000111001011101110111111111
10101010000111001101010101011111111
10101010000011001110111100011111111
10101010000011010000100011011111111
10101010000011010010001010011111111
10101010000011010011110001011111111
