10100011000011010101011011111111111
10100011000011010111001010011111111
10100011000011011000111000111111111
10100011000111011010100111011111111
10100011000111011100010101111111111
10100011001011011110000100011111111
10100011001111011111110010011111111
10100011010011100001100000011111111
10100011010111100011001110011111111
10100011011011100100111011111111111
10100011011111100110101001111111111
10100011100111101000010110111111111
10100011101111101010000100011111111
10100011110011101011110001011111111
10100011111011101101011101111111111
10100100000011101111001010011111111
10100100000010111001111111011111111
10100011111010111011101011011111111
10100011110010111101011000011111111
10100011101110111111000101011111111
10100011100111000000110010011111111
10100011011111000010011111111111111
10100011011011000100001101011111111
10100011010111000101111010111111111
10100011010011000111101000111111111
10100011001111001001010110111111111
10100011001011001011000101011111111
10100011000111001100110011011111111
10100011000111001110100001111111111
10100011000011010000010000011111111
10100011000011010001111110111111111
10100011000011010011101101011111111
10100010101011010101011100011111111
10100010101011010111001011011111111
10100010101011011000111010011111111
10100010101011011010101001011111111
10100010101111011100010111111111111
10100010110011011110000110111111111
10100010110011011111110101011111111
10100010110111100001100011111111111
10100010111011100011010010011111111
10100011000011100101000000111111111
10100011000111100110101110111111111
10100011001011101000011100011111111
10100011010011101010001010011111111
10100011011011101011110111011111111
10100011100011101101100100011111111
10100011101011101111010001011111111
10100011101010111001110111111111111
10100011100010111011100100111111111
10100011011010111101010001111111111
10100011010010111110111111011111111
10100011001011000000101100111111111
10100011000111000010011010111111111
10100011000011000100001000111111111
10100010111011000101110110111111111
10100010110111000111100101011111111
10100010110011001001010011111111111
10100010110011001011000010011111111
10100010101111001100110001011111111
10100010101011001110100000011111111
10100010101011010000001111011111111
10100010101011010001111110011111111
10100010101011010011101101011111111
10100010001111010101011100011111111
10100010001111010111001011111111111
10100010001111011000111011011111111
10100010010011011010101010111111111
10100010010011011100011010011111111
10100010010111011110001001011111111
10100010011011011111111000011111111
10100010011111100001100111111111111
10100010100011100011010110011111111
10100010100111100101000101011111111
10100010101011100110110011111111111
10100010110011101000100001111111111
10100010111011101010001111111111111
10100010111111101011111101111111111
10100011000111101101101011011111111
10100011001111101111011000111111111
10100011001110111001110000011111111
10100011000110111011011101111111111
10100010111110111101001011011111111
10100010111010111110111001011111111
10100010110011000000100111011111111
10100010101011000010010101111111111
10100010100111000100000100011111111
10100010100011000101110010111111111
10100010011111000111100001111111111
10100010011011001001010000111111111
10100010010111001010111111111111111
10100010010011001100101111011111111
10100010010011001110011110011111111
10100010001111010000001101111111111
10100010001111010001111101011111111
10100010001111010011101100111111111
10100001110011010101011100111111111
10100001110111010111001100111111111
10100001110111011000111100111111111
10100001110111011010101100011111111
10100001111011011100011100011111111
10100001111011011110001100011111111
10100001111111011111111011111111111
10100010000011100001101011011111111
10100010000111100011011010011111111
10100010001111100101001001111111111
10100010010011100110111000111111111
10100010010111101000100111011111111
10100010011111101010010101111111111
10100010100111101100000100011111111
10100010101111101101110010011111111
10100010110111101111100000011111111
10100010110110111001101001011111111
10100010101110111011010110111111111
10100010100110111101000100111111111
10100010011110111110110011011111111
10100010010111000000100001111111111
10100010010011000010010000011111111
10100010001111000011111111011111111
10100010000111000101101110111111111
10100010000011000111011110011111111
10100001111111001001001101111111111
10100001111011001010111101011111111
10100001111011001100101100111111111
10100001110111001110011100111111111
10100001110111010000001100111111111
10100001110111010001111100111111111
10100001110011010011101100111111111
10100001011011010101011100111111111
10100001011011010111001101011111111
10100001011011011000111101111111111
10100001011111011010101110011111111
10100001011111011100011110011111111
10100001100011011110001110111111111
10100001100111011111111110111111111
10100001101011100001101110111111111
10100001101111100011011110111111111
10100001110011100101001110011111111
10100001110111100110111101111111111
10100001111111101000101101011111111
10100010000011101010011100011111111
10100010001011101100001010111111111
10100010010011101101111001011111111
10100010011011101111100111111111111
10100010011010111001100001111111111
10100010010010111011001111111111111
10100010001010111100111110011111111
10100010000010111110101101011111111
10100001111111000000011100011111111
10100001110111000010001011011111111
10100001110011000011111010111111111
10100001101111000101101010011111111
10100001101011000111011010011111111
10100001100111001001001010011111111
10100001100011001010111010011111111
10100001011111001100101010111111111
10100001011111001110011010111111111
10100001011011010000001011011111111
10100001011011010001111011111111111
10100001011011010011101100011111111
10100000111111010101011101011111111
10100000111111010111001110011111111
10100001000011011000111110111111111
10100001000011011010101111111111111
10100001000111011100100000111111111
10100001000111011110010001011111111
10100001001011100000000010011111111
10100001001111100001110010111111111
10100001010011100011100010111111111
10100001010111100101010010111111111
10100001011111100111000010111111111
10100001100011101000110010111111111
10100001101011101010100010011111111
10100001110011101100010001011111111
10100001111011101110000000011111111
10100010000011101111101111011111111
10100010000010111001011010011111111
10100001111010111011001000111111111
10100001110010111100110111111111111
10100001101010111110100110111111111
10100001100011000000010110011111111
10100001011111000010000110011111111
10100001010111000011110110011111111
10100001010011000101100110011111111
10100001001111000111010110111111111
10100001001011001001000111011111111
10100001000111001010110111111111111
10100001000111001100101000011111111
10100001000011001110011001011111111
10100001000011010000001010011111111
10100000111111010001111011011111111
10100000111111010011101100011111111
10100000100111010101011101011111111
10100000100111010111001110111111111
10100000100111011001000000011111111
10100000101011011010110001111111111
10100000101011011100100010111111111
10100000101111011110010100011111111
10100000110011100000000101011111111
10100000110111100001110110011111111
10100000111011100011100111011111111
10100000111111100101010111111111111
10100001000011100111001000011111111
10100001001011101000111000011111111
10100001001111101010101000011111111
10100001010111101100011000011111111
10100001011111101110000111111111111
10100001100111101111110110111111111
10100001100110111001010010011111111
10100001011110111011000001111111111
10100001010110111100110001011111111
10100001001110111110100000111111111
10100001001011000000010000111111111
10100001000011000010000000111111111
10100000111111000011110001011111111
10100000111011000101100010011111111
10100000110111000111010010111111111
10100000110011001001000011111111111
10100000101111001010110100111111111
10100000101011001100100110011111111
10100000101011001110010111111111111
10100000100111010000001000111111111
10100000100111010001111010011111111
10100000100111010011101011111111111
10100000001011010101011101111111111
10100000001011010111001111111111111
10100000001111011001000001111111111
10100000001111011010110011011111111
10100000010011011100100101011111111
10100000010011011110010110111111111
10100000010111100000001000111111111
10100000011011100001111010011111111
10100000011111100011101011011111111
10100000100011100101011100011111111
10100000101011100111001101011111111
10100000101111101000111110011111111
10100000110111101010101110111111111
10100000111111101100011110111111111
10100001000111101110001110111111111
10100001001111101111111110011111111
10100001001110111001001010111111111
10100001000110111010111010011111111
10100000111110111100101010011111111
10100000110110111110011010111111111
10100000101111000000001011011111111
10100000101011000001111011111111111
10100000100011000011101100111111111
10100000011111000101011101111111111
10100000011011000111001111011111111
10100000010111001001000000111111111
10100000010011001010110010011111111
10100000010011001100100011111111111
10100000001111001110010101111111111
10100000001111010000000111111111111
10100000001011010001111001111111111
10100000001011010011101011111111111
10100110010111010101011001111111111
10100110010111010111000100111111111
10100110010111011000101111111111111
10100110010111011010011010011111111
10100110011011011100000101011111111
10100110011011011101101111111111111
10100110011111011111011010011111111
10100110100011100001000100111111111
10100110100111100010101111011111111
10100110101011100100011001011111111
10100110110011100110000011011111111
10100110110111100111101100111111111
10100110111111101001010110111111111
10100111000011101010111111111111111
10100111001011101100101001011111111
10100111010011101110010001111111111
10100111010010111010110111011111111
10100111001010111100100000011111111
10100111000010111110001001011111111
10100110111110111111110010111111111
10100110110111000001011100011111111
10100110110011000011000101111111111
10100110101011000100101111111111111
10100110100111000110011010011111111
10100110100011001000000100011111111
10100110011111001001101110111111111
10100110011011001011011001011111111
10100110011011001101000011111111111
10100110010111001110101110111111111
10100110010111010000011001011111111
10100110010111010010000100011111111
10100110010111010011101111011111111
10100101111011010101011010011111111
10100101111011010111000101111111111
10100101111011011000110000111111111
10100101111111011010011100011111111
10100101111111011100000111011111111
10100110000011011101110010011111111
10100110000111011111011101011111111
10100110001011100001001000011111111
10100110001111100010110010111111111
10100110010011100100011101011111111
10100110010111100110000111111111111
10100110011111100111110010011111111
10100110100011101001011100011111111
10100110101011101011000101111111111
10100110110011101100101111011111111
10100110111011101110011000111111111
10100110111010111010110000011111111
10100110110010111100011001111111111
10100110101010111110000011011111111
10100110100010111111101101011111111
10100110011111000001010111011111111
10100110010111000011000001011111111
10100110010011000100101011111111111
10100110001111000110010110011111111
10100110001011001000000001011111111
10100110000111001001101011111111111
10100110000011001011010110111111111
10100101111111001101000001111111111
10100101111111001110101101011111111
10100101111011010000011000011111111
10100101111011010010000011111111111
10100101111011010011101110111111111
10100101011111010101011010011111111
10100101100011010111000110011111111
10100101100011011000110001111111111
10100101100011011010011101111111111
10100101100111011100001001011111111
10100101100111011101110100111111111
10100101101011011111100000011111111
10100101101111100001001011011111111
10100101110011100010110110111111111
10100101110111100100100001111111111
10100101111111100110001100111111111
10100110000011100111110111011111111
10100110001011101001100001111111111
10100110001111101011001011111111111
10100110010111101100110101111111111
10100110011111101110011111111111111
10100110011110111010101001011111111
10100110010110111100010011011111111
10100110001110111101111101011111111
10100110001010111111100111011111111
10100110000011000001010001111111111
10100101111111000010111100111111111
10100101110111000100100111011111111
10100101110011000110010010011111111
10100101101111000111111101111111111
10100101101011001001101000111111111
10100101100111001011010100011111111
10100101100111001100111111111111111
10100101100011001110101011111111111
10100101100011010000010111011111111
10100101100011010010000010111111111
10100101011111010011101110111111111
10100101000111010101011010111111111
10100101000111010111000110111111111
10100101000111011000110011011111111
10100101001011011010011111011111111
10100101001011011100001011011111111
10100101001111011101110111011111111
10100101010011011111100011011111111
10100101010111100001001110111111111
10100101011011100010111010011111111
10100101011111100100100101111111111
10100101100011100110010001011111111
10100101101011100111111100011111111
10100101101111101001100111011111111
10100101110111101011010001111111111
10100101111111101100111100011111111
10100110000111101110100110111111111
10100110000110111010100010111111111
10100101111110111100001100111111111
10100101110110111101110111011111111
10100101101110111111100001111111111
10100101101011000001001100111111111
10100101100011000010110111111111111
10100101011111000100100011011111111
10100101011011000110001110111111111
10100101010111000111111010011111111
10100101010011001001100110011111111
10100101001111001011010001111111111
10100101001011001100111101111111111
10100101001011001110101001111111111
10100101000111010000010110011111111
10100101000111010010000010011111111
10100101000111010011101110011111111
10100100101011010101011010111111111
10100100101011010111000111111111111
10100100101111011000110100011111111
10100100101111011010100000111111111
10100100110011011100001101011111111
10100100110011011101111001111111111
10100100110111011111100110011111111
10100100111011100001010010011111111
10100100111111100010111110011111111
10100101000011100100101010011111111
10100101001011100110010110011111111
10100101001111101000000001111111111
10100101010111101001101100111111111
10100101011011101011011000011111111
10100101100011101101000010111111111
10100101101011101110101101111111111
10100101101010111010011011111111111
10100101100010111100000110011111111
10100101011010111101110001011111111
10100101010110111111011100011111111
10100101001111000001000111111111111
10100101001011000010110011011111111
10100101000011000100011110111111111
10100100111111000110001010111111111
10100100111011000111110110111111111
10100100110111001001100011011111111
10100100110011001011001111011111111
10100100110011001100111011111111111
10100100101111001110101000011111111
10100100101111010000010100111111111
10100100101011010010000001111111111
10100100101011010011101110011111111
10100100010011010101011011011111111
10100100010011010111001000011111111
10100100010011011000110101011111111
10100100010111011010100010011111111
10100100010111011100001111011111111
10100100011011011101111100011111111
10100100011111011111101001011111111
10100100011111100001010101111111111
10100100100111100011000010011111111
10100100101011100100101110111111111
10100100101111100110011010111111111
10100100110011101000000110111111111
10100100111011101001110010111111111
10100101000011101011011110011111111
10100101001011101101001001111111111
10100101010011101110110100111111111
10100101010010111010010100111111111
10100101001010111011111111111111111
10100101000010111101101010111111111
10100100111010111111010110011111111
10100100110011000001000010011111111
10100100101111000010101110011111111
10100100101011000100011010011111111
10100100100111000110000110111111111
10100100011111000111110011011111111
10100100011111001001100000011111111
10100100011011001011001100111111111
10100100010111001100111001111111111
10100100010111001110100110111111111
10100100010011010000010011111111111
10100100010011010010000000111111111
10100100010011010011101110011111111
10100011110111010101011011011111111
10100011110111010111001000111111111
10100011111011011000110110111111111
10100011111011011010100100011111111
10100011111111011100010001011111111
10100011111111011101111110111111111
10100100000011011111101100011111111
10100100000111100001011001011111111
10100100001011100011000110011111111
10100100001111100100110011011111111
10100100010111100110011111111111111
10100100011011101000001100011111111
10100100100011101001111000011111111
10100100100111101011100100011111111
10100100101111101101010000011111111
10100100110111101110111011111111111
10100100110110111010001101011111111
10100100101110111011111000111111111
10100100100110111101100100111111111
10100100100010111111010000111111111
10100100011011000000111100111111111
10100100010111000010101001011111111
10100100001111000100010110011111111
10100100001011000110000010111111111
10100100000111000111101111111111111
10100100000011001001011101011111111
10100011111111001011001010011111111
10100011111111001100110111111111111
10100011111011001110100101011111111
10100011111011010000010010111111111
10100011110111010010000000011111111
10100011110111010011101101111111111
10100011011111010101011011111111111
10100011011111010111001001111111111
10100011011111011000110111111111111
10100011011111011010100101111111111
10100011100011011100010011111111111
10100011100111011110000001011111111
10100011100111011111101111011111111
10100011101011100001011100111111111
10100011101111100011001010011111111
10100011110111100100110111111111111
10100011111011100110100100111111111
10100011111111101000010001111111111
10100100000111101001111110011111111
10100100001111101011101010111111111
10100100010111101101010110111111111
10100100011111101111000010111111111
10100100011110111010000110011111111
10100100010110111011110010011111111
10100100001110111101011110011111111
10100100000110111111001010111111111
10100011111111000000110111111111111
10100011111011000010100100111111111
10100011110111000100010001111111111
10100011101111000101111110111111111
10100011101011000111101100011111111
10100011100111001001011001111111111
10100011100111001011000111111111111
10100011100011001100110101111111111
10100011011111001110100011011111111
10100011011111010000010001011111111
10100011011111010001111111011111111
10100011011111010011101101111111111
