10000111111100100010011010101000111
10000111111100100111010000001000111
10001000000100101100000100101000111
10001000001100110000111000001000111
10001000011000110101101010001000111
10001000101000111010011010101000111
10001000111000111111001000001000111
10001001001101000011110011101000111
10001001001111111100001100001000111
10001000111000000000110111101000111
10001000101000000101100101001000111
10001000011000001010010101101000111
10001000001100001111000111101000111
10001000000100010011111011001000111
10000111111100011000101111101000111
10000111111100011101100101001000111
10000111111100100010011010101000111
10000111111100100111010000001000111
10001000000100101100000100101000111
10001000001100110000111000001000111
10001000011000110101101010001000111
10001000101000111010011010101000111
10001000111000111111001000001000111
10001001001101000011110011101000111
10001001001111111100001100001000111
10001000111000000000110111101000111
10001000101000000101100101001000111
10001000011000001010010101101000111
10001000001100001111000111101000111
10001000000100010011111011001000111
10000111111100011000101111101000111
10000111111100011101100101001000111
10000111111100100010011010101000111
10000111111100100111010000001000111
10001000000100101100000100101000111
10001000001100110000111000001000111
10001000011000110101101010001000111
10001000101000111010011010101000111
10001000111000111111001000001000111
10001001001101000011110011101000111
10001001001111111100001100001000111
10001000111000000000110111101000111
10001000101000000101100101001000111
10001000011000001010010101101000111
10001000001100001111000111101000111
10001000000100010011111011001000111
10000111111100011000101111101000111
10000111111100011101100101001000111
10000111111100100010011010101000111
10000111111100100111010000001000111
10001000000100101100000100101000111
10001000001100110000111000001000111
10001000011000110101101010001000111
10001000101000111010011010101000111
10001000111000111111001000001000111
10001001001101000011110011101000111
10001001001111111100001100001000111
10001000111000000000110111101000111
10001000101000000101100101001000111
10001000011000001010010101101000111
10001000001100001111000111101000111
10001000000100010011111011001000111
10000111111100011000101111101000111
10000111111100011101100101001000111
10000111111100100010011010101000111
10000111111100100111010000001000111
10001000000100101100000100101000111
10001000001100110000111000001000111
10001000011000110101101010001000111
10001000101000111010011010101000111
10001000111000111111001000001000111
10001001001101000011110011101000111
10001001001111111100001100001000111
10001000111000000000110111101000111
10001000101000000101100101001000111
10001000011000001010010101101000111
10001000001100001111000111101000111
10001000000100010011111011001000111
10000111111100011000101111101000111
10000111111100011101100101001000111
10000111111100100010011010101000111
10000111111100100111010000001000111
10001000000100101100000100101000111
10001000001100110000111000001000111
10001000011000110101101010001000111
10001000101000111010011010101000111
10001000111000111111001000001000111
10001001001101000011110011101000111
10001001001111111100001100001000111
10001000111000000000110111101000111
10001000101000000101100101001000111
10001000011000001010010101101000111
10001000001100001111000111101000111
10001000000100010011111011001000111
10000111111100011000101111101000111
10000111111100011101100101001000111
10000111111100100010011010101000111
10000111111100100111010000001000111
10001000000100101100000100101000111
10001000001100110000111000001000111
10001000011000110101101010001000111
10001000101000111010011010101000111
10001000111000111111001000001000111
10001001001101000011110011101000111
10001001001111111100001100001000111
10001000111000000000110111101000111
10001000101000000101100101001000111
10001000011000001010010101101000111
10001000001100001111000111101000111
10001000000100010011111011001000111
10000111111100011000101111101000111
10000111111100011101100101001000111
10000111111100100010011010101000111
10000111111100100111010000001000111
10001000000100101100000100101000111
10001000001100110000111000001000111
10001000011000110101101010001000111
10001000101000111010011010101000111
10001000111000111111001000001000111
10001001001101000011110011101010111
10001001001111111100001100001010111
10001000111000000000110111101000111
10001000101000000101100101001000111
10001000011000001010010101101000111
10001000001100001111000111101000111
10001000000100010011111011001000111
10000111111100011000101111101000111
10000111111100011101100101001000111
10000111111100100010011010101000111
10000111111100100111010000001000111
10001000000100101100000100101000111
10001000001100110000111000001000111
10001000011000110101101010001000111
10001000101000111010011010101010111
10001000111000111111001000001010111
10001001001101000011110011101010111
10001001001111111100001100001010111
10001000111000000000110111101010111
10001000101000000101100101001010111
10001000011000001010010101101000111
10001000001100001111000111101000111
10001000000100010011111011001000111
10000111111100011000101111101000111
10000111111100011101100101001000111
10000111111100100010011010101000111
10000111111100100111010000001000111
10001000000100101100000100101000111
10001000001100110000111000001000111
10001000011000110101101010001010111
10001000101000111010011010101010111
10001000111000111111001000001010111
10001001001101000011110011101010111
10001001001111111100001100001010111
10001000111000000000110111101010111
10001000101000000101100101001010111
10001000011000001010010101101010111
10001000001100001111000111101000111
10001000000100010011111011001000111
10000111111100011000101111101000111
10000111111100011101100101001000111
10000111111100100010011010101010111
10000111111100100111010000001010111
10001000000100101100000100101010111
10001000001100110000111000001010111
10001000011000110101101010001010111
10001000101000111010011010101010111
10001000111000111111001000001010111
10001001001101000011110011101010111
10001001001111111100001100001010111
10001000111000000000110111101010111
10001000101000000101100101001010111
10001000011000001010010101101010111
10001000001100001111000111101010111
10001000000100010011111011001010111
10000111111100011000101111101010111
10000111111100011101100101001010111
10000111111100100010011010101010111
10000111111100100111010000001010111
10001000000100101100000100101010111
10001000001100110000111000001010111
10001000011000110101101010001010111
10001000101000111010011010101010111
10001000111000111111001000001010111
10001001001101000011110011101010111
10001001001111111100001100001010111
10001000111000000000110111101010111
10001000101000000101100101001010111
10001000011000001010010101101010111
10001000001100001111000111101010111
10001000000100010011111011001010111
10000111111100011000101111101010111
10000111111100011101100101001010111
10000111111100100010011010101010111
10000111111100100111010000001010111
10001000000100101100000100101010111
10001000001100110000111000001010111
10001000011000110101101010001010111
10001000101000111010011010101010111
10001000111000111111001000001010111
10001001001101000011110011101010111
10001001001111111100001100001010111
10001000111000000000110111101010111
10001000101000000101100101001010111
10001000011000001010010101101010111
10001000001100001111000111101010111
10001000000100010011111011001010111
10000111111100011000101111101010111
10000111111100011101100101001010111
10000111111100100010011010101010111
10000111111100100111010000001010111
10001000000100101100000100101010111
10001000001100110000111000001010111
10001000011000110101101010001010111
10001000101000111010011010101010111
10001000111000111111001000001010111
10001001001101000011110011101010111
10001001001111111100001100001010111
10001000111000000000110111101010111
10001000101000000101100101001010111
10001000011000001010010101101010111
10001000001100001111000111101010111
10001000000100010011111011001010111
10000111111100011000101111101010111
10000111111100011101100101001010111
10000111111100100010011010101010111
10000111111100100111010000001010111
10001000000100101100000100101010111
10001000001100110000111000001010111
10001000011000110101101010001010111
10001000101000111010011010101010111
10001000111000111111001000001010111
10001001001101000011110011101010111
10001001001111111100001100001010111
10001000111000000000110111101010111
10001000101000000101100101001010111
10001000011000001010010101101010111
10001000001100001111000111101010111
10001000000100010011111011001010111
10000111111100011000101111101010111
10000111111100011101100101001010111
10000111111100100010011010101010111
10000111111100100111010000001010111
10001000000100101100000100101010111
10001000001100110000111000001010111
10001000011000110101101010001010111
10001000101000111010011010101010111
10001000111000111111001000001010111
10001001001101000011110011101010111
10001001001111111100001100001010111
10001000111000000000110111101010111
10001000101000000101100101001010111
10001000011000001010010101101010111
10001000001100001111000111101010111
10001000000100010011111011001010111
10000111111100011000101111101010111
10000111111100011101100101001010111
10000111111100100010011010101000111
10000111111100100111010000001000111
10001000000100101100000100101000111
10001000001100110000111000001000111
10001000011000110101101010001000111
10001000101000111010011010101000111
10001000111000111111001000001000111
10001001001101000011110011101000111
10001001001111111100001100001000111
10001000111000000000110111101000111
10001000101000000101100101001000111
10001000011000001010010101101000111
10001000001100001111000111101000111
10001000000100010011111011001000111
10000111111100011000101111101000111
10000111111100011101100101001000111
10000111111100100010011010101000111
10000111111100100111010000001000111
10001000000100101100000100101000111
10001000001100110000111000001000111
10001000011000110101101010001000111
10001000101000111010011010101000111
10001000111000111111001000001000111
10001001001101000011110011101000111
10001001001111111100001100001000111
10001000111000000000110111101000111
10001000101000000101100101001000111
10001000011000001010010101101000111
10001000001100001111000111101000111
10001000000100010011111011001000111
10000111111100011000101111101000111
10000111111100011101100101001000111
10000111111100100010011010101000111
10000111111100100111010000001000111
10001000000100101100000100101000111
10001000001100110000111000001000111
10001000011000110101101010001000111
10001000101000111010011010101000111
10001000111000111111001000001000111
10001001001101000011110011101000111
10001001001111111100001100001000111
10001000111000000000110111101000111
10001000101000000101100101001000111
10001000011000001010010101101000111
10001000001100001111000111101000111
10001000000100010011111011001000111
10000111111100011000101111101000111
10000111111100011101100101001000111
10000111111100100010011010101000111
10000111111100100111010000001000111
10001000000100101100000100101000111
10001000001100110000111000001000111
10001000011000110101101010001000111
10001000101000111010011010101000111
10001000111000111111001000001000111
10001001001101000011110011101000111
10001001001111111100001100001000111
10001000111000000000110111101000111
10001000101000000101100101001000111
10001000011000001010010101101000111
10001000001100001111000111101000111
10001000000100010011111011001000111
10000111111100011000101111101000111
10000111111100011101100101001000111
10000111111100100010011010101000111
10000111111100100111010000001000111
10001000000100101100000100101000111
10001000001100110000111000001000111
10001000011000110101101010001000111
10001000101000111010011010101000111
10001000111000111111001000001000111
10001001001101000011110011101000111
10001001001111111100001100001000111
10001000111000000000110111101000111
10001000101000000101100101001000111
10001000011000001010010101101000111
10001000001100001111000111101000111
10001000000100010011111011001000111
10000111111100011000101111101000111
10000111111100011101100101001000111
10000111111100100010011010101000111
10000111111100100111010000001000111
10001000000100101100000100101000111
10001000001100110000111000001000111
10001000011000110101101010001000111
10001000101000111010011010101000111
10001000111000111111001000001000111
10001001001101000011110011101000111
10001001001111111100001100001000111
10001000111000000000110111101000111
10001000101000000101100101001000111
10001000011000001010010101101000111
10001000001100001111000111101000111
10001000000100010011111011001000111
10000111111100011000101111101000111
10000111111100011101100101001000111
10000111111100100010011010101000111
10000111111100100111010000001000111
10001000000100101100000100101000111
10001000001100110000111000001000111
10001000011000110101101010001000111
10001000101000111010011010101000111
10001000111000111111001000001000111
10001001001101000011110011101000111
10001001001111111100001100001000111
10001000111000000000110111101000111
10001000101000000101100101001000111
10001000011000001010010101101000111
10001000001100001111000111101000111
10001000000100010011111011001000111
10000111111100011000101111101000111
10000111111100011101100101001000111
10000111111100100010011010101000111
10000111111100100111010000001000111
10001000000100101100000100101000111
10001000001100110000111000001000111
10001000011000110101101010001000111
10001000101000111010011010101000111
10001000111000111111001000001000111
10001001001101000011110011101000111
10001001001111111100001100001000111
10001000111000000000110111101000111
10001000101000000101100101001000111
10001000011000001010010101101000111
10001000001100001111000111101000111
10001000000100010011111011001000111
10000111111100011000101111101000111
10000111111100011101100101001000111
10000111111100100010011010101000111
10000111111100100111010000001000111
10001000000100101100000100101000111
10001000001100110000111000001000111
10001000011000110101101010001000111
10001000101000111010011010101000111
10001000111000111111001000001000111
10001001001101000011110011101000111
10001001001111111100001100001000111
10001000111000000000110111101000111
10001000101000000101100101001000111
10001000011000001010010101101000111
10001000001100001111000111101000111
10001000000100010011111011001000111
10000111111100011000101111101000111
10000111111100011101100101001000111
10000111111100100010011010101000111
10000111111100100111010000001000111
10001000000100101100000100101000111
10001000001100110000111000001000111
10001000011000110101101010001000111
10001000101000111010011010101000111
10001000111000111111001000001000111
10001001001101000011110011101000111
10001001001111111100001100001000111
10001000111000000000110111101000111
10001000101000000101100101001000111
10001000011000001010010101101000111
10001000001100001111000111101000111
10001000000100010011111011001000111
10000111111100011000101111101000111
10000111111100011101100101001000111
10000111111100100010011010101000111
10000111111100100111010000001000111
10001000000100101100000100101000111
10001000001100110000111000001000111
10001000011000110101101010001000111
10001000101000111010011010101000111
10001000111000111111001000001000111
10001001001101000011110011101000111
10001001001111111100001100001000111
10001000111000000000110111101000111
10001000101000000101100101001000111
10001000011000001010010101101000111
10001000001100001111000111101000111
10001000000100010011111011001000111
10000111111100011000101111101000111
10000111111100011101100101001000111
10000111111100100010011010101000111
10000111111100100111010000001000111
10001000000100101100000100101000111
10001000001100110000111000001000111
10001000011000110101101010001000111
10001000101000111010011010101000111
10001000111000111111001000001000111
10001001001101000011110011101000111
10001001001111111100001100001000111
10001000111000000000110111101000111
10001000101000000101100101001000111
10001000011000001010010101101000111
10001000001100001111000111101000111
10001000000100010011111011001000111
10000111111100011000101111101000111
10000111111100011101100101001000111
10000111111100100010011010101000111
10000111111100100111010000001000111
10001000000100101100000100101000111
10001000001100110000111000001000111
10001000011000110101101010001000111
10001000101000111010011010101000111
10001000111000111111001000001000111
10001001001101000011110011101000111
10001001001111111100001100001000111
10001000111000000000110111101000111
10001000101000000101100101001000111
10001000011000001010010101101000111
10001000001100001111000111101000111
10001000000100010011111011001000111
10000111111100011000101111101000111
10000111111100011101100101001000111
10000111111100100010011010101000111
10000111111100100111010000001000111
10001000000100101100000100101000111
10001000001100110000111000001000111
10001000011000110101101010001000111
10001000101000111010011010101000111
10001000111000111111001000001000111
10001001001101000011110011101000111
10001001001111111100001100001000111
10001000111000000000110111101000111
10001000101000000101100101001000111
10001000011000001010010101101000111
10001000001100001111000111101000111
10001000000100010011111011001000111
10000111111100011000101111101000111
10000111111100011101100101001000111
10000111111100100010011010101000111
10000111111100100111010000001000111
10001000000100101100000100101000111
10001000001100110000111000001000111
10001000011000110101101010001000111
10001000101000111010011010101000111
10001000111000111111001000001000111
10001001001101000011110011101000111
10001001001111111100001100001000111
10001000111000000000110111101000111
10001000101000000101100101001000111
10001000011000001010010101101000111
10001000001100001111000111101000111
10001000000100010011111011001000111
10000111111100011000101111101000111
10000111111100011101100101001000111
10000111111100100010011010101000111
10000111111100100111010000001000111
10001000000100101100000100101000111
10001000001100110000111000001000111
10001000011000110101101010001000111
10001000101000111010011010101000111
10001000111000111111001000001000111
10001001001101000011110011101000111
10001001001111111100001100001000111
10001000111000000000110111101000111
10001000101000000101100101001000111
10001000011000001010010101101000111
10001000001100001111000111101000111
10001000000100010011111011001000111
10000111111100011000101111101000111
10000111111100011101100101001000111
