10000111111000100001001101001000111
10000111111100100011101000001000111
10000111111100100110000010101000111
10001000000000101000011101001000111
10001000000000101010110111101000111
10001000000100101101010001101000111
10001000001000101111101011001000111
10001000010000110010000100101000111
10001000010100110100011101101000111
10001000011100110110110110101000111
10001000100100111001001110101000111
10001000101100111011100110001000111
10001000110100111101111101001000111
10001000111101000000010011101000111
10001001001001000010101001001000111
10001001010101000100111110001000111
10001001010111111011000001101000111
10001001001011111101010110101000111
10001000111111111111101100001000111
10001000110100000010000010101000111
10001000101100000100011001101000111
10001000100100000110110001001000111
10001000011100001001001001001000111
10001000010100001011100010001000111
10001000010000001101111011001000111
10001000001000010000010100101000111
10001000000100010010101110001000111
10001000000000010101001000001000111
10001000000000010111100010101000111
10000111111100011001111101001000111
10000111111100011100010111101000111
10000111111000011110110010101000111
10000111111000100001001101001000111
10000111111100100011101000001000111
10000111111100100110000010101000111
10001000000000101000011101001000111
10001000000000101010110111101000111
10001000000100101101010001101000111
10001000001000101111101011001000111
10001000010000110010000100101000111
10001000010100110100011101101000111
10001000011100110110110110101000111
10001000100100111001001110101000111
10001000101100111011100110001000111
10001000110100111101111101001000111
10001000111101000000010011101000111
10001001001001000010101001001000111
10001001010101000100111110001000111
10001001010111111011000001101000111
10001001001011111101010110101000111
10001000111111111111101100001000111
10001000110100000010000010101000111
10001000101100000100011001101000111
10001000100100000110110001001000111
10001000011100001001001001001000111
10001000010100001011100010001000111
10001000010000001101111011001000111
10001000001000010000010100101000111
10001000000100010010101110001000111
10001000000000010101001000001000111
10001000000000010111100010101000111
10000111111100011001111101001000111
10000111111100011100010111101000111
10000111111000011110110010101000111
10000111111000100001001101001000111
10000111111100100011101000001000111
10000111111100100110000010101000111
10001000000000101000011101001000111
10001000000000101010110111101000111
10001000000100101101010001101000111
10001000001000101111101011001000111
10001000010000110010000100101000111
10001000010100110100011101101000111
10001000011100110110110110101000111
10001000100100111001001110101000111
10001000101100111011100110001000111
10001000110100111101111101001000111
10001000111101000000010011101000111
10001001001001000010101001001000111
10001001010101000100111110001000111
10001001010111111011000001101000111
10001001001011111101010110101000111
10001000111111111111101100001000111
10001000110100000010000010101000111
10001000101100000100011001101000111
10001000100100000110110001001000111
10001000011100001001001001001000111
10001000010100001011100010001000111
10001000010000001101111011001000111
10001000001000010000010100101000111
10001000000100010010101110001000111
10001000000000010101001000001000111
10001000000000010111100010101000111
10000111111100011001111101001000111
10000111111100011100010111101000111
10000111111000011110110010101000111
10000111111000100001001101001000111
10000111111100100011101000001000111
10000111111100100110000010101000111
10001000000000101000011101001000111
10001000000000101010110111101000111
10001000000100101101010001101000111
10001000001000101111101011001000111
10001000010000110010000100101000111
10001000010100110100011101101000111
10001000011100110110110110101000111
10001000100100111001001110101000111
10001000101100111011100110001000111
10001000110100111101111101001000111
10001000111101000000010011101000111
10001001001001000010101001001000111
10001001010101000100111110001000111
10001001010111111011000001101000111
10001001001011111101010110101000111
10001000111111111111101100001000111
10001000110100000010000010101000111
10001000101100000100011001101000111
10001000100100000110110001001000111
10001000011100001001001001001000111
10001000010100001011100010001000111
10001000010000001101111011001000111
10001000001000010000010100101000111
10001000000100010010101110001000111
10001000000000010101001000001000111
10001000000000010111100010101000111
10000111111100011001111101001000111
10000111111100011100010111101000111
10000111111000011110110010101000111
10000111111000100001001101001000111
10000111111100100011101000001000111
10000111111100100110000010101000111
10001000000000101000011101001000111
10001000000000101010110111101000111
10001000000100101101010001101000111
10001000001000101111101011001000111
10001000010000110010000100101000111
10001000010100110100011101101000111
10001000011100110110110110101000111
10001000100100111001001110101000111
10001000101100111011100110001000111
10001000110100111101111101001000111
10001000111101000000010011101000111
10001001001001000010101001001000111
10001001010101000100111110001000111
10001001010111111011000001101000111
10001001001011111101010110101000111
10001000111111111111101100001000111
10001000110100000010000010101000111
10001000101100000100011001101000111
10001000100100000110110001001000111
10001000011100001001001001001000111
10001000010100001011100010001000111
10001000010000001101111011001000111
10001000001000010000010100101000111
10001000000100010010101110001000111
10001000000000010101001000001000111
10001000000000010111100010101000111
10000111111100011001111101001000111
10000111111100011100010111101000111
10000111111000011110110010101000111
10000111111000100001001101001000111
10000111111100100011101000001000111
10000111111100100110000010101000111
10001000000000101000011101001000111
10001000000000101010110111101000111
10001000000100101101010001101000111
10001000001000101111101011001000111
10001000010000110010000100101000111
10001000010100110100011101101000111
10001000011100110110110110101000111
10001000100100111001001110101000111
10001000101100111011100110001000111
10001000110100111101111101001000111
10001000111101000000010011101000111
10001001001001000010101001001000111
10001001010101000100111110001000111
10001001010111111011000001101000111
10001001001011111101010110101000111
10001000111111111111101100001000111
10001000110100000010000010101000111
10001000101100000100011001101000111
10001000100100000110110001001000111
10001000011100001001001001001000111
10001000010100001011100010001000111
10001000010000001101111011001000111
10001000001000010000010100101000111
10001000000100010010101110001000111
10001000000000010101001000001000111
10001000000000010111100010101000111
10000111111100011001111101001000111
10000111111100011100010111101000111
10000111111000011110110010101000111
10000111111000100001001101001000111
10000111111100100011101000001000111
10000111111100100110000010101000111
10001000000000101000011101001000111
10001000000000101010110111101000111
10001000000100101101010001101000111
10001000001000101111101011001000111
10001000010000110010000100101000111
10001000010100110100011101101000111
10001000011100110110110110101000111
10001000100100111001001110101000111
10001000101100111011100110001000111
10001000110100111101111101001000111
10001000111101000000010011101000111
10001001001001000010101001001000111
10001001010101000100111110001000111
10001001010111111011000001101000111
10001001001011111101010110101000111
10001000111111111111101100001000111
10001000110100000010000010101000111
10001000101100000100011001101000111
10001000100100000110110001001000111
10001000011100001001001001001000111
10001000010100001011100010001000111
10001000010000001101111011001000111
10001000001000010000010100101000111
10001000000100010010101110001000111
10001000000000010101001000001000111
10001000000000010111100010101000111
10000111111100011001111101001000111
10000111111100011100010111101000111
10000111111000011110110010101000111
10000111111000100001001101001000111
10000111111100100011101000001000111
10000111111100100110000010101000111
10001000000000101000011101001000111
10001000000000101010110111101000111
10001000000100101101010001101000111
10001000001000101111101011001000111
10001000010000110010000100101000111
10001000010100110100011101101000111
10001000011100110110110110101000111
10001000100100111001001110101000111
10001000101100111011100110001000111
10001000110100111101111101001000111
10001000111101000000010011101000111
10001001001001000010101001001000111
10001001010101000100111110001000111
10001001010111111011000001101000111
10001001001011111101010110101000111
10001000111111111111101100001000111
10001000110100000010000010101000111
10001000101100000100011001101000111
10001000100100000110110001001000111
10001000011100001001001001001000111
10001000010100001011100010001000111
10001000010000001101111011001000111
10001000001000010000010100101000111
10001000000100010010101110001000111
10001000000000010101001000001000111
10001000000000010111100010101000111
10000111111100011001111101001000111
10000111111100011100010111101000111
10000111111000011110110010101000111
10000111111000100001001101001000111
10000111111100100011101000001000111
10000111111100100110000010101000111
10001000000000101000011101001000111
10001000000000101010110111101000111
10001000000100101101010001101000111
10001000001000101111101011001000111
10001000010000110010000100101000111
10001000010100110100011101101000111
10001000011100110110110110101000111
10001000100100111001001110101000111
10001000101100111011100110001000111
10001000110100111101111101001000111
10001000111101000000010011101000111
10001001001001000010101001001000111
10001001010101000100111110001000111
10001001010111111011000001101000111
10001001001011111101010110101000111
10001000111111111111101100001000111
10001000110100000010000010101000111
10001000101100000100011001101000111
10001000100100000110110001001000111
10001000011100001001001001001000111
10001000010100001011100010001000111
10001000010000001101111011001000111
10001000001000010000010100101000111
10001000000100010010101110001000111
10001000000000010101001000001000111
10001000000000010111100010101000111
10000111111100011001111101001000111
10000111111100011100010111101000111
10000111111000011110110010101000111
10000111111000100001001101001000111
10000111111100100011101000001000111
10000111111100100110000010101000111
10001000000000101000011101001000111
10001000000000101010110111101000111
10001000000100101101010001101000111
10001000001000101111101011001000111
10001000010000110010000100101000111
10001000010100110100011101101000111
10001000011100110110110110101000111
10001000100100111001001110101000111
10001000101100111011100110001000111
10001000110100111101111101001000111
10001000111101000000010011101000111
10001001001001000010101001001000111
10001001010101000100111110001000111
10001001010111111011000001101000111
10001001001011111101010110101000111
10001000111111111111101100001000111
10001000110100000010000010101000111
10001000101100000100011001101000111
10001000100100000110110001001000111
10001000011100001001001001001000111
10001000010100001011100010001000111
10001000010000001101111011001000111
10001000001000010000010100101000111
10001000000100010010101110001000111
10001000000000010101001000001000111
10001000000000010111100010101000111
10000111111100011001111101001000111
10000111111100011100010111101000111
10000111111000011110110010101000111
10000111111000100001001101001000111
10000111111100100011101000001000111
10000111111100100110000010101000111
10001000000000101000011101001000111
10001000000000101010110111101000111
10001000000100101101010001101000111
10001000001000101111101011001000111
10001000010000110010000100101000111
10001000010100110100011101101000111
10001000011100110110110110101000111
10001000100100111001001110101000111
10001000101100111011100110001000111
10001000110100111101111101001000111
10001000111101000000010011101000111
10001001001001000010101001001000111
10001001010101000100111110001000111
10001001010111111011000001101000111
10001001001011111101010110101000111
10001000111111111111101100001000111
10001000110100000010000010101000111
10001000101100000100011001101000111
10001000100100000110110001001000111
10001000011100001001001001001000111
10001000010100001011100010001000111
10001000010000001101111011001000111
10001000001000010000010100101000111
10001000000100010010101110001000111
10001000000000010101001000001000111
10001000000000010111100010101000111
10000111111100011001111101001000111
10000111111100011100010111101000111
10000111111000011110110010101000111
10000111111000100001001101001000111
10000111111100100011101000001000111
10000111111100100110000010101000111
10001000000000101000011101001000111
10001000000000101010110111101000111
10001000000100101101010001101000111
10001000001000101111101011001000111
10001000010000110010000100101000111
10001000010100110100011101101000111
10001000011100110110110110101000111
10001000100100111001001110101000111
10001000101100111011100110001000111
10001000110100111101111101001000111
10001000111101000000010011101000111
10001001001001000010101001001000111
10001001010101000100111110001000111
10001001010111111011000001101000111
10001001001011111101010110101000111
10001000111111111111101100001000111
10001000110100000010000010101000111
10001000101100000100011001101000111
10001000100100000110110001001000111
10001000011100001001001001001000111
10001000010100001011100010001000111
10001000010000001101111011001000111
10001000001000010000010100101000111
10001000000100010010101110001000111
10001000000000010101001000001000111
10001000000000010111100010101000111
10000111111100011001111101001000111
10000111111100011100010111101000111
10000111111000011110110010101000111
10000111111000100001001101001000111
10000111111100100011101000001000111
10000111111100100110000010101000111
10001000000000101000011101001000111
10001000000000101010110111101000111
10001000000100101101010001101000111
10001000001000101111101011001000111
10001000010000110010000100101000111
10001000010100110100011101101000111
10001000011100110110110110101000111
10001000100100111001001110101000111
10001000101100111011100110001000111
10001000110100111101111101001000111
10001000111101000000010011101000111
10001001001001000010101001001000111
10001001010101000100111110001000111
10001001010111111011000001101000111
10001001001011111101010110101000111
10001000111111111111101100001000111
10001000110100000010000010101000111
10001000101100000100011001101000111
10001000100100000110110001001000111
10001000011100001001001001001000111
10001000010100001011100010001000111
10001000010000001101111011001000111
10001000001000010000010100101000111
10001000000100010010101110001000111
10001000000000010101001000001000111
10001000000000010111100010101000111
10000111111100011001111101001000111
10000111111100011100010111101000111
10000111111000011110110010101000111
10000111111000100001001101001000111
10000111111100100011101000001000111
10000111111100100110000010101000111
10001000000000101000011101001000111
10001000000000101010110111101000111
10001000000100101101010001101000111
10001000001000101111101011001000111
10001000010000110010000100101000111
10001000010100110100011101101000111
10001000011100110110110110101000111
10001000100100111001001110101000111
10001000101100111011100110001000111
10001000110100111101111101001000111
10001000111101000000010011101000111
10001001001001000010101001001000111
10001001010101000100111110001000111
10001001010111111011000001101000111
10001001001011111101010110101000111
10001000111111111111101100001000111
10001000110100000010000010101000111
10001000101100000100011001101000111
10001000100100000110110001001000111
10001000011100001001001001001000111
10001000010100001011100010001000111
10001000010000001101111011001000111
10001000001000010000010100101000111
10001000000100010010101110001000111
10001000000000010101001000001000111
10001000000000010111100010101000111
10000111111100011001111101001000111
10000111111100011100010111101000111
10000111111000011110110010101000111
10000111111000100001001101001000111
10000111111100100011101000001000111
10000111111100100110000010101000111
10001000000000101000011101001000111
10001000000000101010110111101000111
10001000000100101101010001101000111
10001000001000101111101011001000111
10001000010000110010000100101000111
10001000010100110100011101101000111
10001000011100110110110110101000111
10001000100100111001001110101000111
10001000101100111011100110001000111
10001000110100111101111101001000111
10001000111101000000010011101000111
10001001001001000010101001001000111
10001001010101000100111110001000111
10001001010111111011000001101000111
10001001001011111101010110101000111
10001000111111111111101100001000111
10001000110100000010000010101000111
10001000101100000100011001101000111
10001000100100000110110001001000111
10001000011100001001001001001000111
10001000010100001011100010001000111
10001000010000001101111011001000111
10001000001000010000010100101000111
10001000000100010010101110001000111
10001000000000010101001000001000111
10001000000000010111100010101000111
10000111111100011001111101001000111
10000111111100011100010111101000111
10000111111000011110110010101000111
10000111111000100001001101001000111
10000111111100100011101000001000111
10000111111100100110000010101000111
10001000000000101000011101001000111
10001000000000101010110111101000111
10001000000100101101010001101000111
10001000001000101111101011001000111
10001000010000110010000100101000111
10001000010100110100011101101000111
10001000011100110110110110101000111
10001000100100111001001110101000111
10001000101100111011100110001000111
10001000110100111101111101001000111
10001000111101000000010011101000111
10001001001001000010101001001000111
10001001010101000100111110001000111
10001001010111111011000001101000111
10001001001011111101010110101000111
10001000111111111111101100001000111
10001000110100000010000010101000111
10001000101100000100011001101000111
10001000100100000110110001001000111
10001000011100001001001001001000111
10001000010100001011100010001000111
10001000010000001101111011001000111
10001000001000010000010100101000111
10001000000100010010101110001000111
10001000000000010101001000001000111
10001000000000010111100010101000111
10000111111100011001111101001000111
10000111111100011100010111101000111
10000111111000011110110010101000111
