10111001101100011011011001011011110
10111001101100011110001011111011110
10111001110000100000111101111011110
10111001111000100011101111111011110
10111001111100100110100001111011110
10111010000100101001010011011011110
10111010010000101100000100011011110
10111010011100101110110100111011110
10111010011100000101001011011011110
10111010010000000111111011111011110
10111010000100001010101100111011110
10111001111100001101011110011011110
10111001111000010000010000011011110
10111001110000010011000010011011110
10111001101100010101110100011011110
10111001101100011000100110111011110
10111001010000011011011001111011110
10111001010100011110001100111011110
10111001011000100000111111011011110
10111001011100100011110010011011110
10111001100100100110100100111011110
10111001101100101001010110111011110
10111001110100101100001000011011110
10111010000100101110111001011011110
10111010000100000101000110111011110
10111001110100000111110111111011110
10111001101100001010101001011011110
10111001100100001101011011011011110
10111001011100010000001101111011110
10111001011000010011000000111011110
10111001010100010101110011011011110
10111001010000011000100110011011110
10111000111000011011011001111011110
10111000111000011110001101111011110
10111000111100100001000001011011110
10111001000000100011110100011011110
10111001001000100110100111011011110
10111001010000101001011010011011110
10111001011100101100001100011011110
10111001101000101110111101111011110
10111001101000000101000010011011110
10111001011100000111110011111011110
10111001010000001010100101111011110
10111001001000001101011000111011110
10111001000000010000001011111011110
10111000111100010010111110111011110
10111000111000010101110010011011110
10111000111000011000100110011011110
10111000011100011011011010011011110
10111000100000011110001110011011110
10111000100100100001000010111011110
10111000101000100011110110111011110
10111000110000100110101010011011110
10111000111000101001011101011011110
10111001000000101100010000011011110
10111001010000101111000010111011110
10111001010000000100111101011011110
10111001000000000111101111111011110
10111000111000001010100010111011110
10111000110000001101010101111011110
10111000101000010000001001011011110
10111000100100010010111101011011110
10111000100000010101110001111011110
10111000011100011000100101111011110
10111000000100011011011010011011110
10111000000100011110001111011011110
10111000001000100001000100011011110
10111000001100100011111000111011110
10111000010100100110101101011011110
10111000011100101001100000111011110
10111000101000101100010100011011110
10111000110100101111000111011011110
10111000110100000100111000111011110
10111000101000000111101011111011110
10111000011100001010011111011011110
10111000010100001101010010111011110
10111000001100010000000111011011110
10111000001000010010111011111011110
10111000000100010101110000111011110
10111000000100011000100101111011110
10110111101000011011011010111011110
10110111101100011110010000011011110
10110111101100100001000101111011110
10110111110100100011111011011011110
10110111111100100110101111111011110
10111000000100101001100100011011110
10111000001100101100011000111011110
10111000011000101111001100011011110
10111000011000000100110011111011110
10111000001100000111100111011011110
10111000000100001010011011111011110
10110111111100001101010000011011110
10110111110100010000000100111011110
10110111101100010010111010011011110
10110111101100010101101111111011110
10110111101000011000100101011011110
10110111010000011011011011011011110
10110111010000011110010001011011110
10110111010100100001000111011011110
10110111011000100011111101011011110
10110111100000100110110010111011110
10110111101000101001100111111011110
10110111110100101100011100111011110
10111000000000101111010000111011110
10111000000000000100101111011011110
10110111110100000111100011011011110
10110111101000001010011000011011110
10110111100000001101001101011011110
10110111011000010000000010111011110
10110111010100010010111000111011110
10110111010000010101101110111011110
10110111010000011000100100111011110
10110110110100011011011011011011110
10110110110100011110010010011011110
10110110111000100001001001011011110
10110111000000100011111111111011110
10110111000100100110110101111011110
10110111010000101001101011111011110
10110111011000101100100000111011110
10110111100100101111010101111011110
10110111100100000100101010011011110
10110111011000000111011111011011110
10110111010000001010010100011011110
10110111000100001101001010011011110
10110111000000010000000000011011110
10110110111000010010110110111011110
10110110110100010101101101111011110
10110110110100011000100100111011110
10110110011000011011011011111011110
10110110011100011110010011011011110
10110110100000100001001010111011110
10110110100100100100000001111011110
10110110101100100110111000111011110
10110110110100101001101111011011110
10110111000000101100100101011011110
10110111001100101111011010011011110
10110111001100000100100101111011110
10110111000000000111011010111011110
10110110110100001010010000111011110
10110110101100001101000111011011110
10110110100100001111111110011011110
10110110100000010010110101011011110
10110110011100010101101100111011110
10110110011000011000100100011011110
10110110000000011011011100011011110
10110110000000011110010100011011110
10110110000100100001001100011011110
10110110001100100100000100011011110
10110110010000100110111011111011110
10110110011100101001110010111011110
10110110100100101100101001011011110
10110110110000101111011111011011110
10110110110000000100100000111011110
10110110100100000111010110111011110
10110110011100001010001101011011110
10110110010000001101000100011011110
10110110001100001111111011111011110
10110110000100010010110011111011110
10110110000000010101101011111011110
10110110000000011000100011111011110
10110101100100011011011100011011110
10110101101000011110010101011011110
10110101101100100001001101111011110
10110101110000100100000110011011110
10110101111000100110111110111011110
10110110000000101001110110011011110
10110110001100101100101101111011110
10110110011000101111100100011011110
10110110011000000100011011111011110
10110110001100000111010010011011110
10110110000000001010001001111011110
10110101111000001101000001011011110
10110101110000001111111001111011110
10110101101100010010110010011011110
10110101101000010101101010111011110
10110101100100011000100011111011110
10110101001100011011011100111011110
10110101001100011110010110011011110
10110101010000100001001111111011110
10110101011000100100001000111011110
10110101011100100111000001111011110
10110101101000101001111010011011110
10110101110000101100110001111011110
10110101111100101111101001011011110
10110101111100000100010110111011110
10110101110000000111001110011011110
10110101101000001010000101111011110
10110101011100001100111110011011110
10110101011000001111110111011011110
10110101010000010010110000011011110
10110101001100010101101001111011110
10110101001100011000100011011011110
10110100110000011011011101011011110
10110100110100011110010111011011110
10110100111000100001010001011011110
10110100111100100100001011011011110
10110101000100100111000100111011110
10110101001100101001111101111011110
10110101011000101100110110011011110
10110101100100101111101110011011110
10110101100100000100010001111011110
10110101011000000111001001111011110
10110101001100001010000010011011110
10110101000100001100111011011011110
10110100111100001111110100111011110
10110100111000010010101110111011110
10110100110100010101101000111011110
10110100110000011000100010111011110
10110100011000011011011101011011110
10110100011000011110011000011011110
10110100011100100001010011011011110
10110100100000100100001101111011110
10110100101000100111000111111011110
10110100110100101010000001011011110
10110100111100101100111010111011110
10110101001000101111110011011011110
10110101001000000100001100111011110
10110100111100000111000101011011110
10110100110100001001111110111011110
10110100101000001100111000011011110
10110100100000001111110010011011110
10110100011100010010101100111011110
10110100011000010101100111111011110
10110100011000011000100010111011110
10110011111100011011011101111011110
10110100000000011110011001011011110
10110100000100100001010100111011110
10110100001000100100001111111011110
10110100010000100111001010111011110
10110100011000101010000101011011110
10110100100100101100111111011011110
10110100110000101111111000011011110
10110100110000000100000111111011110
10110100100100000111000000111011110
10110100011000001001111010111011110
10110100010000001100110101011011110
10110100001000001111110000011011110
10110100000100010010101011011011110
10110100000000010101100110111011110
10110011111100011000100010011011110
10110011100100011011011110011011110
10110011100100011110011010011011110
10110011101000100001010110011011110
10110011101100100100010010011011110
10110011110100100111001101111011110
10110011111100101010001000111011110
10110100001000101101000011011011110
10110100010100101111111101011011110
10110100010100000100000010111011110
10110100001000000110111100111011110
10110011111100001001110111011011110
10110011110100001100110010011011110
10110011101100001111101101111011110
10110011101000010010101001111011110
10110011100100010101100101111011110
10110011100100011000100001111011110
11000000010000011011010100111011101
11000000010000011101111101011011101
11000000010100100000100110011011101
11000000011000100011001111011011101
11000000100000100101110111111011101
11000000101000101000011111111011101
11000000110000101011000111011011101
11000000111100101101101110111011101
11000000111100000110010001011011101
11000000110000001000111000111011101
11000000101000001011100000011011101
11000000100000001110001000011011101
11000000011000010000110000111011101
11000000010100010011011001111011101
11000000010000010110000010111011101
11000000010000011000101011011011101
10111111110100011011010100111011101
10111111111000011101111110011011101
10111111111000100000100111111011101
11000000000000100011010001011011101
11000000000100100101111010011011101
11000000001100101000100010111011101
11000000011000101011001011011011101
11000000100100101101110010111011101
11000000100100000110001101011011101
11000000011000001000110100111011101
11000000001100001011011101011011101
11000000000100001110000101111011101
11000000000000010000101110111011101
10111111111000010011011000011011101
10111111111000010110000001111011101
10111111110100011000101011011011101
10111111011100011011010101011011101
10111111011100011101111111011011101
10111111100000100000101001011011101
10111111100100100011010010111011101
10111111101100100101111100111011101
10111111110100101000100101111011101
10111111111100101011001110111011101
11000000001000101101110111011011101
11000000001000000110001000111011101
10111111111100001000110001011011101
10111111110100001011011010011011101
10111111101100001110000011011011101
10111111100100010000101101011011101
10111111100000010011010110111011101
10111111011100010110000000111011101
10111111011100011000101010111011101
10111111000000011011010101011011101
10111111000100011110000000011011101
10111111000100100000101010111011101
10111111001100100011010100111011101
10111111010000100101111111011011101
10111111011000101000101000111011101
10111111100100101011010010011011101
10111111110000101101111011011011101
10111111110000000110000100111011101
10111111100100001000101101111011101
10111111011000001011010111011011101
10111111010000001110000000111011101
10111111001100010000101011011011101
10111111000100010011010101011011101
10111111000100010101111111111011101
10111111000000011000101010111011101
10111110101000011011010101111011101
10111110101000011110000000111011101
10111110101100100000101100011011101
10111110110000100011010110111011101
10111110111000100110000001111011101
10111111000000101000101100011011101
10111111001000101011010110011011101
10111111010100101101111111111011101
10111111010100000110000000011011101
10111111001000001000101001111011101
10111111000000001011010011111011101
10111110111000001101111110011011101
10111110110000010000101001011011101
10111110101100010011010011111011101
10111110101000010101111111011011101
10111110101000011000101010011011101
10111110001100011011010101111011101
10111110001100011110000001111011101
10111110010000100000101101011011101
10111110011000100011011000111011101
10111110011100100110000100011011101
10111110100100101000101111011011101
10111110110000101011011001111011101
10111110111100101110000011111011101
10111110111100000101111100011011101
10111110110000001000100110011011101
10111110100100001011010000111011101
10111110011100001101111011111011101
10111110011000010000100111011011101
10111110010000010011010010111011101
10111110001100010101111110011011101
10111110001100011000101010011011101
10111101110000011011010110011011101
10111101110100011110000010111011101
10111101111000100000101110111011101
10111101111100100011011010111011101
10111110000100100110000110111011101
10111110001100101000110010011011101
10111110010100101011011101011011101
10111110100000101110001000011011101
10111110100000000101110111111011101
10111110010100001000100010111011101
10111110001100001011001101111011101
10111110000100001101111001011011101
10111101111100010000100101011011101
10111101111000010011010001011011101
10111101110100010101111101011011101
10111101110000011000101001111011101
10111101011000011011010110111011101
10111101011000011110000011011011101
10111101011100100000110000011011101
10111101100000100011011101011011101
10111101101000100110001001011011101
10111101110000101000110101111011101
10111101111100101011100001011011101
10111110001000101110001100011011101
10111110001000000101110011111011101
10111101111100001000011110111011101
10111101110000001011001010011011101
10111101101000001101110110111011101
10111101100000010000100010111011101
10111101011100010011001111111011101
10111101011000010101111100111011101
10111101011000011000101001011011101
10111100111100011011010110111011101
10111101000000011110000100011011101
10111101000100100000110001111011101
10111101001000100011011111011011101
10111101010000100110001100011011101
10111101011000101000111000111011101
10111101100000101011100100111011101
10111101101100101110010000111011101
10111101101100000101101111011011101
10111101100000001000011011011011101
10111101011000001011000111011011101
10111101010000001101110011111011101
10111101001000010000100000111011101
10111101000100010011001110011011101
10111101000000010101111011111011101
10111100111100011000101001011011101
10111100100100011011010111011011101
10111100100100011110000101011011101
10111100101000100000110011011011101
10111100101100100011100001011011101
10111100110100100110001110111011101
10111100111100101000111011111011101
10111101001000101011101000111011101
10111101010100101110010101011011101
10111101010100000101101010111011101
10111101001000001000010111011011101
10111100111100001011000100011011101
10111100110100001101110001011011101
10111100101100010000011110111011101
10111100101000010011001100111011101
10111100100100010101111010111011101
10111100100100011000101000111011101
10111100001000011011010111011011101
10111100001100011110000110011011101
10111100010000100000110100111011101
10111100010100100011100011011011101
10111100011100100110010001011011101
10111100100100101000111111011011101
10111100101100101011101100111011101
10111100111000101110011001111011101
10111100111000000101100110011011101
10111100101100001000010011011011101
10111100100100001011000000111011101
10111100011100001101101110111011101
10111100010100010000011100111011101
10111100010000010011001011011011101
10111100001100010101111001111011101
10111100001000011000101000111011101
10111011110000011011010111111011110
10111011110000011110000111011011110
10111011110100100000110110011011110
10111011111000100011100101011011101
10111100000000100110010100011011101
10111100001000101001000010011011101
10111100010100101011110000011011101
10111100100000101110011101111011101
10111100100000000101100010011011101
10111100010100001000001111111011101
10111100001000001010111101111011101
10111100000000001101101011111011101
10111011111000010000011010111011101
10111011110100010011001001111011110
10111011110000010101111000111011110
10111011110000011000101000011011110
10111011010100011011010111111011110
10111011011000011110000111111011110
10111011011000100000110111111011110
10111011100000100011100111011011110
10111011100100100110010110111011110
10111011110000101001000101111011110
10111011111000101011110100011011101
10111100000100101110100010011011101
10111100000100000101011101111011101
10111011111000001000001011111011101
10111011110000001010111010011011110
10111011100100001101101001011011110
10111011100000010000011000111011110
10111011011000010011001000011011110
10111011011000010101111000011011110
10111011010100011000101000011011110
10111010111100011011011000011011110
10111010111100011110001000111011110
10111011000000100000111001011011110
10111011000100100011101001111011110
10111011001100100110011001011011110
10111011010100101001001001011011110
10111011100000101011111000011011110
10111011101100101110100110111011110
10111011101100000101011001011011110
10111011100000001000000111111011110
10111011010100001010110110111011110
10111011001100001101100110111011110
10111011000100010000010110011011110
10111011000000010011000110111011110
10111010111100010101110111011011110
10111010111100011000100111111011110
10111010100000011011011000111011110
10111010100000011110001001111011110
10111010100100100000111010111011110
10111010101100100011101011111011110
10111010110000100110011100011011110
10111010111000101001001100011011110
10111011000100101011111100011011110
10111011010000101110101011011011110
10111011010000000101010100111011110
10111011000100001000000011111011110
10111010111000001010110011111011110
10111010110000001101100011111011110
10111010101100010000010100011011110
10111010100100010011000101011011110
10111010100000010101110110011011110
10111010100000011000100111011011110
10111010000100011011011000111011110
10111010001000011110001010111011110
10111010001100100000111100011011110
10111010010000100011101101111011110
10111010011000100110011110111011110
10111010100000101001001111111011110
10111010101100101100000000011011110
10111010111000101110110000011011110
10111010111000000101001111111011110
10111010101100000111111111111011110
10111010100000001010110000011011110
10111010011000001101100001011011110
10111010010000010000010010011011110
10111010001100010011000011111011110
10111010001000010101110101011011110
10111010000100011000100111011011110
