10111100111100011010101011011011101
10111100111100011100000010011011101
10111101000000011101011000111011101
10111101000000011110101111111011101
10111101000000100000000110011011101
10111101000100100001011101011011101
10111101001000100010110011111011101
10111101001000100100001010011011101
10111101001100100101100000111011101
10111101010000100110110111011011101
10111101010100101000001101111011101
10111101011000101001100011111011101
10111101100000101010111001111011101
10111101100100101100001111111011101
10111101101000101101100101111011101
10111101110000101110111011111011101
10111101110000000101000100011011101
10111101101000000110011010011011101
10111101100100000111110000011011101
10111101100000001001000110011011101
10111101011000001010011100011011101
10111101010100001011110010011011101
10111101010000001101001000111011101
10111101001100001110011111011011101
10111101001000001111110101111011101
10111101001000010001001100011011101
10111101000100010010100010111011101
10111101000000010011111001111011101
10111101000000010101010000011011101
10111101000000010110100111011011101
10111100111100010111111101111011101
10111100111100011001010100111011101
10111100100100011010101011111011101
10111100100100011100000010111011101
10111100100100011101011001111011101
10111100100100011110110000111011101
10111100101000100000000111111011101
10111100101000100001011110111011101
10111100101100100010110101111011101
10111100110000100100001100111011101
10111100110100100101100011011011101
10111100111000100110111010011011101
10111100111100101000010000111011101
10111101000000101001100111011011101
10111101000100101010111101111011101
10111101001000101100010011111011101
10111101010000101101101010011011101
10111101010100101111000000011011101
10111101010100000100111111111011101
10111101010000000110010101111011101
10111101001000000111101100011011101
10111101000100001001000010011011101
10111101000000001010011000111011101
10111100111100001011101111011011101
10111100111000001101000101111011101
10111100110100001110011100111011101
10111100110000001111110011011011101
10111100101100010001001010011011101
10111100101000010010100001011011101
10111100101000010011111000011011101
10111100100100010101001111011011101
10111100100100010110100110011011101
10111100100100010111111101011011101
10111100100100011001010100011011101
10111100001000011010101011111011101
10111100001000011100000011011011101
10111100001100011101011010011011101
10111100001100011110110001111011101
10111100001100100000001001011011101
10111100010000100001100000011011101
10111100010000100010110111111011101
10111100010100100100001110111011101
10111100011000100101100101111011101
10111100011100100110111100111011101
10111100100000101000010011111011101
10111100100100101001101010111011101
10111100101000101011000001011011101
10111100110000101100010111111011101
10111100110100101101101110011011101
10111100111100101111000100111011101
10111100111100000100111011011011101
10111100110100000110010001111011101
10111100110000000111101000011011101
10111100101000001000111110111011101
10111100100100001010010101011011101
10111100100000001011101100011011101
10111100011100001101000011011011101
10111100011000001110011010011011101
10111100010100001111110001011011101
10111100010000010001001000011011101
10111100010000010010011111111011101
10111100001100010011110110111011101
10111100001100010101001110011011101
10111100001100010110100101111011101
10111100001000010111111100111011101
10111100001000011001010100011011101
10111011110000011010101011111011110
10111011110000011100000011111011110
10111011110000011101011011011011110
10111011110000011110110010111011110
10111011110100100000001010011011110
10111011110100100001100010011011110
10111011111000100010111001111011101
10111011111100100100010001011011101
10111011111100100101101000011011101
10111100000000100110111111111011101
10111100001000101000010110111011101
10111100001100101001101110011011101
10111100010000101011000101011011101
10111100010100101100011011111011101
10111100011100101101110010111011101
10111100100000101111001001011011101
10111100100000000100110110111011101
10111100011100000110001101011011101
10111100010100000111100100011011101
10111100010000001000111010111011101
10111100001100001010010001111011101
10111100001000001011101001011011101
10111100000000001101000000011011101
10111011111100001110010111111011101
10111011111100001111101110111011101
10111011111000010001000110011011101
10111011110100010010011101111011110
10111011110100010011110101111011110
10111011110000010101001101011011110
10111011110000010110100100111011110
10111011110000010111111100011011110
10111011110000011001010100011011110
10111011010100011010101011111011110
10111011010100011100000011111011110
10111011010100011101011011111011110
10111011011000011110110011111011110
10111011011000100000001011111011110
10111011011100100001100011111011110
10111011011100100010111011111011110
10111011100000100100010011011011110
10111011100100100101101010111011110
10111011101000100111000010111011110
10111011101100101000011010011011110
10111011110000101001110001011011110
10111011110100101011001000111011110
10111011111100101100011111111011101
10111100000000101101110110111011101
10111100001000101111001101111011101
10111100001000000100110010011011101
10111100000000000110001001011011101
10111011111100000111100000011011101
10111011110100001000110111011011110
10111011110000001010001110111011110
10111011101100001011100101111011110
10111011101000001100111101011011110
10111011100100001110010101011011110
10111011100000001111101100111011110
10111011011100010001000100011011110
10111011011100010010011100011011110
10111011011000010011110100011011110
10111011011000010101001100011011110
10111011010100010110100100011011110
10111011010100010111111100011011110
10111011010100011001010100011011110
10111010111100011010101100011011110
10111010111100011100000100011011110
10111010111100011101011100111011110
10111010111100011110110100111011110
10111011000000100000001101011011110
10111011000000100001100101011011110
10111011000100100010111101011011110
10111011001000100100010101111011110
10111011001000100101101101111011110
10111011001100100111000101011011110
10111011010000101000011101011011110
10111011011000101001110100111011110
10111011011100101011001100111011110
10111011100000101100100011111011110
10111011101000101101111011011011110
10111011101100101111010010011011110
10111011101100000100101101111011110
10111011101000000110000100111011110
10111011100000000111011100011011110
10111011011100001000110011011011110
10111011011000001010001011011011110
10111011010000001011100010111011110
10111011001100001100111010111011110
10111011001000001110010010011011110
10111011001000001111101010011011110
10111011000100010001000010111011110
10111011000000010010011010111011110
10111011000000010011110010111011110
10111010111100010101001011011011110
10111010111100010110100011011011110
10111010111100010111111011111011110
10111010111100011001010011111011110
10111010100000011010101100011011110
10111010100000011100000100111011110
10111010100000011101011101011011110
10111010100100011110110110011011110
10111010100100100000001110111011110
10111010101000100001100111011011110
10111010101000100010111111011011110
10111010101100100100010111111011110
10111010110000100101110000011011110
10111010110100100111001000011011110
10111010111000101000100000011011110
10111010111100101001111000011011110
10111011000000101011010000011011110
10111011001000101100101000011011110
10111011001100101101111111111011110
10111011010100101111010111011011110
10111011010100000100101000111011110
10111011001100000110000000011011110
10111011001000000111010111111011110
10111011000000001000101111111011110
10111010111100001010000111111011110
10111010111000001011011111111011110
10111010110100001100110111111011110
10111010110000001110001111111011110
10111010101100001111101000011011110
10111010101000010001000000111011110
10111010101000010010011000111011110
10111010100100010011110001011011110
10111010100100010101001001111011110
10111010100000010110100010111011110
10111010100000010111111011011011110
10111010100000011001010011111011110
10111010000100011010101100011011110
10111010001000011100000101011011110
10111010001000011101011110011011110
10111010001000011110110111011011110
10111010001100100000001111111011110
10111010001100100001101000111011110
10111010010000100011000001011011110
10111010010000100100011010011011110
10111010010100100101110010111011110
10111010011000100111001011011011110
10111010011100101000100011111011110
10111010100100101001111011111011110
10111010101000101011010100011011110
10111010101100101100101100011011110
10111010110100101110000100011011110
10111010111000101111011011111011110
10111010111000000100100100011011110
10111010110100000101111011111011110
10111010101100000111010011111011110
10111010101000001000101011111011110
10111010100100001010000100011011110
10111010011100001011011100011011110
10111010011000001100110100111011110
10111010010100001110001101011011110
10111010010000001111100101111011110
10111010010000010000111110111011110
10111010001100010010010111011011110
10111010001100010011110000011011110
10111010001000010101001000111011110
10111010001000010110100001111011110
10111010001000010111111010111011110
10111010000100011001010011111011110
11000000010000011010101010011011101
11000000010000011011111110111011101
11000000010000011101010011011011101
11000000010000011110100111111011101
11000000010100011111111100011011101
11000000010100100001010000111011101
11000000011000100010100100111011101
11000000011100100011111001011011101
11000000011100100101001101011011101
11000000100000100110100001111011101
11000000100100100111110101111011101
11000000101100101001001001111011101
11000000110000101010011101111011101
11000000110100101011110001011011101
11000000111100101101000100111011101
11000001000000101110011000111011101
11000001000000000101100111011011101
11000000111100000110111011011011101
11000000110100001000001110111011101
11000000110000001001100010011011101
11000000101100001010110110011011101
11000000100100001100001010011011101
11000000100000001101011110011011101
11000000011100001110110010111011101
11000000011100010000000110111011101
11000000011000010001011011011011101
11000000010100010010101111011011101
11000000010100010100000011111011101
11000000010000010101011000011011101
11000000010000010110101100111011101
11000000010000011000000001011011101
11000000010000011001010101111011101
10111111110100011010101010011011101
10111111110100011011111111011011101
10111111111000011101010011111011101
10111111111000011110101000111011101
10111111111000011111111101011011101
10111111111100100001010010011011101
10111111111100100010100110111011101
11000000000000100011111011011011101
11000000000100100101001111111011101
11000000001000100110100100011011101
11000000001100100111111000111011101
11000000010000101001001100111011101
11000000010100101010100001011011101
11000000011100101011110101011011101
11000000100000101101001000111011101
11000000101000101110011100111011101
11000000101000000101100011011011101
11000000100000000110110111011011101
11000000011100001000001010111011101
11000000010100001001011110111011101
11000000010000001010110011011011101
11000000001100001100000111011011101
11000000001000001101011011111011101
11000000000100001110110000011011101
11000000000000010000000100111011101
10111111111100010001011001011011101
10111111111100010010101101111011101
10111111111000010100000010111011101
10111111111000010101010111011011101
10111111111000010110101100011011101
10111111110100011000000000111011101
10111111110100011001010101111011101
10111111011100011010101010111011101
10111111011100011011111111111011101
10111111011100011101010100111011101
10111111011100011110101001111011101
10111111100000011111111110111011101
10111111100000100001010011111011101
10111111100100100010101000111011101
10111111101000100011111101011011101
10111111101000100101010010011011101
10111111101100100110100110111011101
10111111110000100111111011111011101
10111111110100101001010000011011101
10111111111100101010100100111011101
11000000000000101011111000111011101
11000000001000101101001101011011101
11000000001100101110100001011011101
11000000001100000101011110111011101
11000000001000000110110010111011101
11000000000000001000000111011011101
10111111111100001001011011011011101
10111111110100001010101111111011101
10111111110000001100000100011011101
10111111101100001101011001011011101
10111111101000001110101101111011101
10111111101000010000000010111011101
10111111100100010001010111011011101
10111111100000010010101100011011101
10111111100000010100000001011011101
10111111011100010101010110011011101
10111111011100010110101011011011101
10111111011100011000000000011011101
10111111011100011001010101011011101
10111111000000011010101010111011101
10111111000000011100000000011011101
10111111000000011101010101011011101
10111111000100011110101010111011101
10111111000100011111111111111011101
10111111001000100001010101011011101
10111111001000100010101010011011101
10111111001100100011111111111011101
10111111010000100101010100111011101
10111111010100100110101001111011101
10111111011000100111111110011011101
10111111011100101001010011011011101
10111111100000101010101000011011101
10111111101000101011111100111011101
10111111101100101101010001011011101
10111111110100101110100101011011101
10111111110100000101011010111011101
10111111101100000110101110111011101
10111111101000001000000011011011101
10111111100000001001010111111011101
10111111011100001010101100111011101
10111111011000001100000001111011101
10111111010100001101010110011011101
10111111010000001110101011011011101
10111111001100010000000000011011101
10111111001000010001010101111011101
10111111001000010010101010111011101
10111111000100010100000000011011101
10111111000100010101010101011011101
10111111000000010110101010111011101
10111111000000010111111111111011101
10111111000000011001010101011011101
10111110101000011010101010111011101
10111110101000011100000000011011101
10111110101000011101010110011011101
10111110101000011110101011111011101
10111110101100100000000001011011101
10111110101100100001010110111011101
10111110110000100010101100011011101
10111110110000100100000001111011101
10111110110100100101010111011011101
10111110111000100110101100011011101
10111110111100101000000001011011101
10111111000000101001010110111011101
10111111001000101010101011111011101
10111111001100101100000000011011101
10111111010000101101010101011011101
10111111011000101110101001111011101
10111111011000000101010110011011101
10111111010000000110101010111011101
10111111001100000111111111111011101
10111111001000001001010100011011101
10111111000000001010101001011011101
10111110111100001011111110111011101
10111110111000001101010011111011101
10111110110100001110101000111011101
10111110110000001111111110011011101
10111110110000010001010011111011101
10111110101100010010101001011011101
10111110101100010011111110111011101
10111110101000010101010100011011101
10111110101000010110101001111011101
10111110101000010111111111111011101
10111110101000011001010101011011101
10111110001100011010101010111011101
10111110001100011100000000111011101
10111110001100011101010110111011101
10111110010000011110101100111011101
10111110010000100000000010111011101
10111110010100100001011000011011101
10111110010100100010101110011011101
10111110011000100100000011111011101
10111110011100100101011001011011101
10111110100000100110101111011011101
10111110100100101000000100011011101
10111110101000101001011001111011101
10111110101100101010101111011011101
10111110110000101100000100011011101
10111110111000101101011001011011101
10111111000000101110101110011011101
10111111000000000101010001111011101
10111110111000000110100110111011101
10111110110000000111111011111011101
10111110101100001001010000111011101
10111110101000001010100110011011101
10111110100100001011111011111011101
10111110100000001101010000111011101
10111110011100001110100110111011101
10111110011000001111111100011011101
10111110010100010001010001111011101
10111110010100010010100111111011101
10111110010000010011111101011011101
10111110010000010101010011011011101
10111110001100010110101001011011101
10111110001100010111111111011011101
10111110001100011001010101011011101
10111101110000011010101011011011101
10111101110100011100000001011011101
10111101110100011101010111111011101
10111101110100011110101101111011101
10111101110100100000000011111011101
10111101111000100001011001111011101
10111101111100100010101111111011101
10111101111100100100000101111011101
10111110000000100101011011111011101
10111110000100100110110001111011101
10111110001000101000000111111011101
10111110001100101001011101011011101
10111110010100101010110010111011101
10111110011000101100001000011011101
10111110011100101101011101011011101
10111110100100101110110010111011101
10111110100100000101001101011011101
10111110011100000110100010111011101
10111110011000000111110111111011101
10111110010100001001001101011011101
10111110001100001010100010111011101
10111110001000001011111000011011101
10111110000100001101001110011011101
10111110000000001110100100011011101
10111101111100001111111010011011101
10111101111100010001010000011011101
10111101111000010010100110011011101
10111101110100010011111100011011101
10111101110100010101010010011011101
10111101110100010110101000011011101
10111101110100010111111110111011101
10111101110000011001010100111011101
10111101011000011010101011011011101
10111101011000011100000001111011101
10111101011000011101011000011011101
10111101011100011110101110111011101
10111101011100100000000101011011101
10111101011100100001011011111011101
10111101100000100010110001111011101
10111101100100100100001000011011101
10111101101000100101011110011011101
10111101101100100110110100111011101
10111101110000101000001010111011101
10111101110100101001100000011011101
10111101111000101010110110011011101
10111101111100101100001100011011101
10111110000100101101100001111011101
10111110001000101110110111011011101
10111110001000000101001000111011101
10111110000100000110011110011011101
10111101111100000111110011111011101
10111101111000001001001001111011101
10111101110100001010011111111011101
10111101110000001011110101011011101
10111101101100001101001011011011101
10111101101000001110100001111011101
10111101100100001111110111111011101
10111101100000010001001110011011101
10111101011100010010100100011011101
10111101011100010011111010111011101
10111101011100010101010001011011101
10111101011000010110100111111011101
10111101011000010111111110011011101
10111101011000011001010100111011101
