10110110011000011010101101111011110
10110110011100011100001001111011110
10110110011100011101100101011011110
10110110011100011111000001011011110
10110110100000100000011100111011110
10110110100000100001111000011011110
10110110100100100011010100011011110
10110110101000100100101111111011110
10110110101000100110001011011011110
10110110101100100111100110011011110
10110110110100101001000001111011110
10110110111000101010011100111011110
10110110111100101011110111111011110
10110111000100101101010010011011110
10110111001000101110101101011011110
10110111010000110000000111111011110
10110111010000000011111000011011110
10110111001000000101010010111011110
10110111000100000110101101111011110
10110110111100001000001000011011110
10110110111000001001100011011011110
10110110110100001010111110011011110
10110110101100001100011001111011110
10110110101000001101110100111011110
10110110101000001111010000011011110
10110110100100010000101011111011110
10110110100000010010000111111011110
10110110100000010011100011011011110
10110110011100010100111110111011110
10110110011100010110011010111011110
10110110011100010111110110011011110
10110110011000011001010010011011110
10110110000000011010101110011011110
10110110000000011100001010011011110
10110110000000011101100110011011110
10110110000100011111000010011011110
10110110000100100000011110011011110
10110110001000100001111010011011110
10110110001000100011010110011011110
10110110001100100100110010011011110
10110110010000100110001101111011110
10110110010100100111101001011011110
10110110011000101001000101011011110
10110110011100101010100000011011110
10110110100100101011111011111011110
10110110101000101101010110111011110
10110110110000101110110001111011110
10110110110100110000001100111011110
10110110110100000011110011011011110
10110110110000000101001110011011110
10110110101000000110101001011011110
10110110100100001000000100011011110
10110110011100001001011111111011110
10110110011000001010111010111011110
10110110010100001100010110111011110
10110110010000001101110010011011110
10110110001100001111001101111011110
10110110001000010000101001111011110
10110110001000010010000101111011110
10110110000100010011100001111011110
10110110000100010100111101111011110
10110110000000010110011001111011110
10110110000000010111110101111011110
10110110000000011001010001111011110
10110101100100011010101110011011110
10110101100100011100001010111011110
10110101101000011101100111011011110
10110101101000011111000011011011110
10110101101000100000011111111011110
10110101101100100001111100011011110
10110101110000100011011000011011110
10110101110000100100110100111011110
10110101110100100110010000111011110
10110101111000100111101100111011110
10110101111100101001001000011011110
10110110000100101010100100011011110
10110110001000101011111111111011110
10110110010000101101011011011011110
10110110010100101110110110111011110
10110110011100110000010001111011110
10110110011100000011101110011011110
10110110010100000101001001011011110
10110110010000000110100100111011110
10110110001000001000000000011011110
10110110000100001001011011111011110
10110101111100001010110111111011110
10110101111000001100010011011011110
10110101110100001101101111011011110
10110101110000001111001011011011110
10110101110000010000100111111011110
10110101101100010010000011111011110
10110101101000010011100000011011110
10110101101000010100111100111011110
10110101101000010110011000111011110
10110101100100010111110101011011110
10110101100100011001010001111011110
10110101001100011010101110011011110
10110101001100011100001011011011110
10110101001100011101100111111011110
10110101001100011111000100111011110
10110101010000100000100001011011110
10110101010000100001111101111011110
10110101010100100011011010111011110
10110101011000100100110111011011110
10110101011100100110010011011011110
10110101100000100111101111111011110
10110101100100101001001011111011110
10110101101000101010101000011011110
10110101110000101100000100011011110
10110101110100101101011111111011110
10110101111100101110111011011011110
10110110000000110000010110111011110
10110110000000000011101001011011110
10110101111100000101000100111011110
10110101110100000110100000011011110
10110101110000000111111011111011110
10110101101000001001010111111011110
10110101100100001010110100011011110
10110101100000001100010000011011110
10110101011100001101101100111011110
10110101011000001111001000111011110
10110101010100010000100101011011110
10110101010000010010000010011011110
10110101010000010011011110111011110
10110101001100010100111011011011110
10110101001100010110011000011011110
10110101001100010111110100111011110
10110101001100011001010001111011110
10110100110000011010101110111011110
10110100110000011100001011111011110
10110100110100011101101000111011110
10110100110100011111000101111011110
10110100110100100000100010111011110
10110100111000100001111111111011110
10110100111100100011011100111011110
10110100111100100100111001111011110
10110101000000100110010110011011110
10110101000100100111110010111011110
10110101001000101001001111011011110
10110101010000101010101011111011110
10110101010100101100001000011011110
10110101011000101101100100011011110
10110101100000101111000000011011110
10110101101000110000011100011011110
10110101101000000011100011111011110
10110101100000000100111111111011110
10110101011000000110011011111011110
10110101010100000111110111111011110
10110101010000001001010100011011110
10110101001000001010110000111011110
10110101000100001100001101011011110
10110101000000001101101001111011110
10110100111100001111000110011011110
10110100111100010000100011011011110
10110100111000010010000000011011110
10110100110100010011011101011011110
10110100110100010100111010011011110
10110100110100010110010111011011110
10110100110000010111110100011011110
10110100110000011001010001011011110
10110100011000011010101110111011110
10110100011000011100001100011011110
10110100011000011101101001111011110
10110100011000011111000111011011110
10110100011100100000100100011011110
10110100011100100010000001111011110
10110100100000100011011110111011110
10110100100100100100111100011011110
10110100101000100110011001011011110
10110100101100100111110110011011110
10110100110000101001010011011011110
10110100110100101010101111111011110
10110100111100101100001100011011110
10110101000000101101101000111011110
10110101001000101111000101011011110
10110101001100110000100001011011110
10110101001100000011011110111011110
10110101001000000100111010111011110
10110101000000000110010111011011110
10110100111100000111110011111011110
10110100110100001001010000011011110
10110100110000001010101100111011110
10110100101100001100001001111011110
10110100101000001101100110111011110
10110100100100001111000011111011110
10110100100000010000100001011011110
10110100011100010001111110011011110
10110100011100010011011011111011110
10110100011000010100111000111011110
10110100011000010110010110011011110
10110100011000010111110011111011110
10110100011000011001010001011011110
10110011111100011010101110111011110
10110011111100011100001100111011110
10110011111100011101101010011011110
10110100000000011111001000011011110
10110100000000100000100101111011110
10110100000100100010000011111011110
10110100000100100011100001011011110
10110100001000100100111110111011110
10110100001100100110011100011011110
10110100010000100111111001011011110
10110100010100101001010110111011110
10110100011100101010110011111011110
10110100100000101100010000111011110
10110100100100101101101101011011110
10110100101100101111001010011011110
10110100110100110000100110111011110
10110100110100000011011001011011110
10110100101100000100110101111011110
10110100100100000110010010111011110
10110100100000000111101111011011110
10110100011100001001001100011011110
10110100010100001010101001011011110
10110100010000001100000110111011110
10110100001100001101100011111011110
10110100001000001111000001011011110
10110100000100010000011110111011110
10110100000100010001111100011011110
10110100000000010011011010011011110
10110100000000010100110111111011110
10110011111100010110010101111011110
10110011111100010111110011011011110
10110011111100011001010001011011110
10110011100100011010101111011011110
10110011100100011100001101011011110
10110011100100011101101011011011110
10110011100100011111001001011011110
10110011101000100000100111011011110
10110011101000100010000101011011110
10110011101100100011100011011011110
10110011110000100101000001011011110
10110011110100100110011111011011110
10110011111000100111111100111011110
10110011111100101001011010011011110
10110100000000101010110111111011110
10110100000100101100010100111011110
10110100001100101101110010011011110
10110100010100101111001111011011110
10110100011000110000101011111011110
10110100011000000011010100011011110
10110100010100000100110000111011110
10110100001100000110001101111011110
10110100000100000111101011011011110
10110100000000001001001000011011110
10110011111100001010100101111011110
10110011111000001100000011011011110
10110011110100001101100000111011110
10110011110000001110111110111011110
10110011101100010000011100111011110
10110011101000010001111010111011110
10110011101000010011011000111011110
10110011100100010100110110111011110
10110011100100010110010100111011110
10110011100100010111110010111011110
10110011100100011001010000111011110
10111001101100011010101100111011110
10111001101100011100000101111011110
10111001101100011101011111011011110
10111001110000011110111000011011110
10111001110000100000010001011011110
10111001110100100001101010011011110
10111001110100100011000011011011110
10111001111000100100011100011011110
10111001111100100101110101011011110
10111010000000100111001110011011110
10111010000100101000100110111011110
10111010001000101001111111011011110
10111010001100101011010111111011110
10111010010100101100110000011011110
10111010011000101110001000111011110
10111010100000101111100000111011110
10111010100000000100011111011011110
10111010011000000101110111011011110
10111010010100000111001111111011110
10111010001100001000101000011011110
10111010001000001010000000111011110
10111010000100001011011001011011110
10111010000000001100110001111011110
10111001111100001110001010111011110
10111001111000001111100011111011110
10111001110100010000111100111011110
10111001110100010010010101111011110
10111001110000010011101110111011110
10111001110000010101000111111011110
10111001101100010110100000111011110
10111001101100010111111010011011110
10111001101100011001010011011011110
10111001010000011010101100111011110
10111001010000011100000110011011110
10111001010100011101011111111011110
10111001010100011110111001011011110
10111001010100100000010010111011110
10111001011000100001101100011011110
10111001011100100011000101111011110
10111001011100100100011110111011110
10111001100000100101110111111011110
10111001100100100111010001011011110
10111001101000101000101010011011110
10111001110000101010000011011011110
10111001110100101011011011111011110
10111001111000101100110100011011110
10111010000000101110001101011011110
10111010000100101111100101011011110
10111010000100000100011010111011110
10111010000000000101110010111011110
10111001111000000111001011111011110
10111001110100001000100100011011110
10111001110000001001111100111011110
10111001101000001011010101111011110
10111001100100001100101110111011110
10111001100000001110001000011011110
10111001011100001111100001011011110
10111001011100010000111010011011110
10111001011000010010010011111011110
10111001010100010011101101011011110
10111001010100010101000110111011110
10111001010100010110100000011011110
10111001010000010111111001111011110
10111001010000011001010011011011110
10111000111000011010101100111011110
10111000111000011100000110111011110
10111000111000011101100000111011110
10111000111000011110111010011011110
10111000111100100000010100011011110
10111000111100100001101101111011110
10111001000000100011000111111011110
10111001000100100100100001011011110
10111001001000100101111010111011110
10111001001100100111010100011011110
10111001010000101000101101011011110
10111001010100101010000110111011110
10111001011000101011011111111011110
10111001100000101100111000111011110
10111001100100101110010001111011110
10111001101100101111101010011011110
10111001101100000100010101111011110
10111001100100000101101110011011110
10111001100000000111000111011011110
10111001011000001000100000011011110
10111001010100001001111001011011110
10111001010000001011010010111011110
10111001001100001100101011111011110
10111001001000001110000101011011110
10111001000100001111011110111011110
10111001000000010000111000011011110
10111000111100010010010010011011110
10111000111100010011101011111011110
10111000111000010101000101111011110
10111000111000010110011111011011110
10111000111000010111111001011011110
10111000111000011001010011011011110
10111000011100011010101101011011110
10111000011100011100000111011011110
10111000100000011101100001011011110
10111000100000011110111011111011110
10111000100000100000010101111011110
10111000100100100001101111111011110
10111000101000100011001001111011110
10111000101000100100100011111011110
10111000101100100101111101011011110
10111000110000100111010111011011110
10111000110100101000110000111011110
10111000111000101010001010011011110
10111001000000101011100011111011110
10111001000100101100111100111011110
10111001001100101110010110011011110
10111001010000101111101111011011110
10111001010000000100010000111011110
10111001001100000101101001111011110
10111001000100000111000011011011110
10111001000000001000011100011011110
10111000111000001001110101111011110
10111000110100001011001111011011110
10111000110000001100101000111011110
10111000101100001110000010111011110
10111000101000001111011100011011110
10111000101000010000110110011011110
10111000100100010010010000011011110
10111000100000010011101010011011110
10111000100000010101000100011011110
10111000100000010110011110111011110
10111000011100010111111000111011110
10111000011100011001010010111011110
10111000000100011010101101011011110
10111000000100011100000111111011110
10111000000100011101100010011011110
10111000000100011110111100111011110
10111000001000100000010111011011110
10111000001000100001110001011011110
10111000001100100011001011111011110
10111000010000100100100101111011110
10111000010100100110000000011011110
10111000011000100111011010011011110
10111000011100101000110100011011110
10111000100000101010001101111011110
10111000100100101011100111111011110
10111000101100101101000001011011110
10111000110000101110011010111011110
10111000111000101111110011111011110
10111000111000000100001100011011110
10111000110000000101100101011011110
10111000101100000110111110111011110
10111000100100001000011000011011110
10111000100000001001110010011011110
10111000011100001011001011111011110
10111000011000001100100101111011110
10111000010100001101111111111011110
10111000010000001111011010011011110
10111000001100010000110100011011110
10111000001000010010001110111011110
10111000001000010011101000111011110
10111000000100010101000011011011110
10111000000100010110011101111011110
10111000000100010111111000011011110
10111000000100011001010010111011110
10110111101000011010101101011011110
10110111101000011100001000011011110
10110111101000011101100010111011110
10110111101100011110111101111011110
10110111101100100000011000011011110
10110111110000100001110011011011110
10110111110000100011001101111011110
10110111110100100100101000011011110
10110111111000100110000010111011110
10110111111100100111011101011011110
10111000000000101000110111011011110
10111000000100101010010001111011110
10111000001100101011101011111011110
10111000010000101101000101011011110
10111000011000101110011111011011110
10111000011100101111111000111011110
10111000011100000100000111011011110
10111000011000000101100000111011110
10111000010000000110111010111011110
10111000001100001000010100011011110
10111000000100001001101110011011110
10111000000000001011001000111011110
10110111111100001100100010111011110
10110111111000001101111101011011110
10110111110100001111010111111011110
10110111110000010000110010011011110
10110111110000010010001100111011110
10110111101100010011100111111011110
10110111101100010101000010011011110
10110111101000010110011101011011110
10110111101000010111110111111011110
10110111101000011001010010111011110
10110111010000011010101101111011110
10110111010000011100001000111011110
10110111010000011101100011111011110
10110111010000011110111110111011110
10110111010100100000011001111011110
10110111010100100001110100111011110
10110111011000100011001111111011110
10110111011100100100101010111011110
10110111100000100110000101011011110
10110111100100100111100000011011110
10110111101000101000111010111011110
10110111101100101010010101011011110
10110111110000101011101111111011110
10110111111000101101001001111011110
10110111111100101110100011111011110
10111000000100101111111101111011110
10111000000100000100000010011011110
10110111111100000101011100011011110
10110111111000000110110110011011110
10110111110000001000010000011011110
10110111101100001001101010111011110
10110111101000001011000101011011110
10110111100100001100011111111011110
10110111100000001101111010111011110
10110111011100001111010101011011110
10110111011000010000110000011011110
10110111010100010010001011011011110
10110111010100010011100110011011110
10110111010000010101000001011011110
10110111010000010110011100011011110
10110111010000010111110111011011110
10110111010000011001010010011011110
10110110110100011010101101111011110
10110110110100011100001001011011110
10110110110100011101100100111011110
10110110111000011111000000011011110
10110110111000100000011011011011110
10110110111100100001110110111011110
10110110111100100011010001111011110
10110111000000100100101101011011110
10110111000100100110001000011011110
10110111001000100111100011011011110
10110111001100101000111110011011110
10110111010000101010011000111011110
10110111011000101011110011111011110
10110111011100101101001110011011110
10110111100100101110101000011011110
10110111101000110000000010111011110
10110111101000000011111101011011110
10110111100100000101010111111011110
10110111011100000110110001111011110
10110111011000001000001100011011110
10110111010000001001100111011011110
10110111001100001011000001111011110
10110111001000001100011100111011110
10110111000100001101110111111011110
10110111000000001111010010111011110
10110110111100010000101110011011110
10110110111100010010001001011011110
10110110111000010011100100111011110
10110110111000010100111111111011110
10110110110100010110011011011011110
10110110110100010111110110111011110
10110110110100011001010010011011110
