10110000011000101000010111111101110
10110000011100101011011001011101110
10110000011100101110011011011101110
10110000100100110001011100011101110
10110000101100110100011101011101110
10110000110100110111011101111101110
10110001000000111010011101111101110
10110001001100111101011100111101110
10110001001100010000010000111101110
10110001000000010011010000011101110
10110000110100010110001111111101110
10110000101100011001010000011101110
10110000100100011100010001011101110
10110000011100011111010010111101110
10110000011100100010010100011101110
10110000011000100101010101111101110
10101111111100101000011000011101110
10110000000000101011011010111101110
10110000000100101110011100111101110
10110000001000110001011110111101110
10110000010000110100100000111101110
10110000011100110111100001111101110
10110000100100111010100010011101110
10110000110100111101100010011101110
10110000110100010000001011011101110
10110000100100010011001011011101110
10110000011100010110001011111101110
10110000010000011001001101011101110
10110000001000011100001110111101110
10110000000100011111010000111101110
10110000000000100010010011011101110
10101111111100100101010101111101110
10101111100100101000011000011101110
10101111100100101011011011111101110
10101111101000101110011110111101110
10101111110000110001100001111101110
10101111111000110100100011111101110
10110000000000110111100101111101110
10110000001100111010100111011101110
10110000011000111101100111111101110
10110000011000010000000101111101110
10110000001100010011000110111101110
10110000000000010110000111111101110
10101111111000011001001001111101110
10101111110000011100001100011101110
10101111101000011111001110111101110
10101111100100100010010010011101110
10101111100100100101010101011101110
10101111001000101000011000111101110
10101111001100101011011100111101110
10101111010000101110100000111101110
10101111010100110001100100011101110
10101111011100110100100111011101110
10101111101000110111101001111101110
10101111110000111010101011111101110
10110000000000111101101101011101110
10110000000000010000000000011101110
10101111110000010011000001111101110
10101111101000010110000011111101110
10101111011100011001000110011101110
10101111010100011100001001111101110
10101111010000011111001101011101110
10101111001100100010010000111101110
10101111001000100101010100111101110
10101110110000101000011001011101110
10101110110000101011011101111101110
10101110110100101110100010011101110
10101110111100110001100110111101110
10101111000100110100101010111101110
10101111001100110111101110011101110
10101111011000111010110000111101110
10101111100100111101110010111101110
10101111100100001111111010111101110
10101111011000010010111100111101110
10101111001100010101111111111101110
10101111000100011001000011011101110
10101110111100011100000110111101110
10101110110100011111001011011101110
10101110110000100010001111111101110
10101110110000100101010100011101110
10101110010100101000011001111101110
10101110011000101011011111011101110
10101110011100101110100100011101110
10101110100000110001101001011101110
10101110101000110100101110011101110
10101110110000110111110010011101110
10101110111100111010110101111101110
10101111001100111101111000011101110
10101111001100001111110101011101110
10101110111100010010111000011101110
10101110110000010101111011111101110
10101110101000011000111111111101110
10101110100000011100000100011101110
10101110011100011111001001011101110
10101110011000100010001110111101110
10101110010100100101010100011101110
10101101111100101000011001111101110
10101101111100101011100000011101110
10101110000000101110100110011101110
10101110001000110001101100011101110
10101110010000110100110001011101110
10101110011000110111110110011101110
10101110100100111010111010111101110
10101110110000111101111110011101110
10101110110000001111101111111101110
10101110100100010010110011011101110
10101110011000010101110111011101110
10101110010000011000111100011101110
10101110001000011100000001111101110
10101110000000011111000111011101110
10101101111100100010001101011101110
10101101111100100101010011111101110
10101101100000101000011010011101110
10101101100100101011100001011101110
10101101101000101110101000011101110
10101101101100110001101110111101110
10101101110100110100110100111101110
10101101111100110111111010111101110
10101110001000111010111111111101110
10101110011000111110000011111101110
10101110011000001111101001111101110
10101110001000010010101110011101110
10101101111100010101110011011101110
10101101110100011000111000111101110
10101101101100011011111110111101110
10101101101000011111000101111101110
10101101100100100010001100011101110
10101101100000100101010011011101110
10101101001000101000011010111101110
10101101001000101011100010111101110
10101101001100101110101010011101110
10101101010100110001110001011101110
10101101011000110100111000011101110
10101101100100110111111110111101110
10101101110000111011000100111101110
10101101111100111110001001111101110
10101101111100001111100100011101110
10101101110000010010101001011101110
10101101100100010101101110111101110
10101101011000011000110101011101110
10101101010100011011111100011101110
10101101001100011111000011111101110
10101101001000100010001011011101110
10101101001000100101010010111101110
10101100101100101000011011011101110
10101100110000101011100011111101110
10101100110100101110101100011101110
10101100111000110001110100011101110
10101101000000110100111011111101110
10101101001000111000000011011101110
10101101010100111011001001111101110
10101101100100111110001111011101110
10101101100100001111011110011101110
10101101010100010010100100011101110
10101101001000010101101010111101110
10101101000000011000110001111101110
10101100111000011011111001111101110
10101100110100011111000001111101110
10101100110000100010001001111101110
10101100101100100101010010111101110
10101100010000101000011011111101110
10101100010100101011100100111101110
10101100011000101110101110011101110
10101100011100110001110110111101110
10101100100100110100111111011101110
10101100110000111000000111011101110
10101100111100111011001110111101110
10101101001000111110010101011101110
10101101001000001111011000111101110
10101100111100010010011111011101110
10101100110000010101100110011101110
10101100100100011000101110011101110
10101100011100011011110110111101110
10101100011000011110111111111101110
10101100010100100010001000111101110
10101100010000100101010010011101110
10101011111000101000011011111101110
10101011111000101011100110011101110
10101011111100101110110000011101110
10101100000100110001111001111101110
10101100001100110101000010111101110
10101100010100111000001011111101110
10101100100000111011010011111101110
10101100110000111110011011011101110
10101100110000001111010010111101110
10101100100000010010011001111101110
10101100010100010101100010011101110
10101100001100011000101010111101110
10101100000100011011110011111101110
10101011111100011110111101111101110
10101011111000100010000111111101110
10101011111000100101010001111101110
10101011011100101000011100011101110
10101011100000101011100111011101110
10101011100100101110110010011101110
10101011101000110001111100111101110
10101011110000110101000110111101110
10101011111100111000010000011101110
10101100001000111011011000111101110
10101100010100111110100000111101110
10101100010100001111001100111101110
10101100001000010010010100111101110
10101011111100010101011101111101110
10101011110000011000100111011101110
10101011101000011011110001011101110
10101011100100011110111011111101110
10101011100000100010000110011101110
10101011011100100101010001011101110
10101011000100101000011100111101110
10101011000100101011101000111101110
10101011001000101110110100011101110
10101011010000110001111111011101110
10101011011000110101001010011101110
10101011100000111000010100011101110
10101011101100111011011110011101110
10101011111100111110100110111101110
10101011111100001111000110111101110
10101011101100010010001111111101110
10101011100000010101011001011101110
10101011011000011000100011111101110
10101011010000011011101110011101110
10101011001000011110111001111101110
10101011000100100010000101011101110
10101011000100100101010000111101110
10101010101000101000011101011101110
10101010101100101011101001111101110
10101010110000101110110110011101110
10101010110100110010000010011101110
10101010111100110101001101111101110
10101011001000111000011000111101110
10101011010100111011100011011101110
10101011100000111110101100111101110
10101011100000001111000000111101110
10101011010100010010001010011101110
10101011001000010101010100111101110
10101010111100011000011111111101110
10101010110100011011101011111101110
10101010110000011110110111111101110
10101010101100100010000011111101110
10101010101000100101010000111101110
10101010010000101000011101111101110
10101010010000101011101010111101110
10101010010100101110111000011101110
10101010011100110010000101011101110
10101010100100110101010001011101110
10101010101100111000011101011101110
10101010111000111011101000111101110
10101011001000111110110010111101110
10101011001000001110111010111101110
10101010111000010010000101011101110
10101010101100010101010000011101110
10101010100100011000011100011101110
10101010011100011011101000111101110
10101010010100011110110101111101110
10101010010000100010000010111101110
10101010010000100101010000011101110
10110110111100101000010010011011110
10110110111100101011001000111011110
10110111000000101101111111011011110
10110111001000110000110101111011110
10110111001100110011101011111011110
10110111011000110110100001011011110
10110111100000111001010110111011110
10110111101100111100001011011011110
10110111101100010001100010111011110
10110111100000010100010111011011110
10110111011000010111001100011011110
10110111001100011010000001111011110
10110111001000011100110111111011110
10110111000000011111101110011011110
10110110111100100010100100111011110
10110110111100100101011011011011110
10110110100000101000010010111011110
10110110100100101011001001111011110
10110110101000101110000001011011110
10110110101100110000111000011011110
10110110110100110011101110111011110
10110110111100110110100100111011110
10110111001000111001011010111011110
10110111010100111100001111111011110
10110111010100010001011101111011110
10110111001000010100010011011011110
10110110111100010111001000111011110
10110110110100011001111111011011110
10110110101100011100110101111011110
10110110101000011111101100111011110
10110110100100100010100011111011110
10110110100000100101011011011011110
10110110001000101000010010111011110
10110110001000101011001010111011110
10110110001100101110000010111011110
10110110010100110000111010011011110
10110110011000110011110001111011110
10110110100100110110101000111011110
10110110101100111001011110111011110
10110110111000111100010100111011110
10110110111000010001011000111011110
10110110101100010100001110111011110
10110110100100010111000101011011110
10110110011000011001111100011011110
10110110010100011100110011011011110
10110110001100011111101011011011110
10110110001000100010100010111011110
10110110001000100101011010111011110
10110101101100101000010011011011110
10110101110000101011001011111011110
10110101110100101110000100011011110
10110101111000110000111100111011110
10110110000000110011110100111011110
10110110001000110110101100011011110
10110110010100111001100011011011110
10110110100000111100011001111011110
10110110100000010001010100011011110
10110110010100010100001010011011110
10110110001000010111000001111011110
10110110000000011001111001011011110
10110101111000011100110001011011110
10110101110100011111101001011011110
10110101110000100010100001111011110
10110101101100100101011010111011110
10110101010100101000010011111011110
10110101010100101011001100111011110
10110101011000101110000110011011110
10110101011100110000111110111011110
10110101100100110011110111111011110
10110101101100110110101111111011110
10110101111000111001100111111011110
10110110000100111100011110111011110
10110110000100010001001111011011110
10110101111000010100000110011011110
10110101101100010110111101111011110
10110101100100011001110110011011110
10110101011100011100101110111011110
10110101011000011111100111111011110
10110101010100100010100000111011110
10110101010100100101011010011011110
10110100111000101000010011111011110
10110100111100101011001101111011110
10110101000000101110000111111011110
10110101000100110001000001011011110
10110101001100110011111010111011110
10110101010100110110110011011011110
10110101100000111001101011111011110
10110101101100111100100011111011110
10110101101100010001001010011011110
10110101100000010100000001111011110
10110101010100010110111010011011110
10110101001100011001110011011011110
10110101000100011100101100011011110
10110101000000011111100110011011110
10110100111100100010011111111011110
10110100111000100101011001111011110
10110100100000101000010100011011110
10110100100000101011001110111011110
10110100100100101110001001011011110
10110100101000110001000011111011110
10110100110000110011111101111011110
10110100111000110110110111011011110
10110101000100111001110000011011110
10110101010000111100101000111011110
10110101010000010001000101011011110
10110101000100010011111101011011110
10110100111000010110110110111011110
10110100110000011001110000011011110
10110100101000011100101010011011110
10110100100100011111100100011011110
10110100100000100010011110111011110
10110100100000100101011001111011110
10110100000100101000010100111101110
10110100001000101011001111111101110
10110100001000101110001011011101110
10110100010000110001000110011101110
10110100011000110100000000111101110
10110100100000110110111010111011110
10110100101100111001110100111011110
10110100111000111100101101111011110
10110100111000010001000000011011110
10110100101100010011111001011011110
10110100100000010110110010111011110
10110100011000011001101100111101110
10110100010000011100100111111101110
10110100001000011111100010111101110
10110100001000100010011101111101110
10110100000100100101011001011101110
10110011101000101000010100111101110
10110011101100101011010000111101110
10110011110000101110001100111101110
10110011110100110001001000011101110
10110011111100110100000011111101110
10110100000100110110111110111101110
10110100010000111001111001011101110
10110100011100111100110010111011110
10110100011100010000111010111011110
10110100010000010011110100111101110
10110100000100010110101111011101110
10110011111100011001101001111101110
10110011110100011100100101011101110
10110011110000011111100000111101110
10110011101100100010011100111101110
10110011101000100101011000111101110
10110011010000101000010101011101110
10110011010000101011010001111101110
10110011010100101110001110111101110
10110011011100110001001010111101110
10110011100100110100000110111101110
10110011101100110111000010011101110
10110011111000111001111101111101110
10110100000100111100110111111101110
10110100000100010000110101111101110
10110011111000010011110000011101110
10110011101100010110101011011101110
10110011100100011001100110111101110
10110011011100011100100010111101110
10110011010100011111011111011101110
10110011010000100010011011111101110
10110011010000100101011000011101110
10110010110100101000010101111101110
10110010111000101011010011011101110
10110010111100101110010000011101110
10110011000000110001001101011101110
10110011001000110100001010011101110
10110011010000110111000110011101110
10110011011100111010000010011101110
10110011101000111100111101011101110
10110011101000010000110000111101110
10110011011100010011101011111101110
10110011010000010110100111011101110
10110011001000011001100011111101110
10110011000000011100100000011101110
10110010111100011111011101011101110
10110010111000100010011010111101110
10110010110100100101011000011101110
10110010011100101000010101111101110
10110010011100101011010100011101110
10110010100000101110010010011101110
10110010101000110001001111111101110
10110010101100110100001101011101110
10110010111000110111001010011101110
10110011000100111010000110111101110
10110011010000111101000010011101110
10110011010000010000101011011101110
10110011000100010011100111011101110
10110010111000010110100011111101110
10110010101100011001100000111101110
10110010101000011100011101111101110
10110010100000011111011011111101110
10110010011100100010011001111101110
10110010011100100101010111111101110
10110010000000101000010110011101110
10110010000100101011010101011101110
10110010001000101110010011111101110
10110010001100110001010010011101110
10110010010100110100010000011101110
10110010011100110111001101111101110
10110010101000111010001011011101110
10110010110100111101000111111101110
10110010110100010000100110011101110
10110010101000010011100010111101110
10110010011100010110011111111101110
10110010010100011001011101011101110
10110010001100011100011011011101110
10110010001000011111011001111101110
10110010000100100010011000111101110
10110010000000100101010111011101110
10110001101000101000010110111101110
10110001101000101011010110011101110
10110001101100101110010101111101110
10110001110100110001010100111101110
10110001111000110100010011111101110
10110010000100110111010001111101110
10110010001100111010001111111101110
10110010011100111101001100111101110
10110010011100010000100000111101110
10110010001100010011011110011101110
10110010000100010110011011111101110
10110001111000011001011010011101110
10110001110100011100011000111101110
10110001101100011111011000011101110
10110001101000100010010111011101110
10110001101000100101010111011101110
10110001001100101000010111011101110
10110001010000101011010111011101110
10110001010100101110010111011101110
10110001011000110001010111011101110
10110001100000110100010110111101110
10110001101000110111010101111101110
10110001110100111010010100011101110
10110010000000111101010010011101110
10110010000000010000011011111101110
10110001110100010011011001011101110
10110001101000010110010111111101110
10110001100000011001010110111101110
10110001011000011100010110011101110
10110001010100011111010110011101110
10110001010000100010010110011101110
10110001001100100101010110111101110
10110000110100101000010111011101110
10110000110100101011011000011101110
10110000111000101110011001011101110
10110000111100110001011001111101110
10110001000100110100011010011101110
10110001010000110111011001111101110
10110001011000111010011000111101110
10110001101000111101010111011101110
10110001101000010000010110011101110
10110001011000010011010100111101110
10110001010000010110010011111101110
10110001000100011001010011111101110
10110000111100011100010011111101110
10110000111000011111010100011101110
10110000110100100010010101011101110
10110000110100100101010110011101110
