10110011101000100111100101111101110
10110011101100101001000011111101110
10110011101100101010100001111101110
10110011101100101011111111111101110
10110011110000101101011101111101110
10110011110000101110111011111101110
10110011110100110000011001111101110
10110011111000110001110111011101110
10110011111100110011010101011101110
10110100000000110100110010111101110
10110100000100110110010000011101110
10110100001000110111101101011101110
10110100001100111001001010111101110
10110100010100111010100111111101110
10110100011000111100000100011011110
10110100100000111101100001011011110
10110100100000010000001100111011110
10110100011000010001101001011011110
10110100010100010011000110011101110
10110100001100010100100011011101110
10110100001000010110000000011101110
10110100000100010111011101111101110
10110100000000011000111011011101110
10110011111100011010011000111101110
10110011111000011011110110011101110
10110011110100011101010100011101110
10110011110000011110110001111101110
10110011110000100000001111111101110
10110011101100100001101101111101110
10110011101100100011001011111101110
10110011101100100100101001111101110
10110011101000100110000111111101110
10110011010000100111100110011101110
10110011010000101001000100011101110
10110011010000101010100010111101110
10110011010100101100000001011101110
10110011010100101101011111011101110
10110011011000101110111101111101110
10110011011000110000011011111101110
10110011011100110001111001111101110
10110011100000110011010111111101110
10110011100100110100110101111101110
10110011101000110110010011111101110
10110011101100110111110001011101110
10110011110100111001001110111101110
10110011111000111010101100011101110
10110100000000111100001001011101110
10110100001000111101100110011101110
10110100001000010000000111011101110
10110100000000010001100100011101110
10110011111000010011000001111101110
10110011110100010100011110111101110
10110011101100010101111100011101110
10110011101000010111011010011101110
10110011100100011000110111111101110
10110011100000011010010101111101110
10110011011100011011110011111101110
10110011011000011101010001111101110
10110011011000011110110000011101110
10110011010100100000001110011101110
10110011010100100001101100111101110
10110011010000100011001010111101110
10110011010000100100101001011101110
10110011010000100110000111111101110
10110010110100100111100110011101110
10110010110100101001000100111101110
10110010111000101010100011111101110
10110010111000101100000010011101110
10110010111000101101100001011101110
10110010111100101110111111111101110
10110011000000110000011110011101110
10110011000100110001111100111101110
10110011000100110011011010111101110
10110011001100110100111001011101110
10110011010000110110010111011101110
10110011010100110111110101011101110
10110011011000111001010011011101110
10110011100000111010110000111101110
10110011100100111100001110011101110
10110011101100111101101011111101110
10110011101100010000000001111101110
10110011100100010001011111011101110
10110011100000010010111100111101110
10110011011000010100011010111101110
10110011010100010101111000011101110
10110011010000010111010110011101110
10110011001100011000110100111101110
10110011000100011010010010111101110
10110011000100011011110001011101110
10110011000000011101001111111101110
10110010111100011110101110011101110
10110010111000100000001100111101110
10110010111000100001101011011101110
10110010111000100011001010011101110
10110010110100100100101000111101110
10110010110100100110000111011101110
10110010011100100111100110011101110
10110010011100101001000101011101110
10110010011100101010100100111101110
10110010011100101100000011111101110
10110010100000101101100010111101110
10110010100100101111000001111101110
10110010100100110000100000011101110
10110010101000110001111111011101110
10110010101100110011011101111101110
10110010110000110100111100011101110
10110010110100110110011010111101110
10110010111000110111111001011101110
10110011000000111001010111011101110
10110011000100111010110101111101110
10110011001100111100010011011101110
10110011010100111101110001011101110
10110011010100001111111100111101110
10110011001100010001011010011101110
10110011000100010010111000011101110
10110011000000010100010110011101110
10110010111000010101110100011101110
10110010110100010111010010111101110
10110010110000011000110001011101110
10110010101100011010001111111101110
10110010101000011011101110111101110
10110010100100011101001101011101110
10110010100100011110101100011101110
10110010100000100000001011011101110
10110010011100100001101010011101110
10110010011100100011001001011101110
10110010011100100100101000011101110
10110010011100100110000111011101110
10110010000000100111100110111101110
10110010000000101001000110011101110
10110010000100101010100101011101110
10110010000100101100000100111101110
10110010000100101101100100011101110
10110010001000101111000011011101110
10110010001100110000100010111101110
10110010001100110010000001111101110
10110010010000110011100000111101110
10110010010100110100111111111101110
10110010011100110110011110111101110
10110010100000110111111101011101110
10110010100100111001011011111101110
10110010101100111010111010011101110
10110010110000111100011000011101110
10110010111000111101110110111101110
10110010111000001111110111011101110
10110010110000010001010101011101110
10110010101100010010110011011101110
10110010100100010100010001111101110
10110010100000010101110000011101110
10110010011100010111001111011101110
10110010010100011000101101111101110
10110010010000011010001100111101110
10110010001100011011101011111101110
10110010001100011101001011011101110
10110010001000011110101010011101110
10110010000100100000001001111101110
10110010000100100001101000111101110
10110010000100100011001000011101110
10110010000000100100100111111101110
10110010000000100110000111011101110
10110001101000100111100110111101110
10110001101000101001000110111101110
10110001101000101010100110011101110
10110001101000101100000110011101110
10110001101100101101100101111101110
10110001101100101111000101011101110
10110001110000110000100101011101110
10110001110100110010000100111101110
10110001111000110011100011111101110
10110001111100110101000011011101110
10110010000000110110100010011101110
10110010000100111000000001011101110
10110010001100111001100000011101110
10110010010000111010111111011101110
10110010011000111100011101111101110
10110010100000111101111011111101110
10110010100000001111110001111101110
10110010011000010001010000011101110
10110010010000010010101110111101110
10110010001100010100001101011101110
10110010000100010101101100011101110
10110010000000010111001011011101110
10110001111100011000101010111101110
10110001111000011010001001111101110
10110001110100011011101001011101110
10110001110000011101001000111101110
10110001101100011110101000011101110
10110001101100100000000111111101110
10110001101000100001100111111101110
10110001101000100011000111011101110
10110001101000100100100111011101110
10110001101000100110000110111101110
10110001001100100111100110111101110
10110001001100101001000111011101110
10110001001100101010100111011101110
10110001010000101100000111011101110
10110001010000101101100111011101110
10110001010100101111000111011101110
10110001011000110000100111011101110
10110001011000110010000111011101110
10110001011100110011100110111101110
10110001100000110101000110111101110
10110001101000110110100110011101110
10110001101100111000000101011101110
10110001110000111001100100111101110
10110001111000111011000011111101110
10110001111100111100100010111101110
10110010000100111110000001011101110
10110010000100001111101100011101110
10110001111100010001001010111101110
10110001111000010010101001111101110
10110001110000010100001000111101110
10110001101100010101101000011101110
10110001101000010111000111111101110
10110001100000011000100111011101110
10110001011100011010000110111101110
10110001011000011011100110111101110
10110001011000011101000110011101110
10110001010100011110100110011101110
10110001010000100000000110011101110
10110001010000100001100110011101110
10110001001100100011000110011101110
10110001001100100100100110111101110
10110001001100100110000110111101110
10110000110100100111100111011101110
10110000110100101001000111111101110
10110000110100101010101000011101110
10110000110100101100001000111101110
10110000111000101101101001011101110
10110000111000101111001001011101110
10110000111100110000101001111101110
10110001000000110010001001111101110
10110001000100110011101010011101110
10110001001000110101001010011101110
10110001001100110110101001111101110
10110001010000111000001001111101110
10110001011000111001101001011101110
10110001011100111011001000111101110
10110001100100111100100111111101110
10110001101100111110000111011101110
10110001101100001111100110111101110
10110001100100010001000101111101110
10110001011100010010100101011101110
10110001011000010100000100011101110
10110001010000010101100100011101110
10110001001100010111000011111101110
10110001001000011000100011111101110
10110001000100011010000011111101110
10110001000000011011100011111101110
10110000111100011101000100011101110
10110000111000011110100100011101110
10110000111000100000000100111101110
10110000110100100001100101011101110
10110000110100100011000101111101110
10110000110100100100100110011101110
10110000110100100110000110111101110
10110110111100100111100100111011110
10110110111100101000111111111011110
10110110111100101010011011011011110
10110111000000101011110110111011110
10110111000000101101010001111011110
10110111000100101110101101011011110
10110111000100110000001000011011110
10110111001000110001100011011011110
10110111001100110010111110011011110
10110111010000110100011001011011110
10110111010100110101110100011011110
10110111011000110111001110111011110
10110111100000111000101001011011110
10110111100100111010000011111011110
10110111101100111011011101111011110
10110111110000111100111000011011110
10110111110000010000110101111011110
10110111101100010010001111111011110
10110111100100010011101010011011110
10110111100000010101000100011011110
10110111011000010110011111011011110
10110111010100010111111001111011110
10110111010000011001010100111011110
10110111001100011010101111011011110
10110111001000011100001010011011110
10110111000100011101100101111011110
10110111000100011111000000111011110
10110111000000100000011011111011110
10110111000000100001110111011011110
10110110111100100011010010011011110
10110110111100100100101101111011110
10110110111100100110001001011011110
10110110100000100111100100111011110
10110110100000101001000000011011110
10110110100100101010011100011011110
10110110100100101011110111111011110
10110110100100101101010011011011110
10110110101000101110101110111011110
10110110101100110000001010011011110
10110110101100110001100101111011110
10110110110000110011000001011011110
10110110110100110100011100011011110
10110110111000110101110111011011110
10110111000000110111010010011011110
10110111000100111000101101011011110
10110111001000111010001000011011110
10110111010000111011100010111011110
10110111011000111100111101011011110
10110111011000010000110000111011110
10110111010000010010001011011011110
10110111001000010011100101111011110
10110111000100010101000000011011110
10110111000000010110011011011011110
10110110111000010111110110011011110
10110110110100011001010001011011110
10110110110000011010101100111011110
10110110101100011100000111111011110
10110110101100011101100011011011110
10110110101000011110111110111011110
10110110100100100000011010011011110
10110110100100100001110110011011110
10110110100100100011010001111011110
10110110100000100100101101011011110
10110110100000100110001001011011110
10110110001000100111100100111011110
10110110001000101001000000111011110
10110110001000101010011100111011110
10110110001000101011111000111011110
10110110001100101101010100111011110
10110110001100101110110000111011110
10110110010000110000001100011011110
10110110010100110001101000011011110
10110110011000110011000011111011110
10110110011100110100011111011011110
10110110100000110101111010111011110
10110110100100110111010110011011110
10110110101100111000110001011011110
10110110110000111010001100011011110
10110110111000111011100111011011110
10110110111100111101000010011011110
10110110111100010000101011111011110
10110110111000010010000110011011110
10110110110000010011100001011011110
10110110101100010100111100011011110
10110110100100010110010111111011110
10110110100000010111110010111011110
10110110011100011001001110011011110
10110110011000011010101001111011110
10110110010100011100000101111011110
10110110010000011101100001011011110
10110110001100011110111101011011110
10110110001100100000011000111011110
10110110001000100001110100111011110
10110110001000100011010000111011110
10110110001000100100101100111011110
10110110001000100110001000111011110
10110101101100100111100101011011110
10110101101100101001000001011011110
10110101110000101010011101111011110
10110101110000101011111001111011110
10110101110000101101010110011011110
10110101110100101110110010011011110
10110101111000110000001110111011110
10110101111000110001101010111011110
10110101111100110011000110111011110
10110110000000110100100010111011110
10110110000100110101111110011011110
10110110001100110111011001111011110
10110110010000111000110101111011110
10110110010100111010010000111011110
10110110011100111011101100011011110
10110110100100111101000111011011110
10110110100100010000100110011011110
10110110011100010010000001111011110
10110110010100010011011100111011110
10110110010000010100111000011011110
10110110001100010110010011111011110
10110110000100010111101111011011110
10110110000000011001001011011011110
10110101111100011010100111011011110
10110101111000011100000011011011110
10110101111000011101011111011011110
10110101110100011110111011011011110
10110101110000100000010111011011110
10110101110000100001110011111011110
10110101110000100011010000011011110
10110101101100100100101100011011110
10110101101100100110001000111011110
10110101010100100111100101011011110
10110101010100101001000001111011110
10110101010100101010011110111011110
10110101010100101011111011011011110
10110101011000101101010111111011110
10110101011000101110110100011011110
10110101011100110000010000111011110
10110101100000110001101101011011110
10110101100100110011001001011011110
10110101101000110100100101111011110
10110101101100110110000001111011110
10110101110000110111011101111011110
10110101110100111000111001111011110
10110101111100111010010101011011110
10110110000000111011110000111011110
10110110001000111101001100011011110
10110110001000010000100001011011110
10110110000000010001111100111011110
10110101111100010011011000011011110
10110101110100010100110100011011110
10110101110000010110001111111011110
10110101101100010111101011111011110
10110101101000011001001000011011110
10110101100100011010100100011011110
10110101100000011100000000111011110
10110101011100011101011100111011110
10110101011000011110111001011011110
10110101011000100000010101111011110
10110101010100100001110010111011110
10110101010100100011001111011011110
10110101010100100100101011111011110
10110101010100100110001000111011110
10110100111000100111100101011011110
10110100111000101001000010011011110
10110100111000101010011111011011110
10110100111100101011111100011011110
10110100111100101101011001011011110
10110101000000101110110110011011110
10110101000000110000010010111011110
10110101000100110001101111111011110
10110101001000110011001100011011110
10110101001100110100101000111011110
10110101010000110110000101011011110
10110101011000110111100001111011110
10110101011100111000111101111011110
10110101100000111010011001111011110
10110101101000111011110101111011110
10110101110000111101010001011011110
10110101110000010000011100011011110
10110101101000010001110111111011110
10110101100000010011010011111011110
10110101011100010100101111111011110
10110101011000010110001100011011110
10110101010000010111101000011011110
10110101001100011001000100111011110
10110101001000011010100001011011110
10110101000100011011111110011011110
10110101000000011101011010111011110
10110101000000011110110111111011110
10110100111100100000010100011011110
10110100111100100001110001011011110
10110100111000100011001110011011110
10110100111000100100101011011011110
10110100111000100110001000011011110
10110100100000100111100101111011110
10110100100000101001000010111011110
10110100100000101010100000011011110
10110100100000101011111101111011110
10110100100100101101011010111011110
10110100100100101110111000011011110
10110100101000110000010101011011110
10110100101100110001110010011011110
10110100110000110011001111011011110
10110100110100110100101100011011110
10110100111000110110001000111011110
10110100111100110111100101111011110
10110101000000111001000010011011110
10110101001000111010011110011011110
10110101001100111011111010111011110
10110101010100111101010110111011110
10110101010100010000010111011011110
10110101001100010001110011011011110
10110101001000010011001111011011110
10110101000000010100101011111011110
10110100111100010110001000011011110
10110100111000010111100100111011110
10110100110100011001000001111011110
10110100110000011010011110111011110
10110100101100011011111011011011110
10110100101000011101011000111011110
10110100100100011110110101111011110
10110100100100100000010010111011110
10110100100000100001110000011011110
10110100100000100011001101011011110
10110100100000100100101010111011110
10110100100000100110001000011011110
10110100000100100111100101111101110
10110100000100101001000011011101110
10110100000100101010100001011101110
10110100001000101011111110111101110
10110100001000101101011100011101110
10110100001100101110111001111101110
10110100001100110000010111011101110
10110100010000110001110100111101110
10110100010100110011010010011101110
10110100011000110100101111011101110
10110100011100110110001100011011110
10110100100100110111101001011011110
10110100101000111001000110011011110
10110100101100111010100010111011110
10110100110100111011111111011011110
10110100111100111101011011111011110
10110100111100010000010001111011110
10110100110100010001101110011011110
10110100101100010011001010111011110
10110100101000010100100111011011110
10110100100100010110000100011011110
10110100011100010111100001011011110
10110100011000011000111110011101110
10110100010100011010011011111101110
10110100010000011011111000111101110
10110100001100011101010110011101110
10110100001100011110110011111101110
10110100001000100000010001011101110
10110100001000100001101110111101110
10110100000100100011001100111101110
10110100000100100100101010011101110
10110100000100100110001000011101110
