10101101001000100111101000111101110
10101101001000101001001100111101110
10101101001000101010110000111101110
10101101001000101100010100011101110
10101101001100101101111000011101110
10101101001100101111011100011101110
10101101010000110000111111111101110
10101101010100110010100011011101110
10101101011000110100000110111101110
10101101011100110101101010011101110
10101101100000110111001101011101110
10101101101000111000110000011101110
10101101101100111010010011011101110
10101101110100111011110101111101110
10101101111000111101011000011101110
10101110000000111110111010111101110
10101110000000001110110011011101110
10101101111000010000010101011101110
10101101110100010001110111111101110
10101101101100010011011010111101110
10101101101000010100111101011101110
10101101100000010110100000011101110
10101101011100011000000011111101110
10101101011000011001100111011101110
10101101010100011011001010011101110
10101101010000011100101110011101110
10101101001100011110010001111101110
10101101001100011111110101011101110
10101101001000100001011001011101110
10101101001000100010111101011101110
10101101001000100100100000111101110
10101101001000100110000100111101110
10101100101100100111101001011101110
10101100101100101001001101011101110
10101100101100101010110001111101110
10101100110000101100010101111101110
10101100110000101101111010011101110
10101100110100101111011110011101110
10101100111000110001000010011101110
10101100111000110010100110011101110
10101100111100110100001010011101110
10101101000000110101101101111101110
10101101001000110111010001011101110
10101101001100111000110100111101110
10101101010100111010011000011101110
10101101011000111011111011011101110
10101101100000111101011101111101110
10101101101000111111000000111101110
10101101101000001110101101011101110
10101101100000010000001111111101110
10101101011000010001110010111101110
10101101010100010011010101111101110
10101101001100010100111000111101110
10101101001000010110011100011101110
10101101000000010111111111111101110
10101100111100011001100011111101110
10101100111000011011000111111101110
10101100111000011100101011111101110
10101100110100011110001111111101110
10101100110000011111110011111101110
10101100110000100001010111111101110
10101100101100100010111100011101110
10101100101100100100100000011101110
10101100101100100110000100111101110
10101100010000100111101001011101110
10101100010100101001001101111101110
10101100010100101010110010111101110
10101100010100101100010111011101110
10101100011000101101111011111101110
10101100011000101111100000011101110
10101100011100110001000100111101110
10101100100000110010101001011101110
10101100100100110100001101011101110
10101100101000110101110001011101110
10101100101100110111010101011101110
10101100110100111000111001011101110
10101100111000111010011100111101110
10101101000000111100000000011101110
10101101000100111101100011111101110
10101101001100111111000110111101110
10101101001100001110100111011101110
10101101000100010000001010011101110
10101101000000010001101101011101110
10101100111000010011010000111101110
10101100110100010100110100011101110
10101100101100010110011000011101110
10101100101000010111111100011101110
10101100100100011001100000011101110
10101100100000011011000100111101110
10101100011100011100101000111101110
10101100011000011110001101011101110
10101100011000011111110001111101110
10101100010100100001010110011101110
10101100010100100010111011011101110
10101100010100100100011111111101110
10101100010000100110000100111101110
10101011111000100111101001011101110
10101011111000101001001110111101110
10101011111000101010110011111101110
10101011111100101100011000111101110
10101011111100101101111101111101110
10101100000000101111100010111101110
10101100000000110001000111011101110
10101100000100110010101100011101110
10101100001000110100010000111101110
10101100001100110101110101011101110
10101100010100110111011001111101110
10101100011000111000111101111101110
10101100011100111010100001111101110
10101100100100111100000101111101110
10101100101100111101101001011101110
10101100110100111111001100111101110
10101100110100001110100000111101110
10101100101100010000000100011101110
10101100100100010001101000011101110
10101100011100010011001011111101110
10101100011000010100101111111101110
10101100010100010110010100011101110
10101100001100010111111000111101110
10101100001000011001011101011101110
10101100000100011011000001111101110
10101100000000011100100110011101110
10101100000000011110001011011101110
10101011111100011111110000011101110
10101011111100100001010101011101110
10101011111000100010111010011101110
10101011111000100100011111011101110
10101011111000100110000100011101110
10101011011100100111101001111101110
10101011011100101001001111011101110
10101011100000101010110100111101110
10101011100000101100011010011101110
10101011100100101101111111011101110
10101011100100101111100100111101110
10101011101000110001001001111101110
10101011101100110010101111011101110
10101011110000110100010100011101110
10101011110100110101111000111101110
10101011111000110111011101111101110
10101011111100111001000010011101110
10101100000100111010100110111101110
10101100001100111100001010111101110
10101100010000111101101111011101110
10101100011000111111010010111101110
10101100011000001110011010111101110
10101100010000001111111110111101110
10101100001100010001100010111101110
10101100000100010011000110111101110
10101011111100010100101011011101110
10101011111000010110001111111101110
10101011110100010111110100111101110
10101011110000011001011001111101110
10101011101100011010111110111101110
10101011101000011100100011111101110
10101011100100011110001001011101110
10101011100100011111101110011101110
10101011100000100001010011111101110
10101011100000100010111001011101110
10101011011100100100011110111101110
10101011011100100110000100011101110
10101011000100100111101001111101110
10101011000100101001001111111101110
10101011000100101010110101111101110
10101011001000101100011011011101110
10101011001000101110000001011101110
10101011001100101111100110111101110
10101011001100110001001100111101110
10101011010000110010110010011101110
10101011010100110100010111111101110
10101011011000110101111100111101110
10101011100000110111100001111101110
10101011100100111001000110111101110
10101011101000111010101011111101110
10101011110000111100010000011101110
10101011111000111101110100111101110
10101100000000111111011000111101110
10101100000000001110010100111101110
10101011111000001111111000111101110
10101011110000010001011101011101110
10101011101000010011000001111101110
10101011100100010100100110111101110
10101011100000010110001011111101110
10101011011000010111110000111101110
10101011010100011001010110011101110
10101011010000011010111011111101110
10101011001100011100100001011101110
10101011001100011110000110111101110
10101011001000011111101100111101110
10101011001000100001010010011101110
10101011000100100010111000011101110
10101011000100100100011110011101110
10101011000100100110000011111101110
10101010101000100111101010011101110
10101010101000101001010000011101110
10101010101100101010110110111101110
10101010101100101100011100111101110
10101010101100101110000011011101110
10101010110000101111101001011101110
10101010110100110001001111011101110
10101010111000110010110101011101110
10101010111100110100011010111101110
10101011000000110110000000111101110
10101011000100110111100110011101110
10101011001000111001001011111101110
10101011010000111010110000111101110
10101011011000111100010101111101110
10101011011100111101111010111101110
10101011100100111111011111011101110
10101011100100001110001110111101110
10101011011100001111110011011101110
10101011011000010001010111111101110
10101011010000010010111100111101110
10101011001000010100100010011101110
10101011000100010110000111111101110
10101011000000010111101101011101110
10101010111100011001010010111101110
10101010111000011010111000111101110
10101010110100011100011110111101110
10101010110000011110000100111101110
10101010101100011111101010111101110
10101010101100100001010000111101110
10101010101100100010110111011101110
10101010101000100100011101011101110
10101010101000100110000011111101110
10101010010000100111101010011101110
10101010010000101001010000111101110
10101010010000101010110111111101110
10101010010000101100011110011101110
10101010010100101110000100111101110
10101010011000101111101011011101110
10101010011000110001010001111101110
10101010011100110010111000011101110
10101010100000110100011110011101110
10101010100100110110000100111101110
10101010101100110111101010011101110
10101010110000111001010000011101110
10101010110100111010110101111101110
10101010111100111100011011011101110
10101011000100111110000000011101110
10101011001100111111100101011101110
10101011001100001110001000011101110
10101011000100001111101101011101110
10101010111100010001010010011101110
10101010110100010010110111111101110
10101010110000010100011101011101110
10101010101100010110000011011101110
10101010100100010111101001011101110
10101010100000011001001111011101110
10101010011100011010110101111101110
10101010011000011100011011111101110
10101010011000011110000010011101110
10101010010100011111101000111101110
10101010010000100001001111011101110
10101010010000100010110110011101110
10101010010000100100011100111101110
10101010010000100110000011011101110
10110000011000100111100111011101110
10110000011000101001001000011101110
10110000011000101010101001011101110
10110000011100101100001001111101110
10110000011100101101101010111101110
10110000100000101111001011011101110
10110000100000110000101100011101110
10110000100100110010001100111101110
10110000101000110011101101011101110
10110000101100110101001101011101110
10110000110000110110101101111101110
10110000111000111000001101111101110
10110000111100111001101101111101110
10110001000100111011001101111101110
10110001001000111100101101011101110
10110001010000111110001100111101110
10110001010000001111100001011101110
10110001001000010001000000111101110
10110001000100010010100000011101110
10110000111100010011111111111101110
10110000111000010101011111111101110
10110000110000010111000000011101110
10110000101100011000100000011101110
10110000101000011010000000111101110
10110000100100011011100001011101110
10110000100000011101000001111101110
10110000100000011110100010011101110
10110000011100100000000011011101110
10110000011100100001100011111101110
10110000011000100011000100111101110
10110000011000100100100101111101110
10110000011000100110000110011101110
10101111111100100111100111011101110
10110000000000101001001000111101110
10110000000000101010101001111101110
10110000000000101100001011011101110
10110000000100101101101100011101110
10110000000100101111001101011101110
10110000001000110000101110011101110
10110000001100110010001111011101110
10110000010000110011110000011101110
10110000010100110101010000111101110
10110000011000110110110001111101110
10110000011100111000010001111101110
10110000100100111001110010011101110
10110000101000111011010010011101110
10110000110000111100110010011101110
10110000111000111110010010011101110
10110000111000001111011011111101110
10110000110000010000111011011101110
10110000101000010010011011011101110
10110000100100010011111011011101110
10110000011100010101011011111101110
10110000011000010110111100011101110
10110000010100011000011100111101110
10110000010000011001111101011101110
10110000001100011011011110011101110
10110000001000011100111111011101110
10110000000100011110100000011101110
10110000000100100000000001011101110
10110000000000100001100010111101110
10110000000000100011000011111101110
10110000000000100100100100111101110
10101111111100100110000110011101110
10101111100100100111100111111101110
10101111100100101001001001011101110
10101111100100101010101010111101110
10101111101000101100001100011101110
10101111101000101101101101111101110
10101111101100101111001111011101110
10101111101100110000110000111101110
10101111110000110010010010011101110
10101111110100110011110011011101110
10101111111000110101010100011101110
10101111111100110110110101011101110
10110000000100111000010110011101110
10110000001000111001110110111101110
10110000010000111011010111011101110
10110000010100111100110111111101110
10110000011100111110010111111101110
10110000011100001111010101111101110
10110000010100010000110101111101110
10110000010000010010010110011101110
10110000001000010011110110111101110
10110000000100010101010111011101110
10101111111100010110111000011101110
10101111111000011000011001011101110
10101111110100011001111010011101110
10101111110000011011011011111101110
10101111101100011100111100111101110
10101111101100011110011110011101110
10101111101000011111111111111101110
10101111101000100001100001011101110
10101111100100100011000010111101110
10101111100100100100100100011101110
10101111100100100110000110011101110
10101111001000100111100111111101110
10101111001000101001001001111101110
10101111001100101010101011111101110
10101111001100101100001101111101110
10101111010000101101101111111101110
10101111010000101111010001111101110
10101111010100110000110011011101110
10101111011000110010010100111101110
10101111011100110011110110111101110
10101111100000110101010111111101110
10101111100100110110111001011101110
10101111101000111000011010011101110
10101111110000111001111011111101110
10101111110100111011011100011101110
10101111111100111100111101011101110
10110000000100111110011101111101110
10110000000100001111010000011101110
10101111111100010000110000111101110
10101111110100010010010001011101110
10101111110000010011110010011101110
10101111101000010101010011011101110
10101111100100010110110100011101110
10101111100000011000010101111101110
10101111011100011001110111011101110
10101111011000011011011000111101110
10101111010100011100111010011101110
10101111010000011110011100011101110
10101111010000011111111110011101110
10101111001100100001011111111101110
10101111001100100011000001111101110
10101111001000100100100011111101110
10101111001000100110000101111101110
10101110110000100111101000011101110
10101110110000101001001010011101110
10101110110000101010101100111101110
10101110110000101100001111011101110
10101110110100101101110001011101110
10101110111000101111010011111101110
10101110111000110000110101111101110
10101110111100110010010111111101110
10101111000000110011111001111101110
10101111000100110101011011111101110
10101111001000110110111101011101110
10101111010000111000011110111101110
10101111010100111010000000011101110
10101111011100111011100001011101110
10101111100000111101000010011101110
10101111101000111110100011011101110
10101111101000001111001010011101110
10101111100000010000101011011101110
10101111011100010010001100011101110
10101111010100010011101101111101110
10101111010000010101001110111101110
10101111001000010110110000011101110
10101111000100011000010010011101110
10101111000000011001110100011101110
10101110111100011011010101111101110
10101110111000011100111000011101110
10101110111000011110011010011101110
10101110110100011111111100011101110
10101110110000100001011110111101110
10101110110000100011000000111101110
10101110110000100100100011011101110
10101110110000100110000101111101110
10101110010100100111101000011101110
10101110010100101001001010111101110
10101110011000101010101101111101110
10101110011000101100010000011101110
10101110011000101101110011011101110
10101110011100101111010101111101110
10101110100000110000111000011101110
10101110100100110010011010111101110
10101110101000110011111100111101110
10101110101100110101011111011101110
10101110110000110111000001011101110
10101110110100111000100011011101110
10101110111100111010000100111101110
10101111000000111011100110011101110
10101111001000111101000111111101110
10101111010000111110101001011101110
10101111010000001111000100111101110
10101111001000010000100101111101110
10101111000000010010000111011101110
10101110111100010011101000111101110
10101110110100010101001010111101110
10101110110000010110101100111101110
10101110101100011000001110111101110
10101110101000011001110000111101110
10101110100100011011010011011101110
10101110100000011100110101111101110
10101110011100011110011000011101110
10101110011000011111111010111101110
10101110011000100001011101011101110
10101110011000100010111111111101110
10101110010100100100100010111101110
10101110010100100110000101011101110
10101101111100100111101000011101110
10101101111100101001001011111101110
10101101111100101010101110111101110
10101101111100101100010001111101110
10101110000000101101110100111101110
10101110000000101111010111111101110
10101110000100110000111010111101110
10101110001000110010011101011101110
10101110001100110100000000011101110
10101110010000110101100010111101110
10101110010100110111000101011101110
10101110011100111000100111011101110
10101110100000111010001001111101110
10101110101000111011101011111101110
10101110101100111101001101011101110
10101110110100111110101110111101110
10101110110100001110111110111101110
10101110101100010000100000011101110
10101110101000010010000010011101110
10101110100000010011100100011101110
10101110011100010101000110011101110
10101110010100010110101000111101110
10101110010000011000001010111101110
10101110001100011001101101111101110
10101110001000011011010000011101110
10101110000100011100110011011101110
10101110000000011110010101111101110
10101110000000011111111000111101110
10101101111100100001011011111101110
10101101111100100010111111011101110
10101101111100100100100010011101110
10101101111100100110000101011101110
10101101100000100111101000111101110
10101101100000101001001100011101110
10101101100000101010101111111101110
10101101100100101100010011011101110
10101101100100101101110110111101110
10101101101000101111011001111101110
10101101101100110000111101011101110
10101101110000110010100000011101110
10101101110000110100000011011101110
10101101111000110101100110011101110
10101101111100110111001001011101110
10101110000000111000101011111101110
10101110001000111010001110011101110
10101110001100111011110000111101110
10101110010100111101010010111101110
10101110011100111110110100111101110
10101110011100001110111000111101110
10101110010100010000011010111101110
10101110001100010001111101011101110
10101110001000010011011111011101110
10101110000000010101000001111101110
10101101111100010110100100111101110
10101101111000011000000111011101110
10101101110000011001101010011101110
10101101110000011011001101011101110
10101101101100011100110000111101110
10101101101000011110010011111101110
10101101100100011111110111011101110
10101101100100100001011010111101110
10101101100000100010111110011101110
10101101100000100100100001111101110
10101101100000100110000101011101110
