11010000010111110001001010111011101
11010000010111110011100000011011101
11010000011011110101110110011011101
11010000011111111000001011011011101
11010000100011111010100000111011101
11010000101011111100110101111011101
11010000110011111111001010111011101
11010000111100000001011111011011101
11010000111111011110100000111011101
11010000110011100000110101011011101
11010000101011100011001010011011101
11010000100011100101011111011011101
11010000011111100111110100111011101
11010000011011101010001001111011101
11010000010111101100011111111011101
11010000010111101110110101011011101
11001111111011110001001011011011101
11001111111111110011100001011011101
11001111111111110101110111011011101
11010000000011111000001100111011101
11010000001011111010100010111011101
11010000010011111100111000011011101
11010000011011111111001101011011101
11010000100000000001100010011011101
11010000100011011110011101111011101
11010000011011100000110010111011101
11010000010011100011000111111011101
11010000001011100101011101011011101
11010000000011100111110011011011101
11001111111111101010001000111011101
11001111111111101100011110111011101
11001111111011101110110100111011101
11001111100011110001001011011011101
11001111100011110011100001111011101
11001111100111110101111000011011101
11001111101011111000001110111011101
11001111101111111010100100111011101
11001111110111111100111010111011101
11001111111111111111010000011011101
11010000001000000001100101111011101
11010000001011011110011010011011101
11001111111111100000101111111011101
11001111110111100011000101011011101
11001111101111100101011011011011101
11001111101011100111110001011011101
11001111100111101010000111111011101
11001111100011101100011110011011101
11001111100011101110110100111011101
11001111000111110001001011011011101
11001111000111110011100010011011101
11001111001011110101111001011011101
11001111001111111000010000011011101
11001111010111111010100110111011101
11001111011111111100111101011011101
11001111100111111111010011011011101
11001111101100000001101000111011101
11001111101111011110010111011011101
11001111100111100000101100111011101
11001111011111100011000010111011101
11001111010111100101011001011011101
11001111001111100111101111111011101
11001111001011101010000110111011101
11001111000111101100011101111011101
11001111000111101110110100111011101
11001110101011110001001011111011101
11001110101111110011100011011011101
11001110110011110101111010011011101
11001110110111111000010001111011101
11001110111011111010101000111011101
11001111000011111100111111011011101
11001111001011111111010101111011101
11001111010100000001101100011011101
11001111010111011110010011111011101
11001111001011100000101010011011101
11001111000011100011000000111011101
11001110111011100101010111011011101
11001110110111100111101110011011101
11001110110011101010000101111011101
11001110101111101100011100111011101
11001110101011101110110100011011101
11001110010011110001001011111011101
11001110010011110011100011111011101
11001110010111110101111011111011101
11001110011011111000010011011011101
11001110100011111010101010111011101
11001110100111111101000001111011101
11001110110011111111011000111011101
11001110111000000001101111111011101
11001110111011011110010000011011101
11001110110011100000100111011011101
11001110100111100010111110011011101
11001110100011100101010101011011101
11001110011011100111101100111011101
11001110010111101010000100011011101
11001110010011101100011100011011101
11001110010011101110110100011011101
11001101110111110001001100011011101
11001101111011110011100100011011101
11001101111011110101111100111011101
11001110000011111000010100111011101
11001110000111111010101100111011101
11001110001111111101000100011011101
11001110010111111111011011111011101
11001110100000000001110010111011101
11001110100011011110001101011011101
11001110010111100000100100011011101
11001110001111100010111011111011101
11001110000111100101010011011011101
11001110000011100111101011011011101
11001101111011101010000011011011101
11001101111011101100011011111011101
11001101110111101110110011111011101
11001101011111110001001100011011101
11001101011111110011100101011011101
11001101100011110101111101111011101
11001101100111111000010110011011101
11001101101111111010101110111011101
11001101110011111101000110111011101
11001101111111111111011110111011101
11001110000100000001110110011011101
11001110000111011110001001111011101
11001101111111100000100001011011101
11001101110011100010111001011011101
11001101101111100101010001011011101
11001101100111100111101001111011101
11001101100011101010000010011011101
11001101011111101100011010111011101
11001101011111101110110011111011101
11001101000011110001001100111011101
11001101000111110011100101111011101
11001101000111110101111110111011101
11001101001111111000010111111011101
11001101010011111010110000111011101
11001101011011111101001001011011101
11001101100011111111100001111011101
11001101101100000001111001111011101
11001101101111011110000110011011101
11001101100011100000011110011011101
11001101011011100010110110111011101
11001101010011100101001111011011101
11001101001111100111101000011011101
11001101000111101010000001011011101
11001101000111101100011010011011101
11001101000011101110110011011011101
11001100101011110001001100111011101
11001100101011110011100110111011101
11001100101111110110000000011011101
11001100110011111000011001111011101
11001100110111111010110010111011101
11001100111111111101001011111011101
11001101001011111111100100111011101
11001101010000000001111101011011101
11001101010011011110000010111011101
11001101001011100000011011011011101
11001100111111100010110100011011101
11001100110111100101001101011011101
11001100110011100111100110011011101
11001100101111101001111111111011101
11001100101011101100011001011011101
11001100101011101110110011011011101
11001100001111110001001101011011101
11001100010011110011100111011011101
11001100010011110110000001011011101
11001100010111111000011011011011101
11001100011111111010110100111011101
11001100100111111101001110011011101
11001100101111111111100111111011101
11001100111000000010000000111011101
11001100111011011101111111011011101
11001100101111100000011000011011101
11001100100111100010110001111011101
11001100011111100101001011011011101
11001100010111100111100100111011101
11001100010011101001111110111011101
11001100010011101100011000111011101
11001100001111101110110010111011101
11001011110111110001001101011011101
11001011110111110011100111111011101
11001011111011110110000010011011101
11001011111111111000011100111011101
11001100000011111010110111011011101
11001100001011111101010000111011101
11001100010011111111101010111011101
11001100011100000010000011111011101
11001100011111011101111100011011101
11001100010011100000010101011011101
11001100001011100010101111011011101
11001100000011100101001000111011101
11001011111111100111100011011011101
11001011111011101001111101111011101
11001011110111101100011000011011101
11001011110111101110110010111011101
11001011011011110001001101111011101
11001011011011110011101000111011101
11001011011111110110000011111011101
11001011100011111000011110011011101
11001011101011111010111001011011101
11001011110011111101010011111011101
11001011111011111111101101111011101
11001100000100000010000111011011101
11001100000111011101111000111011101
11001011111011100000010010011011101
11001011110011100010101100011011101
11001011101011100101000110111011101
11001011100011100111100001111011101
11001011011111101001111100011011101
11001011011011101100010111011011101
11001011011011101110110010011011101
11001010111111110001001101111011101
11001011000011110011101001011011101
11001011000111110110000100111011101
11001011001011111000100000011011101
11001011001111111010111011011011101
11001011010111111101010110011011101
11001011011111111111110000111011101
11001011101000000010001010111011101
11001011101011011101110101011011101
11001011011111100000001111011011101
11001011010111100010101001111011101
11001011001111100101000100111011101
11001011001011100111011111111011101
11001011000111101001111011011011101
11001011000011101100010110111011101
11001010111111101110110010011011101
11001010100111110001001110011011101
11001010100111110011101010011011101
11001010101011110110000101111011101
11001010101111111000100001111011101
11001010110111111010111101011011101
11001010111111111101011000111011101
11001011000111111111110011111011101
11001011010000000010001110011011101
11001011010011011101110001111011101
11001011000111100000001100011011101
11001010111111100010100111011011101
11001010110111100101000010111011101
11001010101111100111011110011011101
11001010101011101001111010011011101
11001010100111101100010101111011101
11001010100111101110110001111011101
11001010001011110001001110011011101
11001010001111110011101010111011101
11001010010011110110000111011011101
11001010010111111000100011011011101
11001010011011111010111111011011101
11001010100011111101011011011011101
11001010101011111111110110111011101
11001010110100000010010010011011101
11001010110111011101101101111011101
11001010101011100000001001011011101
11001010100011100010100100111011101
11001010011011100101000000111011101
11001010010111100111011100111011101
11001010010011101001111000111011101
11001010001111101100010101011011101
11001010001011101110110001111011101
11010110111011110001000111011011101
11010110111011110011010110011011101
11010110111111110101100101011011101
11010111000011110111110100011011101
11010111000111111010000010111011101
11010111001111111100010001011011101
11010111010111111110011111011011101
11010111011100000000101101011011101
11010111011111011111010010111011101
11010111010111100001100000111011101
11010111001111100011101110111011101
11010111000111100101111101011011101
11010111000011101000001011111011101
11010110111111101010011010111011101
11010110111011101100101001111011101
11010110111011101110111000111011101
11010110011111110001000111111011101
11010110011111110011010111011011101
11010110100011110101100110011011101
11010110100111110111110101011011101
11010110101111111010000100111011101
11010110110011111100010011011011101
11010110111011111110100001111011101
11010111000100000000110000011011101
11010111000111011111001111111011101
11010110111011100001011110011011101
11010110110011100011101100111011101
11010110101111100101111011011011101
11010110100111101000001010111011101
11010110100011101010011001111011101
11010110011111101100101000111011101
11010110011111101110111000011011101
11010110000011110001000111111011101
11010110000111110011010111111011101
11010110001011110101100111011011101
11010110001111110111110110111011101
11010110010011111010000110011011101
11010110011011111100010101111011101
11010110100011111110100100111011101
11010110101000000000110011011011101
11010110101011011111001100111011101
11010110100011100001011011011011101
11010110011011100011101010011011101
11010110010011100101111001111011101
11010110001111101000001001011011101
11010110001011101010011000111011101
11010110000111101100101000011011101
11010110000011101110111000011011101
11010101101011110001001000011011101
11010101101011110011011000011011101
11010101101111110101101000011011101
11010101110011110111111000011011101
11010101110111111010001000011011101
11010101111111111100010111111011101
11010110000111111110100111011011101
11010110010000000000110110011011101
11010110010011011111001001111011101
11010110000111100001011000111011101
11010101111111100011101000011011101
11010101110111100101110111111011101
11010101110011101000000111111011101
11010101101111101010010111111011101
11010101101011101100100111111011101
11010101101011101110110111111011101
11010101001111110001001000011011101
11010101010011110011011000111011101
11010101010011110101101001011011101
11010101010111110111111001111011101
11010101011111111010001001111011101
11010101100111111100011010011011101
11010101101111111110101001111011101
11010101110100000000111001011011101
11010101110111011111000110111011101
11010101101111100001010110011011101
11010101100111100011100101111011101
11010101011111100101110110011011101
11010101010111101000000110011011101
11010101010011101010010110111011101
11010101010011101100100111011011101
11010101001111101110110111111011101
11010100110111110001001000011011101
11010100110111110011011001011011101
11010100111011110101101010011011101
11010100111111110111111011011011101
11010101000011111010001011111011101
11010101001011111100011100011011101
11010101010011111110101100011011101
11010101011100000000111100011011101
11010101011111011111000011111011101
11010101010011100001010011111011101
11010101001011100011100011111011101
11010101000011100101110100011011101
11010100111111101000000100111011101
11010100111011101010010101111011101
11010100110111101100100110111011101
11010100110111101110110111111011101
11010100011011110001001000111011101
11010100011111110011011010011011101
11010100011111110101101011011011101
11010100100011110111111100111011101
11010100101011111010001101111011101
11010100110011111100011110011011101
11010100111011111110101111011011101
11010101000000000000111111011011101
11010101000011011111000000111011101
11010100111011100001010000111011101
11010100110011100011100001111011101
11010100101011100101110010011011101
11010100100011101000000011011011101
11010100011111101010010100111011101
11010100011111101100100101111011101
11010100011011101110110111011011101
11010100000011110001001000111011101
11010100000011110011011010111011101
11010100000111110101101100011011101
11010100001011110111111110011011101
11010100001111111010001111111011101
11010100010111111100100000111011101
11010100011111111110110001111011101
11010100101000000001000010111011101
11010100101011011110111101011011101
11010100011111100001001110011011101
11010100010111100011011111011011101
11010100001111100101110000011011101
11010100001011101000000001111011101
11010100000111101010010011111011101
11010100000011101100100101011011101
11010100000011101110110111011011101
11010011100111110001001001011011101
11010011101011110011011011011011101
11010011101011110101101101011011101
11010011101111110111111111111011101
11010011110111111010010001011011101
11010011111011111100100011011011101
11010100000111111110110100011011101
11010100001100000001000101111011101
11010100001111011110111010011011101
11010100000111100001001011111011101
11010011111011100011011100111011101
11010011110111100101101110111011101
11010011101111101000000000011011101
11010011101011101010010010111011101
11010011101011101100100100111011101
11010011100111101110110110111011101
11010011001111110001001001011011101
11010011001111110011011011111011101
11010011010011110101101110111011101
11010011010111111000000000111011101
11010011011011111010010011011011101
11010011100011111100100101011011101
11010011101011111110110111011011101
11010011110100000001001000111011101
11010011110111011110110111011011101
11010011101011100001001000111011101
11010011100011100011011010111011101
11010011011011100101101100111011101
11010011010111100111111111011011101
11010011010011101010010001011011101
11010011001111101100100100011011101
11010011001111101110110110111011101
11010010110011110001001001111011101
11010010110011110011011100111011101
11010010110111110101101111111011101
11010010111011111000000010011011101
11010011000011111010010101011011101
11010011000111111100100111111011101
11010011010011111110111001111011101
11010011011000000001001011111011101
11010011011011011110110100011011101
11010011010011100001000110011011101
11010011000111100011011000011011101
11010011000011100101101010111011101
11010010111011100111111101111011101
11010010110111101010010000011011101
11010010110011101100100011011011101
11010010110011101110110110011011101
11010010010111110001001001111011101
11010010011011110011011101011011101
11010010011111110101110000111011101
11010010100011111000000011111011101
11010010100111111010010111011011101
11010010101111111100101001111011101
11010010110111111110111100111011101
11010011000000000001001110111011101
11010011000011011110110001011011101
11010010110111100001000011011011101
11010010101111100011010110011011101
11010010100111100101101000111011101
11010010100011100111111100011011101
11010010011111101010001111011011101
11010010011011101100100010111011101
11010010010111101110110110011011101
11010001111111110001001001111011101
11010001111111110011011101111011101
11010010000011110101110001111011101
11010010000111111000000101011011101
11010010001111111010011000111011101
11010010010011111100101100011011101
11010010011011111110111111011011101
11010010100100000001010010011011101
11010010100111011110101101111011101
11010010011011100001000000111011101
11010010010011100011010011111011101
11010010001111100101100111011011101
11010010000111100111111010111011101
11010010000011101010001110011011101
11010001111111101100100010011011101
11010001111111101110110110011011101
11010001100011110001001010011011101
11010001100111110011011110111011101
11010001100111110101110010111011101
11010001101111111000000110111011101
11010001110011111010011010111011101
11010001111011111100101110111011101
11010010000011111111000010011011101
11010010001000000001010101011011101
11010010001011011110101010111011101
11010010000011100000111101111011101
11010001111011100011010001011011101
11010001110011100101100101011011101
11010001101111100111111001011011101
11010001100111101010001101011011101
11010001100111101100100001011011101
11010001100011101110110101111011101
11010001001011110001001010011011101
11010001001011110011011111011011101
11010001001111110101110011111011101
11010001010011111000001000011011101
11010001010111111010011100111011101
11010001011111111100110001011011101
11010001100111111111000100111011101
11010001110000000001011000111011101
11010001110011011110100111011011101
11010001100111100000111011011011101
11010001011111100011001110111011101
11010001010111100101100011011011101
11010001010011100111110111111011101
11010001001111101010001100011011101
11010001001011101100100000111011101
11010001001011101110110101111011101
11010000101111110001001010111011101
11010000110011110011011111111011101
11010000110011110101110100111011101
11010000110111111000001001111011101
11010000111111111010011110111011101
11010001000111111100110011011011101
11010001001111111111000111111011101
11010001010100000001011011111011101
11010001010111011110100100011011101
11010001001111100000111000011011101
11010001000111100011001100111011101
11010000111111100101100001011011101
11010000110111100111110110011011101
11010000110011101010001011011011101
11010000110011101100100000011011101
11010000101111101110110101011011101
