11010011100111110000100100111011101
11010011100111110001101101111011101
11010011100111110010110110111011101
11010011101011110011111111111011101
11010011101011110101001000111011101
11010011101011110110010001111011101
11010011101111110111011011011011101
11010011110011111000100011111011101
11010011110011111001101100111011101
11010011110111111010110101111011101
11010011111011111011111110111011101
11010011111111111101000111011011101
11010100000011111110010000011011101
11010100000111111111011000111011101
11010100001000000000100001011011101
11010100010000000001101001111011101
11010100010011011110010110011011101
11010100001011011111011110111011101
11010100000111100000100111011011101
11010100000011100001101111111011101
11010011111111100010111000111011101
11010011111011100100000001011011101
11010011110111100101001010011011101
11010011110011100110010011011011101
11010011110011100111011100011011101
11010011101111101000100100111011101
11010011101011101001101110011011101
11010011101011101010110111011011101
11010011101011101100000000011011101
11010011100111101101001001011011101
11010011100111101110010010011011101
11010011100111101111011011011011101
11010011001111110000100100111011101
11010011001111110001101101111011101
11010011001111110010110111011011101
11010011001111110100000000111011101
11010011001111110101001001111011101
11010011010011110110010011011011101
11010011010011110111011100011011101
11010011010111111000100101111011101
11010011011011111001101110111011101
11010011011111111010110111111011101
11010011011111111100000000111011101
11010011100011111101001001111011101
11010011101011111110010010111011101
11010011101111111111011011111011101
11010011110000000000100100011011101
11010011110100000001101101011011101
11010011110111011110010010111011101
11010011110011011111011011111011101
11010011101111100000100100011011101
11010011101011100001101101011011101
11010011100011100010110110011011101
11010011011111100011111111011011101
11010011011111100101001000011011101
11010011011011100110010001011011101
11010011010111100111011010011011101
11010011010011101000100011111011101
11010011010011101001101100111011101
11010011001111101010110110011011101
11010011001111101011111111011011101
11010011001111101101001000111011101
11010011001111101110010010011011101
11010011001111101111011011011011101
11010010110011110000100100111011101
11010010110011110001101110011011101
11010010110011110010110111111011101
11010010110111110100000001011011101
11010010110111110101001010111011101
11010010110111110110010100011011101
11010010111011110111011101111011101
11010010111111111000100111011011101
11010010111111111001110000011011101
11010011000011111010111001111011101
11010011000111111100000011011011101
11010011001011111101001100011011101
11010011001111111110010101011011101
11010011010011111111011110011011101
11010011010100000000100111011011101
11010011011100000001110000011011101
11010011011111011110001111111011101
11010011010111011111011000111011101
11010011010011100000100001111011101
11010011001111100001101010111011101
11010011001011100010110011111011101
11010011000111100011111100111011101
11010011000011100101000110011011101
11010010111111100110001111111011101
11010010111111100111011000111011101
11010010111011101000100010011011101
11010010110111101001101011111011101
11010010110111101010110101011011101
11010010110111101011111110111011101
11010010110011101101001000011011101
11010010110011101110010001111011101
11010010110011101111011011011011101
11010010010111110000100100111011101
11010010011011110001101110111011101
11010010011011110010111000011011101
11010010011011110100000010011011101
11010010011011110101001011111011101
11010010011111110110010101011011101
11010010011111110111011111011011101
11010010100011111000101000111011101
11010010100111111001110010011011101
11010010100111111010111011111011101
11010010101011111100000101011011101
11010010101111111101001110111011101
11010010110011111110010111111011101
11010010111011111111100001011011101
11010010111100000000101010011011101
11010011000000000001110011111011101
11010011000011011110001100011011101
11010010111111011111010101111011101
11010010111011100000011110111011101
11010010110011100001101000011011101
11010010101111100010110001011011101
11010010101011100011111010111011101
11010010100111100101000100011011101
11010010100111100110001101111011101
11010010100011100111010111011011101
11010010011111101000100000111011101
11010010011111101001101010111011101
11010010011011101010110100011011101
11010010011011101011111101111011101
11010010011011101101000111111011101
11010010011011101110010001011011101
11010010010111101111011011011011101
11010001111111110000100100111011101
11010001111111110001101110111011101
11010001111111110010111000111011101
11010001111111110100000010111011101
11010010000011110101001100111011101
11010010000011110110010110111011101
11010010000111110111100000011011101
11010010000111111000101010011011101
11010010001011111001110100011011101
11010010001111111010111101111011101
11010010010011111100000111011011101
11010010010111111101010001011011101
11010010011011111110011010111011101
11010010011111111111100100011011101
11010010100000000000101101111011101
11010010101000000001110110111011101
11010010101011011110001001011011101
11010010100011011111010010011011101
11010010011111100000011011111011101
11010010011011100001100101011011101
11010010010111100010101110111011101
11010010010011100011111000111011101
11010010001111100101000010011011101
11010010001011100110001011111011101
11010010000111100111010101111011101
11010010000111101000011111111011101
11010010000011101001101001011011101
11010010000011101010110011011011101
11010001111111101011111101011011101
11010001111111101101000111011011101
11010001111111101110010001011011101
11010001111111101111011011011011101
11010001100011110000100101011011101
11010001100011110001101111011011101
11010001100111110010111001011011101
11010001100111110100000011111011101
11010001100111110101001101111011101
11010001101011110110010111111011101
11010001101011110111100001111011101
11010001101111111000101011111011101
11010001110011111001110101111011101
11010001110011111010111111111011101
11010001110111111100001001111011101
11010001111011111101010011111011101
11010001111111111110011101011011101
11010010000111111111100110111011101
11010010001000000000110000111011101
11010010001100000001111010011011101
11010010001111011110000101111011101
11010010001011011111001111011011101
11010010000111100000011001011011101
11010001111111100001100010111011101
11010001111011100010101100011011101
11010001110111100011110110011011101
11010001110011100101000000011011101
11010001110011100110001010011011101
11010001101111100111010100011011101
11010001101011101000011110011011101
11010001101011101001101000011011101
11010001100111101010110010011011101
11010001100111101011111100011011101
11010001100111101101000110111011101
11010001100011101110010000111011101
11010001100011101111011010111011101
11010001001011110000100101011011101
11010001001011110001101111111011101
11010001001011110010111001111011101
11010001001011110100000100011011101
11010001001111110101001110111011101
11010001001111110110011000111011101
11010001010011110111100011011011101
11010001010011111000101101111011101
11010001010111111001110111111011101
11010001011011111011000001111011101
11010001011111111100001011111011101
11010001100011111101010110011011101
11010001100111111110011111111011101
11010001101011111111101001111011101
11010001101100000000110011111011101
11010001110100000001111101011011101
11010001110111011110000010111011101
11010001101111011111001100011011101
11010001101011100000010110011011101
11010001100111100001100000011011101
11010001100011100010101001111011101
11010001011111100011110100011011101
11010001011011100100111110011011101
11010001010111100110001000011011101
11010001010011100111010010011011101
11010001010011101000011100111011101
11010001001111101001100111011011101
11010001001111101010110001011011101
11010001001011101011111011111011101
11010001001011101101000110011011101
11010001001011101110010000011011101
11010001001011101111011010111011101
11010000101111110000100101011011101
11010000101111110001101111111011101
11010000110011110010111010111011101
11010000110011110100000101011011101
11010000110011110101001111111011101
11010000110111110110011010011011101
11010000110111110111100100111011101
11010000111011111000101111011011101
11010000111111111001111001111011101
11010000111111111011000011111011101
11010001000011111100001110011011101
11010001000111111101011000011011101
11010001001011111110100010111011101
11010001001111111111101100111011101
11010001010100000000110110111011101
11010001011000000010000000111011101
11010001011011011101111111011011101
11010001010111011111001001011011101
11010001001111100000010011011011101
11010001001011100001011101011011101
11010001000111100010100111111011101
11010001000011100011110001111011101
11010000111111100100111100011011101
11010000111111100110000110011011101
11010000111011100111010000111011101
11010000110111101000011011011011101
11010000110111101001100101111011101
11010000110011101010110000011011101
11010000110011101011111010111011101
11010000110011101101000101011011101
11010000101111101110010000011011101
11010000101111101111011010111011101
11010110111011110000100011111011101
11010110111011110001101011011011101
11010110111011110010110010111011101
11010110111011110011111010011011101
11010110111011110101000001111011101
11010110111111110110001001011011101
11010110111111110111010000011011101
11010111000011111000010111111011101
11010111000111111001011111011011101
11010111000111111010100110011011101
11010111001011111011101101111011101
11010111001111111100110100111011101
11010111010011111101111011111011101
11010111010111111111000010111011101
11010111011100000000001001111011101
11010111100000000001010000111011101
11010111100011011110101111011011101
11010111011111011111110110011011101
11010111010111100000111101011011101
11010111010011100010000100011011101
11010111001111100011001011011011101
11010111001011100100010010011011101
11010111000111100101011001111011101
11010111000111100110100000111011101
11010111000011100111101000011011101
11010110111111101000101111111011101
11010110111111101001110110111011101
11010110111011101010111110011011101
11010110111011101100000101111011101
11010110111011101101001101011011101
11010110111011101110010100111011101
11010110111011101111011100011011101
11010110011111110000100011111011101
11010110011111110001101011111011101
11010110011111110010110011011011101
11010110100011110011111010111011101
11010110100011110101000010111011101
11010110100011110110001010011011101
11010110100111110111010001111011101
11010110100111111000011001011011101
11010110101011111001100000111011101
11010110101111111010101000011011101
11010110110011111011101111111011101
11010110110111111100110111011011101
11010110111011111101111110011011101
11010110111111111111000101111011101
11010111000000000000001100111011101
11010111000100000001010011111011101
11010111000111011110101100011011101
11010111000011011111110011011011101
11010110111111100000111010011011101
11010110111011100010000001111011101
11010110110111100011001000111011101
11010110110011100100010000011011101
11010110101111100101010111111011101
11010110101011100110011111011011101
11010110100111100111100110111011101
11010110100111101000101110011011101
11010110100011101001110101111011101
11010110100011101010111101011011101
11010110100011101100000101011011101
11010110011111101101001100111011101
11010110011111101110010100011011101
11010110011111101111011100011011101
11010110000011110000100011111011101
11010110000111110001101011111011101
11010110000111110010110011111011101
11010110000111110011111011111011101
11010110000111110101000011011011101
11010110001011110110001011011011101
11010110001011110111010011011011101
11010110001111111000011010111011101
11010110010011111001100010011011101
11010110010011111010101010011011101
11010110010111111011110001111011101
11010110011011111100111001011011101
11010110011111111110000000111011101
11010110100011111111001000011011101
11010110101000000000001111111011101
11010110101100000001010110111011101
11010110101111011110101001011011101
11010110101011011111110000011011101
11010110100011100000110111111011101
11010110011111100001111111011011101
11010110011011100011000110111011101
11010110010111100100001110011011101
11010110010011100101010101111011101
11010110010011100110011101111011101
11010110001111100111100101011011101
11010110001011101000101100111011101
11010110001011101001110100111011101
11010110000111101010111100111011101
11010110000111101100000100011011101
11010110000111101101001100011011101
11010110000111101110010100011011101
11010110000011101111011100011011101
11010101101011110000100100011011101
11010101101011110001101100011011101
11010101101011110010110100011011101
11010101101011110011111100011011101
11010101101111110101000100011011101
11010101101111110110001100011011101
11010101110011110111010100011011101
11010101110011111000011100011011101
11010101110111111001100100011011101
11010101111011111010101100011011101
11010101111111111011110011111011101
11010110000011111100111011111011101
11010110000111111110000011011011101
11010110001011111111001010111011101
11010110001100000000010010111011101
11010110010000000001011010011011101
11010110010011011110100101111011101
11010110001111011111101101011011101
11010110001011100000110101011011101
11010110000111100001111100111011101
11010110000011100011000100011011101
11010101111111100100001100011011101
11010101111011100101010011111011101
11010101110111100110011011111011101
11010101110011100111100011111011101
11010101110011101000101011111011101
11010101101111101001110011111011101
11010101101111101010111011111011101
11010101101011101100000011111011101
11010101101011101101001011111011101
11010101101011101110010011111011101
11010101101011101111011011111011101
11010101001111110000100100011011101
11010101001111110001101100011011101
11010101010011110010110100111011101
11010101010011110011111100111011101
11010101010011110101000101011011101
11010101010111110110001101011011101
11010101010111110111010101111011101
11010101011011111000011101111011101
11010101011111111001100101111011101
11010101011111111010101101111011101
11010101100011111011110110011011101
11010101100111111100111101111011101
11010101101011111110000101111011101
11010101101111111111001101111011101
11010101110100000000010101011011101
11010101111000000001011101011011101
11010101111011011110100010111011101
11010101110111011111101010111011101
11010101101111100000110010011011101
11010101101011100001111010011011101
11010101100111100011000010011011101
11010101100011100100001001111011101
11010101011111100101010010011011101
11010101011111100110011010011011101
11010101011011100111100010011011101
11010101010111101000101010011011101
11010101010111101001110010111011101
11010101010011101010111010111011101
11010101010011101100000011011011101
11010101010011101101001011011011101
11010101001111101110010011111011101
11010101001111101111011011111011101
11010100110111110000100100011011101
11010100110111110001101100111011101
11010100110111110010110101011011101
11010100110111110011111101111011101
11010100111011110101000110011011101
11010100111011110110001110111011101
11010100111111110111010110111011101
11010100111111111000011111011011101
11010101000011111001100111111011101
11010101000111111010101111111011101
11010101001011111011111000011011101
11010101001111111101000000011011101
11010101010011111110001000011011101
11010101010111111111010000011011101
11010101011000000000011000011011101
11010101011100000001100000011011101
11010101011111011110011111111011101
11010101011011011111100111111011101
11010101010111100000101111111011101
11010101010011100001110111111011101
11010101001111100010111111111011101
11010101001011100100000111111011101
11010101000111100101010000011011101
11010101000011100110011000011011101
11010100111111100111100000111011101
11010100111111101000101001011011101
11010100111011101001110001011011101
11010100111011101010111001111011101
11010100110111101100000010011011101
11010100110111101101001010111011101
11010100110111101110010011011011101
11010100110111101111011011111011101
11010100011011110000100100011011101
11010100011011110001101101011011101
11010100011111110010110101111011101
11010100011111110011111110011011101
11010100011111110101000111011011101
11010100100011110110001111111011101
11010100100011110111011000011011101
11010100100111111000100000111011101
11010100100111111001101001011011101
11010100101011111010110001111011101
11010100101111111011111010011011101
11010100110011111101000010111011101
11010100110111111110001010111011101
11010100111011111111010011011011101
11010101000000000000011011011011101
11010101000100000001100011011011101
11010101000111011110011100111011101
11010101000011011111100100111011101
11010100111011100000101100111011101
11010100110111100001110101011011101
11010100110011100010111101011011101
11010100101111100100000101111011101
11010100101011100101001110011011101
11010100100111100110010110111011101
11010100100111100111011111011011101
11010100100011101000100111111011101
11010100100011101001110000011011101
11010100011111101010111000111011101
11010100011111101100000001111011101
11010100011111101101001010011011101
11010100011011101110010010111011101
11010100011011101111011011111011101
11010100000011110000100100011011101
11010100000011110001101101011011101
11010100000011110010110110011011101
11010100000011110011111111011011101
11010100000111110101001000011011101
11010100000111110110010000111011101
11010100001011110111011001111011101
11010100001011111000100010011011101
11010100001111111001101011011011101
11010100010011111010110011111011101
11010100010111111011111100011011101
11010100011011111101000101011011101
11010100011111111110001101111011101
11010100100011111111010101111011101
11010100100100000000011110011011101
11010100101000000001100110111011101
11010100101011011110011001011011101
11010100100111011111100001111011101
11010100100011100000101010011011101
11010100011111100001110010011011101
11010100011011100010111010111011101
11010100010111100100000011111011101
11010100010011100101001100011011101
11010100001111100110010100111011101
11010100001011100111011101111011101
11010100001011101000100110011011101
11010100000111101001101111011011101
11010100000111101010110111111011101
11010100000011101100000000111011101
11010100000011101101001001111011101
11010100000011101110010010111011101
11010100000011101111011011111011101
