11001101000011110000100110011011101
11001101000011110001110010111011101
11001101000111110010111111111011101
11001101000111110100001100011011101
11001101000111110101011000111011101
11001101001011110110100101011011101
11001101001011110111110001111011101
11001101001111111000111110011011101
11001101010011111010001010111011101
11001101010011111011010110111011101
11001101010111111100100011011011101
11001101011011111101101111011011101
11001101100011111110111011111011101
11001101100100000000000111111011101
11001101101000000001010011111011101
11001101101100000010011111111011101
11001101101111011101100000011011101
11001101101011011110101100011011101
11001101100111011111111000011011101
11001101100011100001000100011011101
11001101011011100010010000111011101
11001101010111100011011100111011101
11001101010011100100101001011011101
11001101010011100101110101011011101
11001101001111100111000001111011101
11001101001011101000001110011011101
11001101001011101001011010111011101
11001101000111101010100111011011101
11001101000111101011110011111011101
11001101000111101101000000011011101
11001101000011101110001101011011101
11001101000011101111011001111011101
11001100101011110000100110011011101
11001100101011110001110011011011101
11001100101011110011000000011011101
11001100101011110100001100111011101
11001100101111110101011001111011101
11001100101111110110100110011011101
11001100110011110111110011011011101
11001100110011111000111111111011101
11001100110111111010001100111011101
11001100111011111011011001011011101
11001100111111111100100101111011101
11001101000011111101110010011011101
11001101000111111110111110011011101
11001101001000000000001010111011101
11001101001100000001010111011011101
11001101010100000010100011011011101
11001101010111011101011100111011101
11001101001111011110101000111011101
11001101001011011111110101011011101
11001101000111100001000001111011101
11001101000011100010001101111011101
11001100111111100011011010011011101
11001100111011100100100110111011101
11001100110111100101110011011011101
11001100110011100111000000011011101
11001100110011101000001100111011101
11001100101111101001011001111011101
11001100101111101010100110011011101
11001100101011101011110011011011101
11001100101011101100111111111011101
11001100101011101110001100111011101
11001100101011101111011001111011101
11001100001111110000100110111011101
11001100001111110001110011111011101
11001100001111110011000000111011101
11001100010011110100001101111011101
11001100010011110101011010111011101
11001100010111110110100111111011101
11001100010111110111110100111011101
11001100011011111001000001111011101
11001100011011111010001110111011101
11001100011111111011011011011011101
11001100100011111100101000011011101
11001100100111111101110100111011101
11001100101011111111000001011011101
11001100110000000000001101111011101
11001100110100000001011010011011101
11001100111000000010100110111011101
11001100111011011101011001011011101
11001100110111011110100101111011101
11001100110011011111110010011011101
11001100101011100000111110111011101
11001100100111100010001011011011101
11001100100011100011010111111011101
11001100011111100100100100111011101
11001100011011100101110001011011101
11001100011011100110111110011011101
11001100010111101000001011011011101
11001100010111101001011000011011101
11001100010011101010100101011011101
11001100010011101011110010011011101
11001100001111101100111111011011101
11001100001111101110001100011011101
11001100001111101111011001011011101
11001011110111110000100110111011101
11001011110111110001110011111011101
11001011110111110011000001011011101
11001011110111110100001110111011101
11001011111011110101011011111011101
11001011111011110110101001011011101
11001011111111110111110110011011101
11001011111111111001000011011011101
11001100000011111010010000011011101
11001100000111111011011101111011101
11001100001011111100101010111011101
11001100001111111101110111011011101
11001100010011111111000100011011101
11001100010100000000010001011011101
11001100011000000001011101111011101
11001100100000000010101010011011101
11001100100011011101010101111011101
11001100011011011110100010011011101
11001100010111011111101110111011101
11001100010011100000111011111011101
11001100001111100010001000111011101
11001100001011100011010101011011101
11001100000111100100100010011011101
11001100000011100101101111111011101
11001011111111100110111100111011101
11001011111111101000001001111011101
11001011111011101001010110111011101
11001011111011101010100100011011101
11001011110111101011110001011011101
11001011110111101100111110111011101
11001011110111101110001100011011101
11001011110111101111011001011011101
11001011011011110000100110111011101
11001011011011110001110100011011101
11001011011011110011000001111011101
11001011011111110100001111011011101
11001011011111110101011100111011101
11001011011111110110101010011011101
11001011100011110111110111111011101
11001011100111111001000101011011101
11001011100111111010010010011011101
11001011101011111011011111111011101
11001011101111111100101100111011101
11001011110011111101111010011011101
11001011110111111111000111011011101
11001011111100000000010100011011101
11001100000000000001100001011011101
11001100000100000010101101111011101
11001100000111011101010010011011101
11001100000011011110011110111011101
11001011111111011111101011111011101
11001011110111100000111000111011101
11001011110011100010000101111011101
11001011101111100011010011011011101
11001011101011100100100000011011101
11001011100111100101101101111011101
11001011100111100110111010111011101
11001011100011101000001000011011101
11001011011111101001010101111011101
11001011011111101010100011011011101
11001011011111101011110000111011101
11001011011011101100111110011011101
11001011011011101110001011111011101
11001011011011101111011001011011101
11001010111111110000100110111011101
11001011000011110001110100111011101
11001011000011110011000010011011101
11001011000011110100010000011011101
11001011000011110101011101111011101
11001011000111110110101011111011101
11001011000111110111111001011011101
11001011001011111001000110111011101
11001011001111111010010100011011101
11001011010011111011100001111011101
11001011010111111100101111011011101
11001011011011111101111100111011101
11001011011111111111001010011011101
11001011100000000000010111011011101
11001011100100000001100100011011101
11001011101100000010110001011011101
11001011101111011101001110111011101
11001011100111011110011011111011101
11001011100011011111101000111011101
11001011011111100000110101111011101
11001011011011100010000011011011101
11001011010111100011010000111011101
11001011010011100100011110011011101
11001011001111100101101011111011101
11001011001011100110111001011011101
11001011000111101000000110111011101
11001011000111101001010100011011101
11001011000011101010100010011011101
11001011000011101011101111111011101
11001011000011101100111101111011101
11001011000011101110001011011011101
11001010111111101111011001011011101
11001010100111110000100111011011101
11001010100111110001110101011011101
11001010100111110011000011011011101
11001010100111110100010001011011101
11001010101011110101011110111011101
11001010101011110110101100111011101
11001010101111110111111010111011101
11001010110011111001001000111011101
11001010110011111010010110011011101
11001010110111111011100100011011101
11001010111011111100110001111011101
11001010111111111101111111111011101
11001011000011111111001101011011101
11001011001000000000011010011011101
11001011001100000001100111111011101
11001011010000000010110101011011101
11001011010011011101001010111011101
11001011001111011110011000011011101
11001011001011011111100101111011101
11001011000011100000110010111011101
11001010111111100010000000011011101
11001010111011100011001110011011101
11001010110111100100011011111011101
11001010110011100101101001111011101
11001010110011100110110111011011101
11001010101111101000000101011011101
11001010101011101001010011011011101
11001010101011101010100001011011101
11001010100111101011101110111011101
11001010100111101100111100111011101
11001010100111101110001010111011101
11001010100111101111011000111011101
11001010001011110000100111011011101
11001010001011110001110101011011101
11001010001111110011000011111011101
11001010001111110100010001111011101
11001010001111110101100000011011101
11001010010011110110101110011011101
11001010010011110111111100011011101
11001010010111111001001010011011101
11001010011011111010011000111011101
11001010011111111011100110011011101
11001010100011111100110100011011101
11001010100111111110000010011011101
11001010101011111111001111111011101
11001010101100000000011101111011101
11001010110000000001101011011011101
11001010111000000010111000111011101
11001010111011011101000111011011101
11001010110011011110010100111011101
11001010101111011111100010011011101
11001010101011100000110000011011101
11001010100111100001111101111011101
11001010100011100011001011111011101
11001010011111100100011001111011101
11001010011011100101100111011011101
11001010010111100110110101111011101
11001010010011101000000011111011101
11001010010011101001010001111011101
11001010001111101010011111111011101
11001010001111101011101110011011101
11001010001111101100111100011011101
11001010001011101110001010111011101
11001010001011101111011000111011101
11010000010111110000100101011011101
11010000010111110001110000011011101
11010000010111110010111011011011101
11010000010111110100000101111011101
11010000011011110101010000111011101
11010000011011110110011011011011101
11010000011111110111100110011011101
11010000011111111000110000111011101
11010000100011111001111011011011101
11010000100111111011000110011011101
11010000101011111100010000111011101
11010000101111111101011010111011101
11010000110011111110100101011011101
11010000110111111111101111111011101
11010000111000000000111001111011101
11010001000000000010000100011011101
11010001000011011101111011111011101
11010000111011011111000110011011101
11010000110111100000010000011011101
11010000110011100001011010111011101
11010000101111100010100101011011101
11010000101011100011101111011011101
11010000100111100100111001111011101
11010000100011100110000100111011101
11010000011111100111001111011011101
11010000011111101000011001111011101
11010000011011101001100100111011101
11010000011011101010101111011011101
11010000010111101011111010011011101
11010000010111101101000100111011101
11010000010111101110001111111011101
11010000010111101111011010111011101
11001111111011110000100101111011101
11001111111011110001110000111011101
11001111111011110010111011111011101
11001111111111110100000110111011101
11001111111111110101010001111011101
11001111111111110110011100111011101
11010000000011110111100111111011101
11010000000111111000110010011011101
11010000000111111001111101011011101
11010000001011111011001000011011101
11010000001111111100010010111011101
11010000010011111101011101111011101
11010000010111111110101000011011101
11010000011011111111110010111011101
11010000100000000000111101011011101
11010000100100000010000111011011101
11010000100111011101111000111011101
11010000100011011111000010111011101
11010000011011100000001101011011101
11010000010111100001010111111011101
11010000010011100010100010111011101
11010000001111100011101101011011101
11010000001011100100110111111011101
11010000000111100110000010111011101
11010000000111100111001101111011101
11010000000011101000011000011011101
11001111111111101001100011011011101
11001111111111101010101110011011101
11001111111111101011111001011011101
11001111111011101101000100011011101
11001111111011101110001111011011101
11001111111011101111011010011011101
11001111100011110000100101111011101
11001111100011110001110000111011101
11001111100011110010111100011011101
11001111100011110100000111011011101
11001111100011110101010010111011101
11001111100111110110011101111011101
11001111100111110111101000111011101
11001111101011111000110100011011101
11001111101111111001111111011011101
11001111110011111011001010011011101
11001111110111111100010101011011101
11001111111011111101100000011011101
11001111111111111110101010111011101
11010000000011111111110101111011101
11010000000100000001000000011011101
11010000001100000010001010111011101
11010000001111011101110101011011101
11010000000111011110111111111011101
11010000000011100000001010011011101
11001111111111100001010101011011101
11001111111011100010011111111011101
11001111110111100011101010111011101
11001111110011100100110101111011101
11001111101111100110000000111011101
11001111101011100111001011111011101
11001111100111101000010111011011101
11001111100111101001100010011011101
11001111100011101010101101011011101
11001111100011101011111000111011101
11001111100011101101000011111011101
11001111100011101110001111011011101
11001111100011101111011010011011101
11001111000111110000100101111011101
11001111000111110001110001011011101
11001111000111110010111100111011101
11001111001011110100001000011011101
11001111001011110101010011111011101
11001111001011110110011111011011101
11001111001111110111101010011011101
11001111010011111000110101111011101
11001111010011111010000001011011101
11001111010111111011001100011011101
11001111011011111100010111011011101
11001111011111111101100010111011101
11001111100011111110101101111011101
11001111100111111111111000111011101
11001111101100000001000011011011101
11001111110000000010001110011011101
11001111110011011101110001111011101
11001111101111011110111100111011101
11001111100111100000000111011011101
11001111100011100001010010011011101
11001111011111100010011101011011101
11001111011011100011101000111011101
11001111010111100100110011111011101
11001111010011100101111110111011101
11001111010011100111001010011011101
11001111001111101000010101111011101
11001111001011101001100000111011101
11001111001011101010101100011011101
11001111001011101011110111111011101
11001111000111101101000011011011101
11001111000111101110001110111011101
11001111000111101111011010011011101
11001110101011110000100101111011101
11001110101111110001110001111011101
11001110101111110010111101011011101
11001110101111110100001000111011101
11001110101111110101010100111011101
11001110110011110110100000011011101
11001110110011110111101011111011101
11001110110111111000110111011011101
11001110111011111010000010111011101
11001110111111111011001110011011101
11001111000011111100011001111011101
11001111000111111101100101011011101
11001111001011111110110000011011101
11001111001111111111111011111011101
11001111010000000001000110111011101
11001111010100000010010001111011101
11001111010111011101101110011011101
11001111010011011110111001011011101
11001111001111100000000100011011101
11001111001011100001001111111011101
11001111000111100010011010111011101
11001111000011100011100110011011101
11001110111111100100110001111011101
11001110111011100101111101011011101
11001110110111100111001000111011101
11001110110011101000010100011011101
11001110110011101001011111111011101
11001110101111101010101011011011101
11001110101111101011110111011011101
11001110101111101101000010111011101
11001110101111101110001110011011101
11001110101011101111011010011011101
11001110010011110000100101111011101
11001110010011110001110001111011101
11001110010011110010111101111011101
11001110010011110100001001111011101
11001110010111110101010101111011101
11001110010111110110100001011011101
11001110011011110111101101011011101
11001110011011111000111001011011101
11001110011111111010000100111011101
11001110100011111011010000111011101
11001110100111111100011100011011101
11001110101011111101100111111011101
11001110101111111110110011011011101
11001110110011111111111110111011101
11001110111000000001001001111011101
11001110111100000010010101011011101
11001110111111011101101010111011101
11001110111011011110110110011011101
11001110110011100000000001011011101
11001110101111100001001100111011101
11001110101011100010011000011011101
11001110100111100011100011111011101
11001110100011100100101111011011101
11001110011111100101111011011011101
11001110011011100111000110111011101
11001110011011101000010010111011101
11001110010111101001011110111011101
11001110010111101010101010011011101
11001110010011101011110110011011101
11001110010011101101000010011011101
11001110010011101110001110011011101
11001110010011101111011010011011101
11001101110111110000100110011011101
11001101110111110001110010011011101
11001101111011110010111110011011101
11001101111011110100001010111011101
11001101111011110101010110111011101
11001101111111110110100010111011101
11001101111111110111101110111011101
11001110000011111000111010111011101
11001110000111111010000110111011101
11001110001011111011010010111011101
11001110001011111100011110011011101
11001110001111111101101010011011101
11001110010111111110110101111011101
11001110011000000000000001111011101
11001110011100000001001101011011101
11001110100000000010011000111011101
11001110100011011101100111011011101
11001110011111011110110010111011101
11001110011011011111111110011011101
11001110010111100001001010011011101
11001110001111100010010101111011101
11001110001011100011100001111011101
11001110001011100100101101011011101
11001110000111100101111001011011101
11001110000011100111000101011011101
11001101111111101000010001011011101
11001101111111101001011101011011101
11001101111011101010101001011011101
11001101111011101011110101011011101
11001101111011101101000001111011101
11001101110111101110001101111011101
11001101110111101111011001111011101
11001101011111110000100110011011101
11001101011111110001110010111011101
11001101011111110010111110111011101
11001101011111110100001011011011101
11001101100011110101010111111011101
11001101100011110110100011111011101
11001101100111110111110000011011101
11001101100111111000111100011011101
11001101101011111010001000111011101
11001101101111111011010100111011101
11001101110011111100100000111011101
11001101110111111101101100111011101
11001101111011111110111000111011101
11001101111100000000000100111011101
11001110000100000001010000011011101
11001110001000000010011100011011101
11001110001011011101100011111011101
11001110000111011110101111111011101
11001101111111011111111011011011101
11001101111011100001000111011011101
11001101110111100010010011011011101
11001101110011100011011111011011101
11001101101111100100101011011011101
11001101101011100101110111011011101
11001101100111100111000011111011101
11001101100111101000001111111011101
11001101100011101001011100011011101
11001101100011101010101000011011101
11001101011111101011110100111011101
11001101011111101101000001011011101
11001101011111101110001101011011101
11001101011111101111011001111011101
