1000011101
1001011101
1011011101
1100011101
1101011101
1111011101
0000011101
0010011101
0011011101
0100011101
0110011101
0111011101
0111011101
0111011101
0111011101
0111011101
0111011101
0111011101
0111011101
0111011101
0111011101
0111011101
0111011101
0111011101
0111011101
0111011101
0111011101
0111011101
0111011101
0111011101
0111011101
0111011101
1000100011
1000100011
1000100011
1000100011
1000100011
1000100011
1000100011
1000100011
1000100011
1000100011
1000100011
1000100011
1000100001
1000100001
1000100001
1000100001
1000100001
1000100001
1000100001
1000100001
1000100001
1000100001
1000100101
1000101101
1000110001
1000110101
1000111101
1000000001
1000001001
1000001101
1000010001
1000011001
1000011101
1001011101
1011011101
1100011101
1101011101
1111011101
0000011101
0010011101
0011011101
0100011101
0110011101
0111011101
0111011101
0111011101
0111011101
0111011101
0111011101
0111011101
0111011101
0111011101
0111011101
0111011101
0111011101
0111011101
0111011101
0111011101
0111011101
0111011101
0111011101
0111011101
0111011101
0111011101
1000100011
1000100011
1000100011
1000100011
1000100011
1000100011
1000100011
1000100011
1000100011
1000100011
1000100011
1000100011
1000100011
1000100011
1000100001
1000100001
1000100001
1000100001
1000100001
1000100001
1000100001
1000100001
1000100101
1000101101
1000110001
1000110101
1000111101
1000000001
1000001001
1000001101
1000010001
1000011001
1000011101
1001011101
1011011101
1100011101
1101011101
1111011101
0000011101
0010011101
0011011101
0100011101
0110011101
0111011101
0111011101
0111011101
0111011101
0111011101
0111011101
0111011101
0111011101
0111011101
0111011101
0111011101
0111011101
0111011101
0111011101
0111011101
0111011101
0111011101
0111011101
0111011101
0111011101
0111011101
1000100011
1000100011
1000100011
1000100011
1000100011
1000100011
1000100011
1000100011
1000100011
1000100011
1000100011
1000100011
1000100011
1000100011
1000100011
1000100011
1000100011
1000100001
1000100001
1000100001
1000100001
1000100001
1000100101
1000101101
1000110001
1000110101
1000111101
1000000001
1000001001
1000001101
1000010001
1000011001
1000011101
1001011101
1011011101
1100011101
1101011101
1111011101
0000011101
0010011101
0011011101
0100011101
0110011101
0111011101
0111011101
0111011101
0111011101
0111011101
0111011101
0111011101
0111011101
0111011101
0111011101
0111011101
0111011101
0111011101
0111011101
0111011101
0111011101
0111011101
0111011101
0111011101
0111011101
0111011101
1000100011
1000100011
1000100011
1000100011
1000100011
1000100011
1000100011
1000100011
1000100011
1000100011
1000100011
1000100011
1000100011
1000100011
1000100011
1000100011
1000100011
1000100011
1000100011
1000100001
1000100001
1000100001
1000100101
1000101101
1000110001
1000110101
1000111101
1000000001
1000001001
1000001101
1000010001
1000011001
1000011101
1001011101
1011011101
1100011101
1101011101
1111011101
0000011101
0010011101
0011011101
0100011101
0110011101
0111011101
0111011101
0111011101
0111011101
0111011101
0111011101
0111011101
0111011101
0111011101
0111011101
0111011101
0111011101
0111011101
0111011101
0111011101
0111011101
0111011101
0111011101
0111011101
0111011101
0111011101
1000100010
1000100010
1000100010
1000100010
1000100010
1000100010
1000100010
1000100010
1000100010
1000100010
1000100010
1000100010
1000100010
1000100010
1000100010
1000100010
1000100010
1000100010
1000100010
1000100010
1000100010
1000100011
1000100111
1000101111
1000110011
1000110111
1000111111
1000000011
1000001011
1000001111
1000010011
1000011011
1000011111
1001011111
1011011111
1100011101
1101011101
1111011101
0000011101
0010011101
0011011101
0100011101
0110011101
0111011101
0111011101
0111011101
0111011101
0111011101
0111011101
0111011101
0111011101
0111011101
0111011101
0111011101
0111011101
0111011101
0111011101
0111011101
0111011101
0111011101
0111011101
0111011101
0111011101
0111011101
1000100010
1000100010
1000100010
1000100010
1000100010
1000100010
1000100010
1000100010
1000100010
1000100010
1000100010
1000100010
1000100010
1000100010
1000100010
1000100010
1000100010
1000100010
1000100010
1000100010
1000100010
1000100010
1000100110
1000101110
1000110011
1000110111
1000111111
1000000011
1000001011
1000001111
1000010011
1000011011
1000011111
1001011111
1011011111
1100011111
1101011111
1111011101
0000011101
0010011101
0011011101
0100011101
0110011101
0111011101
0111011101
0111011101
0111011101
0111011101
0111011101
0111011101
0111011101
0111011101
0111011101
0111011101
0111011101
0111011101
0111011101
0111011101
0111011101
0111011101
0111011101
0111011101
0111011101
0111011101
1000100010
1000100010
1000100010
1000100010
1000100010
1000100010
1000100010
1000100010
1000100010
1000100010
1000100010
1000100010
1000100010
1000100010
1000100010
1000100010
1000100010
1000100010
1000100010
1000100010
1000100010
1000100010
1000100110
1000101110
1000110010
1000110110
1000111111
1000000011
1000001011
1000001111
1000010011
1000011011
1000011111
1010011111
1011011111
1100011111
1110011111
1111011111
0000011111
0001011101
0011011101
0100011101
0101011101
0111011101
0111011101
0111011101
0111011101
0111011101
0111011101
0111011101
0111011101
0111011101
0111011101
0111011101
0111011101
0111011101
0111011101
0111011101
0111011101
0111011101
0111011101
0111011101
0111011101
0111011101
1000100010
1000100010
1000100010
1000100010
1000100010
1000100010
1000100010
1000100010
1000100010
1000100010
1000100010
1000100010
1000100010
1000100010
1000100010
1000100010
1000100010
1000100010
1000100010
1000100010
1000100010
1000100010
1000101010
1000101110
1000110010
1000111010
1000111110
1000000010
1000000111
1000001111
1000010011
1000010111
1000011101
1010011101
1011011101
1100011101
1110011101
1111011101
0000011101
0001011101
0011011101
0100011101
0101011101
0111011101
0111011101
0111011101
0111011101
0111011101
0111011101
0111011101
0111011101
0111011101
0111011101
0111011101
0111011101
0111011101
0111011101
0111011101
0111011101
0111011101
0111011101
0111011101
0111011101
0111011101
1000100001
1000100001
1000100001
1000100001
1000100001
1000100001
1000100001
1000100001
1000100001
1000100001
1000100001
1000100001
1000100001
1000100001
1000100001
1000100001
1000100001
1000100001
1000100001
1000100001
1000100001
1000100001
1000101001
1000101101
1000110001
1000111001
1000111101
1000000001
1000000101
1000001101
1000010001
1000010101
1000011101
1001011101
1011011101
1100011101
1101011101
1111011101
0000011101
0010011101
0011011101
0100011101
0110011101
0111011101
0111011101
0111011101
0111011101
0111011101
0111011101
0111011101
0111011101
0111011101
0111011101
0111011101
0111011101
0111011101
0111011101
0111011101
0111011101
0111011101
0111011101
0111011101
0111011101
0111011101
1000100001
1000100001
1000100001
1000100001
1000100001
1000100001
1000100001
1000100001
1000100001
1000100001
1000100001
1000100001
1000100001
1000100001
1000100001
1000100001
1000100001
1000100001
1000100001
1000100001
1000100001
1000100001
1000100101
1000101101
1000110001
1000110101
1000111101
1000000001
1000001001
1000001101
1000010001
1000011001
1000011101
1001011101
1011011101
1100011101
1101011101
1111011101
0000011101
0010011101
0011011101
0100011101
0110011101
0111011101
0111011101
0111011101
0111011101
0111011101
0111011101
0111011101
0111011101
0111011101
0111011101
0111011101
0111011101
0111011101
0111011101
0111011101
0111011101
0111011101
0111011101
0111011101
0111011101
0111011101
1000100001
1000100001
1000100001
1000100001
1000100001
1000100001
1000100001
1000100001
1000100001
1000100001
1000100001
1000100001
1000100001
1000100001
1000100001
1000100001
1000100001
1000100001
1000100001
1000100001
1000100001
1000100001
1000100101
1000101101
1000110001
1000110101
1000111101
1000000001
1000001001
1000001101
1000010001
1000011001
1000011101
1001011101
1011011101
1100011101
1101011101
1111011101
0000011101
0010011101
0011011101
0100011101
0110011101
0111011101
0111011101
0111011101
0111011101
0111011101
0111011101
0111011101
0111011101
0111011101
0111011101
0111011101
0111011101
0111011101
0111011101
0111011101
0111011101
0111011101
0111011101
0111011101
0111011101
0111011101
1000100001
1000100001
1000100001
1000100001
1000100001
1000100001
1000100001
1000100001
1000100001
1000100001
1000100001
1000100001
1000100001
1000100001
1000100001
1000100001
1000100001
1000100001
1000100001
1000100001
1000100001
1000100001
1000100101
1000101101
1000110001
1000110101
1000111101
1000000001
1000001001
1000001101
1000010001
1000011001
1000011101
1001011101
1011011101
1100011101
1101011101
1111011101
0000011101
0010011101
0011011101
0100011101
0110011101
0111011101
0111011101
0111011101
0111011101
0111011101
0111011101
0111011101
0111011101
0111011101
0111011101
0111011101
0111011101
0111011101
0111011101
0111011101
0111011101
0111011101
0111011101
0111011101
0111011101
0111011101
1000100011
1000100011
1000100011
1000100001
1000100001
1000100001
1000100001
1000100001
1000100001
1000100001
1000100001
1000100001
1000100001
1000100001
1000100001
1000100001
1000100001
1000100001
1000100001
1000100001
1000100001
1000100001
1000100101
1000101101
1000110001
1000110101
1000111101
1000000001
1000001001
1000001101
1000010001
1000011001
1000011101
1001011101
1011011101
1100011101
1101011101
1111011101
0000011101
0010011101
0011011101
0100011101
0110011101
0111011101
0111011101
0111011101
0111011101
0111011101
0111011101
0111011101
0111011101
0111011101
0111011101
0111011101
0111011101
0111011101
0111011101
0111011101
0111011101
0111011101
0111011101
0111011101
0111011101
0111011101
1000100011
1000100011
1000100011
1000100011
1000100011
1000100001
1000100001
1000100001
1000100001
1000100001
1000100001
1000100001
1000100001
1000100001
1000100001
1000100001
1000100001
1000100001
1000100001
1000100001
1000100001
1000100001
1000100101
1000101101
1000110001
1000110101
1000111101
1000000001
1000001001
1000001101
1000010001
1000011001
1000011101
1001011101
1011011101
1100011101
1101011101
1111011101
0000011101
0010011101
0011011101
0100011101
0110011101
0111011101
0111011101
0111011101
0111011101
0111011101
0111011101
0111011101
0111011101
0111011101
0111011101
0111011101
0111011101
0111011101
0111011101
0111011101
0111011101
0111011101
0111011101
0111011101
0111011101
0111011101
1000100011
1000100011
1000100011
1000100011
1000100011
1000100011
1000100011
1000100001
1000100001
1000100001
1000100001
1000100001
1000100001
1000100001
1000100001
1000100001
1000100001
1000100001
1000100001
1000100001
1000100001
1000100001
1000100101
1000101101
1000110001
1000110101
1000111101
1000000001
1000001001
1000001101
1000010001
1000011001
1000011101
1001011101
1011011101
1100011101
1101011101
1111011101
0000011101
0010011101
0011011101
0100011101
0110011101
0111011101
0111011101
0111011101
0111011101
0111011101
0111011101
0111011101
0111011101
0111011101
0111011101
0111011101
0111011101
0111011101
0111011101
0111011101
0111011101
0111011101
0111011101
0111011101
0111011101
0111011101
1000100011
1000100011
1000100011
1000100011
1000100011
1000100011
1000100011
1000100011
1000100011
1000100011
1000100001
1000100001
1000100001
1000100001
1000100001
1000100001
1000100001
1000100001
1000100001
1000100001
1000100001
1000100001
1000100101
1000101101
1000110001
1000110101
1000111101
1000000001
1000001001
1000001101
1000010001
1000011001
